#!ascii label  , from subject _151 vox2ras=TkReg
1933
87122  -40.505  -2.602  31.932 0.0000000000
110227  -54.110  13.313  26.576 0.0000000000
96497  -48.815  4.926  29.775 0.0000000000
63579  -11.134  -18.709  54.415 0.0000000000
85762  -39.899  -3.525  38.003 0.0000000000
62259  -29.865  -20.948  52.344 0.0000000000
63673  -38.885  -18.587  51.014 0.0000000000
72884  -45.814  -12.066  46.354 0.0000000000
83105  -45.249  -5.462  45.297 0.0000000000
68303  -19.848  -16.092  46.947 0.0000000000
65111  -24.261  -19.134  53.882 0.0000000000
63754  -25.132  -17.960  47.062 0.0000000000
63783  -35.257  -18.897  45.780 0.0000000000
66804  -41.819  -16.289  46.051 0.0000000000
91048  -42.731  -0.829  40.085 0.0000000000
91080  -46.287  0.624  37.477 0.0000000000
101820  -52.916  8.580  28.503 0.0000000000
91165  -44.229  0.813  30.253 0.0000000000
106332  -53.462  10.787  22.732 0.0000000000
59427  -8.659  -21.592  57.602 0.0000000000
88288  -42.327  -1.396  43.768 0.0000000000
88388  -37.943  -1.876  35.485 0.0000000000
60977  -30.105  -20.677  45.896 0.0000000000
55152  -35.393  -24.093  50.947 0.0000000000
96419  -48.845  4.164  34.889 0.0000000000
110328  -61.139  14.649  17.693 0.0000000000
72931  -44.549  -12.806  43.482 0.0000000000
77282  -44.927  -9.569  42.701 0.0000000000
66771  -22.321  -16.528  46.499 0.0000000000
66851  -39.538  -16.594  42.931 0.0000000000
69990  -42.278  -14.737  43.617 0.0000000000
71467  -43.862  -13.805  46.101 0.0000000000
88380  -41.875  -2.029  36.198 0.0000000000
91069  -44.601  -0.147  38.590 0.0000000000
89761  -43.998  -0.786  35.285 0.0000000000
106277  -53.898  11.613  27.708 0.0000000000
106203  -54.486  11.710  31.127 0.0000000000
111588  -56.488  15.322  26.644 0.0000000000
59521  -10.328  -21.318  52.218 0.0000000000
62185  -9.984  -19.623  56.139 0.0000000000
85716  -43.302  -3.787  41.736 0.0000000000
86942  -44.738  -2.962  44.389 0.0000000000
86998  -41.032  -2.316  40.008 0.0000000000
89686  -39.218  -0.356  39.236 0.0000000000
87040  -37.808  -2.560  36.632 0.0000000000
62256  -27.409  -19.492  52.897 0.0000000000
63548  -27.367  -19.241  56.530 0.0000000000
63573  -30.052  -20.214  56.637 0.0000000000
59453  -31.733  -22.508  55.529 0.0000000000
63829  -27.633  -18.937  43.066 0.0000000000
63833  -30.906  -18.279  43.024 0.0000000000
63722  -37.148  -19.013  48.656 0.0000000000
60926  -35.685  -21.291  48.189 0.0000000000
60874  -37.614  -20.902  50.845 0.0000000000
58106  -37.014  -23.278  53.691 0.0000000000
65155  -14.650  -17.631  50.198 0.0000000000
68180  -16.748  -15.737  53.558 0.0000000000
69746  -17.203  -15.322  56.748 0.0000000000
93872  -46.249  2.852  29.611 0.0000000000
93809  -47.180  2.321  32.535 0.0000000000
97782  -48.808  5.108  32.439 0.0000000000
111719  -61.725  15.981  15.746 0.0000000000
68075  -10.191  -16.515  57.896 0.0000000000
75732  -45.313  -10.600  49.542 0.0000000000
80160  -44.856  -7.632  49.040 0.0000000000
78654  -45.418  -8.964  46.261 0.0000000000
81792  -44.109  -6.592  42.399 0.0000000000
66679  -19.382  -16.473  50.445 0.0000000000
66629  -21.959  -17.908  53.732 0.0000000000
65157  -21.824  -17.525  50.468 0.0000000000
63687  -24.615  -19.154  50.731 0.0000000000
62324  -26.940  -19.679  49.676 0.0000000000
65299  -33.477  -17.664  43.542 0.0000000000
65320  -35.935  -17.084  42.754 0.0000000000
63786  -38.788  -18.204  45.643 0.0000000000
65198  -40.399  -17.975  48.124 0.0000000000
66715  -42.222  -15.581  49.093 0.0000000000
71388  -43.824  -13.171  49.405 0.0000000000
66749  -17.570  -16.508  47.533 0.0000000000
93623  -43.603  0.742  44.470 0.0000000000
96222  -45.973  2.975  46.616 0.0000000000
92283  -45.090  1.189  43.204 0.0000000000
93668  -46.719  2.346  41.360 0.0000000000
99141  -51.054  6.166  28.262 0.0000000000
100406  -50.363  7.125  31.577 0.0000000000
103244  -52.663  9.539  31.764 0.0000000000
53629  -5.383  -25.194  60.734 0.0000000000
89844  -42.814  -0.940  31.169 0.0000000000
92555  -43.441  1.762  27.903 0.0000000000
97880  -47.502  4.984  25.928 0.0000000000
100484  -49.727  7.003  26.464 0.0000000000
103332  -50.805  9.437  26.321 0.0000000000
104866  -52.400  10.798  25.183 0.0000000000
107559  -53.685  12.293  25.319 0.0000000000
104891  -51.534  10.192  22.800 0.0000000000
63510  -8.539  -18.839  59.037 0.0000000000
62097  -6.708  -19.992  60.450 0.0000000000
59391  -5.846  -22.435  60.676 0.0000000000
88147  -45.799  -2.213  49.520 0.0000000000
84337  -44.692  -4.722  48.286 0.0000000000
85621  -44.666  -2.739  47.977 0.0000000000
89581  -43.024  -0.230  45.927 0.0000000000
90992  -41.746  -0.339  42.412 0.0000000000
89728  -40.209  -1.445  37.878 0.0000000000
87083  -39.265  -2.583  33.559 0.0000000000
65038  -25.049  -18.172  57.831 0.0000000000
62387  -27.638  -19.040  46.131 0.0000000000
60901  -30.229  -21.077  49.265 0.0000000000
62419  -33.552  -19.823  45.724 0.0000000000
58222  -32.651  -22.545  48.414 0.0000000000
58178  -32.276  -22.934  51.507 0.0000000000
55068  -34.473  -24.731  53.969 0.0000000000
60849  -11.556  -19.908  51.870 0.0000000000
63660  -13.048  -18.526  51.452 0.0000000000
65107  -12.752  -17.168  53.660 0.0000000000
91127  -45.480  0.571  33.339 0.0000000000
93734  -47.863  1.896  35.864 0.0000000000
96396  -49.967  3.924  37.142 0.0000000000
100362  -50.126  7.592  34.637 0.0000000000
107562  -55.962  12.695  23.970 0.0000000000
110276  -58.151  13.998  22.798 0.0000000000
111681  -59.724  15.650  21.214 0.0000000000
107626  -59.602  13.122  19.481 0.0000000000
113227  -60.950  16.124  19.794 0.0000000000
72983  -43.274  -12.199  42.047 0.0000000000
75851  -44.113  -11.238  42.179 0.0000000000
74475  -42.253  -11.575  40.627 0.0000000000
70009  -40.672  -14.774  41.753 0.0000000000
71543  -42.252  -13.859  42.562 0.0000000000
71517  -43.288  -13.852  43.744 0.0000000000
88413  -41.812  -2.130  34.625 0.0000000000
88394  -42.967  -1.775  35.218 0.0000000000
88437  -42.573  -1.712  33.808 0.0000000000
108862  -53.786  12.971  27.165 0.0000000000
107489  -55.394  12.957  29.072 0.0000000000
110187  -55.447  14.246  28.448 0.0000000000
113076  -55.767  15.214  27.764 0.0000000000
110229  -55.396  14.357  26.663 0.0000000000
60807  -10.321  -20.013  53.966 0.0000000000
60806  -10.051  -20.611  54.388 0.0000000000
62186  -10.299  -19.325  55.570 0.0000000000
85741  -41.396  -3.282  39.513 0.0000000000
86989  -42.999  -3.096  40.978 0.0000000000
87007  -39.982  -2.469  39.259 0.0000000000
87018  -38.806  -1.930  38.764 0.0000000000
85774  -38.319  -2.952  37.087 0.0000000000
68140  -19.741  -16.437  55.796 0.0000000000
62258  -29.071  -20.154  52.637 0.0000000000
63620  -28.745  -19.538  54.616 0.0000000000
62213  -30.270  -20.752  54.641 0.0000000000
62179  -31.092  -21.451  55.539 0.0000000000
62238  -31.088  -21.420  54.040 0.0000000000
63690  -37.864  -18.907  49.880 0.0000000000
62329  -37.193  -20.178  49.377 0.0000000000
63671  -38.139  -19.846  50.800 0.0000000000
60839  -38.000  -21.289  51.843 0.0000000000
66662  -18.034  -16.345  51.553 0.0000000000
68182  -18.268  -16.146  53.390 0.0000000000
68138  -18.169  -15.860  55.404 0.0000000000
89519  -47.010  -0.769  48.092 0.0000000000
95201  -47.364  3.524  29.361 0.0000000000
95165  -47.588  3.664  31.337 0.0000000000
96479  -48.579  5.232  30.905 0.0000000000
74332  -45.686  -11.395  48.478 0.0000000000
77206  -45.560  -9.719  47.552 0.0000000000
75795  -46.003  -10.422  46.277 0.0000000000
78723  -44.383  -8.436  42.330 0.0000000000
81807  -43.528  -7.188  41.247 0.0000000000
83178  -43.020  -5.719  40.226 0.0000000000
66728  -19.574  -16.330  48.569 0.0000000000
66681  -20.485  -17.084  50.425 0.0000000000
66729  -20.573  -16.233  48.327 0.0000000000
65232  -23.398  -17.349  46.341 0.0000000000
63717  -23.344  -18.332  48.357 0.0000000000
63718  -24.240  -18.573  48.505 0.0000000000
62323  -25.650  -19.448  49.660 0.0000000000
62347  -26.339  -19.280  48.492 0.0000000000
66882  -34.582  -16.594  41.285 0.0000000000
66802  -40.752  -16.892  44.659 0.0000000000
65283  -38.513  -17.647  44.270 0.0000000000
65239  -40.336  -17.784  46.104 0.0000000000
63743  -40.002  -18.444  47.177 0.0000000000
65217  -41.186  -17.424  47.272 0.0000000000
65180  -41.384  -16.764  48.903 0.0000000000
66758  -42.260  -16.056  47.562 0.0000000000
71449  -44.462  -13.111  46.523 0.0000000000
71428  -43.955  -13.495  48.005 0.0000000000
72844  -45.075  -12.359  48.279 0.0000000000
72795  -45.109  -12.129  50.083 0.0000000000
68301  -18.249  -16.161  47.377 0.0000000000
92318  -43.044  0.019  42.524 0.0000000000
93641  -44.115  0.717  44.066 0.0000000000
91007  -43.675  0.204  41.445 0.0000000000
91079  -45.747  0.373  37.885 0.0000000000
92367  -45.964  1.068  40.147 0.0000000000
92379  -46.632  1.142  38.916 0.0000000000
93685  -47.637  2.195  40.155 0.0000000000
92380  -47.302  1.455  38.409 0.0000000000
100453  -52.479  7.729  28.594 0.0000000000
101803  -51.901  7.956  30.218 0.0000000000
103283  -52.992  9.149  30.455 0.0000000000
108761  -55.281  13.029  31.887 0.0000000000
99170  -49.028  6.104  26.335 0.0000000000
100482  -47.316  6.759  25.859 0.0000000000
103342  -48.981  8.933  24.978 0.0000000000
103355  -49.802  9.553  24.744 0.0000000000
104856  -51.471  10.484  25.599 0.0000000000
104876  -50.691  9.883  23.809 0.0000000000
106306  -52.069  10.511  24.319 0.0000000000
58097  -8.996  -22.401  55.497 0.0000000000
59426  -7.923  -22.082  57.818 0.0000000000
69676  -9.836  -15.655  59.732 0.0000000000
65007  -9.413  -17.787  58.392 0.0000000000
66510  -8.780  -16.952  60.087 0.0000000000
64964  -5.851  -18.247  61.127 0.0000000000
62090  -6.098  -19.885  61.118 0.0000000000
60717  -6.316  -21.153  60.585 0.0000000000
59393  -6.688  -21.447  61.281 0.0000000000
56479  -6.211  -23.360  61.962 0.0000000000
81739  -45.158  -6.567  46.721 0.0000000000
81708  -44.752  -6.666  48.521 0.0000000000
83087  -45.203  -5.597  46.342 0.0000000000
86954  -42.788  -1.799  43.396 0.0000000000
85668  -44.772  -2.691  46.115 0.0000000000
86927  -43.921  -1.527  45.537 0.0000000000
88208  -44.107  -1.028  46.889 0.0000000000
88250  -42.629  -1.015  44.796 0.0000000000
90954  -42.462  -0.063  44.384 0.0000000000
89637  -41.338  -0.522  42.613 0.0000000000
89726  -38.860  -1.414  37.724 0.0000000000
89709  -39.832  -0.828  38.475 0.0000000000
88377  -39.310  -1.770  36.291 0.0000000000
88390  -39.652  -1.991  35.408 0.0000000000
87064  -38.405  -2.189  34.170 0.0000000000
65109  -22.465  -18.240  53.699 0.0000000000
65073  -23.258  -17.934  55.875 0.0000000000
65074  -24.457  -18.216  55.702 0.0000000000
63803  -28.926  -19.513  44.085 0.0000000000
62433  -27.933  -19.574  44.550 0.0000000000
62414  -29.202  -20.194  45.711 0.0000000000
62371  -29.076  -20.189  48.011 0.0000000000
60937  -29.993  -21.283  47.215 0.0000000000
65279  -34.539  -17.904  44.275 0.0000000000
63807  -33.267  -18.738  44.717 0.0000000000
63782  -34.121  -19.237  45.741 0.0000000000
58208  -35.885  -22.572  49.115 0.0000000000
58242  -34.296  -22.337  47.951 0.0000000000
56669  -33.888  -23.263  49.543 0.0000000000
58192  -32.432  -22.819  50.279 0.0000000000
56641  -33.678  -23.994  51.413 0.0000000000
55118  -33.657  -24.219  53.185 0.0000000000
55119  -34.590  -24.373  52.808 0.0000000000
69816  -41.761  -15.332  52.150 0.0000000000
65154  -13.732  -17.927  50.705 0.0000000000
66657  -13.553  -17.231  52.437 0.0000000000
63634  -12.883  -18.233  52.133 0.0000000000
69725  -16.753  -14.898  57.598 0.0000000000
91150  -43.868  0.205  30.750 0.0000000000
89824  -44.105  -0.039  32.230 0.0000000000
91140  -45.312  0.775  32.345 0.0000000000
95106  -48.472  3.594  34.360 0.0000000000
93762  -47.566  2.212  34.226 0.0000000000
95089  -48.613  3.484  35.246 0.0000000000
95056  -49.041  3.134  37.093 0.0000000000
96405  -49.552  4.155  36.593 0.0000000000
101753  -51.274  8.713  33.051 0.0000000000
100374  -50.271  7.605  33.649 0.0000000000
101723  -50.880  8.626  34.703 0.0000000000
106321  -53.382  10.978  23.782 0.0000000000
108897  -55.037  12.704  24.771 0.0000000000
107572  -54.850  11.930  23.823 0.0000000000
108919  -57.032  12.754  22.762 0.0000000000
108929  -57.971  13.049  21.961 0.0000000000
110287  -58.785  14.474  21.869 0.0000000000
108944  -58.766  13.581  21.081 0.0000000000
107647  -59.573  12.477  17.543 0.0000000000
107637  -58.816  12.290  18.385 0.0000000000
107639  -60.501  13.247  18.416 0.0000000000
110315  -60.393  14.805  19.392 0.0000000000
111706  -61.114  15.576  18.204 0.0000000000
113245  -61.655  16.297  17.698 0.0000000000
113254  -63.138  16.255  16.704 0.0000000000
72913  -45.571  -12.221  44.749 0.0000000000
75820  -45.904  -10.552  44.850 0.0000000000
75852  -44.638  -10.822  42.458 0.0000000000
77295  -43.665  -9.479  41.469 0.0000000000
68305  -21.123  -15.963  47.190 0.0000000000
68439  -39.422  -15.874  41.793 0.0000000000
68423  -41.267  -15.634  43.430 0.0000000000
68370  -41.834  -15.872  45.010 0.0000000000
68372  -42.885  -15.319  46.205 0.0000000000
69966  -43.157  -14.514  44.740 0.0000000000
71491  -44.630  -13.086  44.499 0.0000000000
89712  -42.820  -1.527  38.562 0.0000000000
91049  -43.716  -0.231  39.556 0.0000000000
89731  -43.334  -1.650  37.191 0.0000000000
89732  -44.323  -0.906  37.268 0.0000000000
91085  -44.822  -0.415  36.226 0.0000000000
103325  -53.426  9.776  28.222 0.0000000000
104803  -53.879  10.127  29.475 0.0000000000
106236  -54.428  11.208  29.135 0.0000000000
108800  -55.452  12.780  30.378 0.0000000000
111604  -57.812  15.551  25.869 0.0000000000
59480  -9.671  -21.453  54.875 0.0000000000
60776  -9.376  -20.918  56.622 0.0000000000
84429  -44.741  -4.393  43.019 0.0000000000
84391  -45.401  -4.437  44.726 0.0000000000
85696  -44.293  -3.670  42.862 0.0000000000
86974  -43.008  -2.571  42.050 0.0000000000
86972  -41.257  -1.363  41.910 0.0000000000
88306  -40.507  -0.719  41.951 0.0000000000
86996  -39.259  -1.635  40.264 0.0000000000
88353  -38.632  -1.672  38.345 0.0000000000
88375  -37.677  -2.076  36.278 0.0000000000
63644  -25.945  -19.705  53.330 0.0000000000
63567  -26.242  -19.195  55.423 0.0000000000
63591  -27.623  -19.446  54.761 0.0000000000
63550  -29.242  -19.951  56.188 0.0000000000
58064  -32.576  -23.175  57.281 0.0000000000
63831  -29.257  -19.032  42.699 0.0000000000
62436  -30.882  -19.882  44.301 0.0000000000
63760  -36.140  -19.055  46.940 0.0000000000
62394  -35.405  -19.643  47.147 0.0000000000
62352  -36.518  -19.812  48.587 0.0000000000
60904  -37.228  -21.119  49.595 0.0000000000
58194  -36.854  -22.614  50.468 0.0000000000
56627  -36.096  -23.481  52.031 0.0000000000
58148  -37.342  -22.545  52.267 0.0000000000
65173  -15.752  -17.283  48.864 0.0000000000
66697  -15.460  -17.323  49.836 0.0000000000
68179  -15.796  -15.706  53.662 0.0000000000
68156  -15.520  -15.694  54.563 0.0000000000
68137  -17.128  -15.633  55.590 0.0000000000
93870  -45.066  1.832  30.018 0.0000000000
92489  -45.706  1.402  31.623 0.0000000000
95142  -47.404  2.849  31.815 0.0000000000
95143  -48.070  3.487  32.253 0.0000000000
96429  -49.284  4.878  33.737 0.0000000000
106349  -53.511  10.835  21.595 0.0000000000
106333  -54.322  11.044  22.530 0.0000000000
106367  -53.667  11.030  20.509 0.0000000000
108983  -61.295  13.907  16.114 0.0000000000
111712  -61.314  15.902  16.782 0.0000000000
108993  -61.518  13.932  15.187 0.0000000000
111733  -61.979  16.149  14.869 0.0000000000
66589  -11.716  -17.022  55.677 0.0000000000
65047  -10.455  -17.841  56.335 0.0000000000
78576  -44.726  -8.578  51.612 0.0000000000
77190  -45.202  -9.276  49.128 0.0000000000
78633  -44.997  -8.330  47.533 0.0000000000
80214  -45.124  -7.387  45.253 0.0000000000
77257  -45.610  -9.140  44.623 0.0000000000
80229  -45.034  -7.326  44.225 0.0000000000
81785  -44.907  -6.358  43.744 0.0000000000
83149  -43.862  -5.552  42.035 0.0000000000
84485  -42.544  -4.623  39.771 0.0000000000
66646  -19.622  -16.794  52.351 0.0000000000
66627  -20.428  -17.093  53.359 0.0000000000
66647  -20.470  -17.129  52.175 0.0000000000
65125  -21.998  -17.732  52.271 0.0000000000
63640  -23.034  -18.608  52.056 0.0000000000
66731  -21.865  -17.061  48.640 0.0000000000
65159  -23.000  -18.296  50.349 0.0000000000
63668  -24.487  -19.407  51.866 0.0000000000
63689  -25.865  -19.676  51.910 0.0000000000
62281  -27.445  -19.829  51.900 0.0000000000
62283  -29.227  -20.373  51.407 0.0000000000
65300  -34.632  -17.423  43.464 0.0000000000
65280  -35.551  -17.754  44.194 0.0000000000
66849  -37.288  -16.957  42.810 0.0000000000
65282  -37.456  -17.709  44.022 0.0000000000
63785  -37.631  -18.343  45.407 0.0000000000
63741  -38.150  -18.563  47.467 0.0000000000
63724  -38.881  -18.487  48.238 0.0000000000
65160  -39.040  -17.947  50.370 0.0000000000
65128  -39.557  -17.622  51.780 0.0000000000
65162  -40.496  -16.830  50.556 0.0000000000
66688  -41.620  -15.829  50.423 0.0000000000
69835  -42.429  -14.641  51.227 0.0000000000
68319  -43.158  -14.786  47.254 0.0000000000
69869  -43.346  -13.904  49.580 0.0000000000
71352  -43.403  -13.540  50.919 0.0000000000
72775  -43.973  -12.758  50.916 0.0000000000
66725  -16.930  -16.756  48.462 0.0000000000
92196  -43.853  1.244  47.279 0.0000000000
93608  -44.655  1.755  45.826 0.0000000000
94959  -45.444  2.551  45.392 0.0000000000
94971  -45.913  2.797  44.162 0.0000000000
91028  -45.022  0.642  40.665 0.0000000000
93658  -45.896  2.061  42.141 0.0000000000
97853  -49.896  5.162  28.887 0.0000000000
97818  -49.656  5.857  30.718 0.0000000000
99113  -50.712  6.682  30.346 0.0000000000
101772  -51.601  8.474  31.974 0.0000000000
103208  -51.967  9.850  33.263 0.0000000000
104775  -53.549  10.452  31.393 0.0000000000
104747  -52.821  10.914  32.894 0.0000000000
87140  -40.607  -2.614  30.866 0.0000000000
88479  -41.892  -1.868  32.328 0.0000000000
88521  -40.869  -2.297  29.759 0.0000000000
89893  -42.339  -0.857  29.769 0.0000000000
89894  -43.079  -0.118  29.400 0.0000000000
92533  -43.766  1.246  29.187 0.0000000000
93879  -44.719  2.124  29.130 0.0000000000
95199  -46.003  2.821  28.915 0.0000000000
96510  -47.080  3.575  27.901 0.0000000000
96528  -48.723  4.330  27.649 0.0000000000
97865  -49.709  4.980  27.679 0.0000000000
99156  -51.029  6.431  27.559 0.0000000000
101834  -51.173  7.945  26.996 0.0000000000
100499  -48.241  7.919  25.502 0.0000000000
101847  -49.936  8.062  26.165 0.0000000000
103333  -51.363  9.280  26.884 0.0000000000
106275  -52.010  10.514  26.848 0.0000000000
106291  -52.504  11.559  26.403 0.0000000000
107542  -52.978  12.215  26.313 0.0000000000
108885  -53.915  12.958  25.780 0.0000000000
107558  -53.308  12.003  25.323 0.0000000000
106320  -52.664  10.682  23.841 0.0000000000
104892  -52.203  10.344  22.929 0.0000000000
106347  -51.320  10.527  21.163 0.0000000000
63540  -9.810  -18.819  56.848 0.0000000000
62151  -9.553  -19.534  57.243 0.0000000000
62149  -8.954  -20.512  58.476 0.0000000000
64978  -7.742  -18.119  60.556 0.0000000000
62114  -7.737  -19.444  59.416 0.0000000000
62132  -7.660  -20.688  59.287 0.0000000000
60741  -7.050  -21.316  59.347 0.0000000000
59402  -5.728  -22.663  59.856 0.0000000000
58048  -5.226  -23.225  59.823 0.0000000000
56490  -5.312  -23.447  61.012 0.0000000000
89505  -45.757  -1.039  48.764 0.0000000000
84296  -44.834  -4.542  50.092 0.0000000000
85646  -45.120  -3.543  46.569 0.0000000000
85622  -44.848  -3.701  47.626 0.0000000000
86844  -44.047  -2.124  49.004 0.0000000000
88171  -44.005  -0.950  48.103 0.0000000000
90876  -43.976  0.170  47.572 0.0000000000
92233  -43.190  0.560  45.457 0.0000000000
92279  -42.756  0.272  43.404 0.0000000000
91025  -42.147  -0.509  40.928 0.0000000000
91023  -39.934  0.161  40.505 0.0000000000
91046  -40.554  -0.027  39.758 0.0000000000
89711  -41.595  -1.411  38.876 0.0000000000
88367  -41.512  -1.983  37.078 0.0000000000
87052  -40.693  -2.507  35.006 0.0000000000
87103  -39.870  -2.735  32.714 0.0000000000
85800  -36.391  -3.257  35.649 0.0000000000
85786  -36.125  -2.867  35.786 0.0000000000
87049  -36.392  -2.231  35.269 0.0000000000
87063  -36.621  -1.993  34.486 0.0000000000
87081  -37.274  -2.214  33.619 0.0000000000
87101  -37.889  -2.741  32.520 0.0000000000
87120  -38.703  -2.959  31.488 0.0000000000
87121  -39.726  -2.879  31.709 0.0000000000
65039  -26.303  -18.499  57.463 0.0000000000
65276  -25.008  -17.797  44.835 0.0000000000
63778  -26.301  -18.667  45.272 0.0000000000
63737  -26.348  -18.628  47.084 0.0000000000
62348  -27.569  -19.780  48.569 0.0000000000
62326  -28.890  -20.289  49.656 0.0000000000
62284  -29.784  -20.845  50.985 0.0000000000
65298  -32.349  -17.886  43.419 0.0000000000
63806  -32.198  -19.281  44.681 0.0000000000
60979  -31.774  -20.790  45.479 0.0000000000
62373  -34.415  -20.436  47.056 0.0000000000
59607  -33.416  -22.199  47.074 0.0000000000
59630  -31.782  -21.807  46.746 0.0000000000
59588  -31.197  -22.040  48.621 0.0000000000
59544  -31.120  -22.014  50.947 0.0000000000
59527  -31.015  -22.073  51.927 0.0000000000
58147  -32.230  -22.844  53.894 0.0000000000
56594  -33.037  -23.555  54.405 0.0000000000
60848  -11.119  -20.481  52.051 0.0000000000
62226  -11.153  -19.280  53.234 0.0000000000
63697  -13.532  -18.909  49.150 0.0000000000
62293  -12.496  -19.557  50.093 0.0000000000
63659  -12.553  -19.211  51.201 0.0000000000
65123  -12.265  -18.263  53.118 0.0000000000
63580  -11.688  -18.286  54.168 0.0000000000
66590  -12.172  -16.553  55.325 0.0000000000
69760  -15.714  -15.503  56.149 0.0000000000
89802  -43.589  -0.722  33.414 0.0000000000
91099  -44.833  -0.167  34.913 0.0000000000
92409  -46.143  0.709  36.091 0.0000000000
92439  -46.738  1.564  33.539 0.0000000000
92423  -46.948  1.508  34.573 0.0000000000
92398  -47.419  1.502  36.364 0.0000000000
93724  -48.547  2.274  37.081 0.0000000000
99085  -49.708  6.494  32.275 0.0000000000
99077  -49.561  6.231  33.350 0.0000000000
99072  -49.671  6.256  34.498 0.0000000000
108886  -54.829  13.190  25.327 0.0000000000
108887  -55.928  13.718  25.215 0.0000000000
110257  -57.822  14.721  24.736 0.0000000000
107573  -55.549  12.049  23.338 0.0000000000
108910  -57.090  13.121  23.260 0.0000000000
110269  -58.562  15.130  23.968 0.0000000000
111667  -59.062  15.349  22.697 0.0000000000
113178  -60.065  16.199  21.894 0.0000000000
107613  -57.934  12.330  20.171 0.0000000000
108957  -59.462  13.757  20.005 0.0000000000
111693  -60.289  15.625  20.008 0.0000000000
113246  -62.371  16.433  17.560 0.0000000000
72982  -42.520  -12.623  41.789 0.0000000000
74452  -42.762  -11.633  41.132 0.0000000000
71564  -41.227  -13.703  41.435 0.0000000000
72981  -41.755  -13.038  41.483 0.0000000000
72957  -42.806  -13.157  42.532 0.0000000000
87105  -41.401  -2.313  32.998 0.0000000000
88436  -42.128  -2.036  34.034 0.0000000000
88458  -42.048  -1.990  33.317 0.0000000000
110207  -54.106  13.144  27.083 0.0000000000
108840  -54.309  13.126  27.459 0.0000000000
110186  -54.792  13.648  27.626 0.0000000000
111554  -55.383  14.438  27.865 0.0000000000
111574  -55.506  14.628  27.608 0.0000000000
111575  -55.682  14.896  27.347 0.0000000000
110228  -54.722  13.787  26.597 0.0000000000
62225  -10.799  -19.554  53.735 0.0000000000
62202  -10.489  -19.536  54.694 0.0000000000
85749  -40.316  -3.298  38.659 0.0000000000
87008  -40.742  -3.056  39.278 0.0000000000
87020  -39.686  -3.043  38.497 0.0000000000
87031  -38.835  -2.808  37.692 0.0000000000
85761  -39.348  -3.146  37.852 0.0000000000
66592  -19.894  -16.686  55.407 0.0000000000
66607  -20.109  -17.170  54.506 0.0000000000
62236  -29.577  -20.418  53.800 0.0000000000
62214  -30.890  -21.187  54.517 0.0000000000
62237  -30.543  -21.113  53.593 0.0000000000
63691  -38.461  -18.478  50.204 0.0000000000
63672  -38.250  -19.304  50.693 0.0000000000
63646  -38.588  -19.226  51.550 0.0000000000
63621  -38.865  -19.058  52.160 0.0000000000
68160  -19.012  -16.224  54.771 0.0000000000
96496  -48.079  4.078  29.602 0.0000000000
96478  -48.019  4.455  30.788 0.0000000000
74356  -45.885  -11.258  47.651 0.0000000000
75775  -45.925  -10.460  47.182 0.0000000000
80263  -42.953  -7.742  40.340 0.0000000000
80264  -43.359  -7.737  40.977 0.0000000000
68281  -20.073  -16.120  47.755 0.0000000000
65233  -24.427  -17.839  46.758 0.0000000000
65212  -24.123  -18.095  47.419 0.0000000000
63735  -24.695  -18.263  47.639 0.0000000000
63719  -25.312  -18.789  48.444 0.0000000000
63736  -25.545  -18.372  47.457 0.0000000000
66803  -41.348  -16.615  45.369 0.0000000000
65262  -40.384  -17.492  45.090 0.0000000000
65240  -41.033  -17.377  46.312 0.0000000000
65216  -40.579  -17.937  46.940 0.0000000000
66777  -41.570  -16.806  46.514 0.0000000000
66757  -41.724  -16.720  47.445 0.0000000000
66778  -42.057  -16.184  46.657 0.0000000000
72866  -45.148  -12.559  47.003 0.0000000000
72867  -45.723  -11.962  47.360 0.0000000000
72845  -45.712  -11.819  47.979 0.0000000000
68302  -19.011  -15.974  47.093 0.0000000000
68279  -18.603  -16.109  47.867 0.0000000000
91006  -42.841  -0.140  41.756 0.0000000000
92319  -43.487  0.230  42.278 0.0000000000
91026  -43.123  -0.080  40.684 0.0000000000
92388  -46.106  0.734  38.629 0.0000000000
92389  -46.506  1.043  37.916 0.0000000000
92369  -47.197  1.586  39.385 0.0000000000
101804  -52.676  8.339  29.713 0.0000000000
101821  -53.155  8.695  29.077 0.0000000000
108746  -55.248  13.151  32.889 0.0000000000
100481  -46.974  6.635  25.780 0.0000000000
104863  -50.122  9.694  24.563 0.0000000000
104875  -49.974  9.603  24.129 0.0000000000
58083  -8.742  -22.121  56.432 0.0000000000
59443  -8.386  -21.985  57.004 0.0000000000
58082  -8.036  -22.900  56.400 0.0000000000
68047  -9.290  -16.420  59.702 0.0000000000
66498  -9.132  -16.690  60.730 0.0000000000
60711  -6.363  -20.701  61.238 0.0000000000
59380  -7.146  -21.792  61.308 0.0000000000
81757  -45.155  -6.464  45.779 0.0000000000
83071  -45.058  -5.863  47.158 0.0000000000
86940  -43.500  -1.700  44.649 0.0000000000
88267  -42.727  -1.349  44.316 0.0000000000
88251  -43.198  -1.247  45.163 0.0000000000
88266  -42.186  -1.111  43.999 0.0000000000
89620  -42.061  -0.689  43.772 0.0000000000
88265  -41.660  -1.032  43.500 0.0000000000
88376  -38.510  -1.795  36.319 0.0000000000
88364  -39.048  -1.688  37.098 0.0000000000
88389  -38.800  -1.793  35.488 0.0000000000
88410  -38.321  -1.948  34.639 0.0000000000
65110  -23.574  -18.957  53.747 0.0000000000
65090  -23.496  -18.348  54.783 0.0000000000
65091  -24.554  -18.869  54.610 0.0000000000
62415  -30.339  -20.341  45.111 0.0000000000
60954  -29.656  -20.780  46.633 0.0000000000
59628  -30.409  -21.534  46.968 0.0000000000
63809  -35.448  -18.367  44.908 0.0000000000
63808  -34.407  -18.570  44.929 0.0000000000
56672  -36.044  -23.481  50.001 0.0000000000
56684  -34.948  -23.325  49.132 0.0000000000
56658  -34.683  -24.000  50.463 0.0000000000
56657  -33.654  -23.407  50.192 0.0000000000
56642  -34.451  -24.193  51.230 0.0000000000
55135  -34.618  -24.349  51.870 0.0000000000
55136  -35.454  -24.098  51.621 0.0000000000
71320  -42.239  -14.642  52.725 0.0000000000
68177  -14.051  -15.972  53.842 0.0000000000
89846  -44.125  0.175  31.494 0.0000000000
91151  -44.561  0.753  31.122 0.0000000000
96413  -49.087  3.914  35.777 0.0000000000
96414  -49.331  4.690  35.502 0.0000000000
103207  -51.585  9.420  33.777 0.0000000000
101739  -51.015  8.763  33.977 0.0000000000
106322  -54.181  11.384  23.657 0.0000000000
107596  -57.902  12.643  21.316 0.0000000000
108930  -58.369  13.380  21.629 0.0000000000
107597  -58.468  13.050  21.215 0.0000000000
108982  -60.898  13.589  16.966 0.0000000000
107648  -60.462  12.917  17.761 0.0000000000
108974  -60.928  13.738  18.113 0.0000000000
110322  -60.820  14.722  18.600 0.0000000000
113244  -61.346  16.090  18.203 0.0000000000
111711  -61.171  15.481  17.403 0.0000000000
72912  -45.229  -12.302  44.177 0.0000000000
74396  -45.461  -11.735  43.900 0.0000000000
74412  -45.105  -11.773  43.195 0.0000000000
75893  -42.800  -10.526  40.731 0.0000000000
75870  -43.758  -10.622  41.689 0.0000000000
75894  -43.349  -10.002  41.203 0.0000000000
68452  -39.823  -15.210  41.360 0.0000000000
69989  -41.665  -14.865  43.097 0.0000000000
68441  -40.837  -15.401  42.667 0.0000000000
68399  -41.591  -15.906  44.440 0.0000000000
68424  -41.832  -15.444  44.003 0.0000000000
69965  -42.600  -14.959  44.662 0.0000000000
69991  -42.813  -14.491  44.206 0.0000000000
72930  -43.910  -13.226  43.464 0.0000000000
71518  -44.098  -13.411  43.993 0.0000000000
72899  -45.275  -12.720  45.013 0.0000000000
88368  -42.352  -1.950  36.899 0.0000000000
89760  -43.434  -1.333  35.019 0.0000000000
89743  -44.032  -1.094  36.377 0.0000000000
104842  -53.400  10.451  27.811 0.0000000000
106256  -53.985  10.988  28.454 0.0000000000
106257  -54.452  11.746  28.371 0.0000000000
108801  -55.707  13.408  30.078 0.0000000000
108781  -55.664  13.661  31.237 0.0000000000
110146  -56.053  14.296  30.550 0.0000000000
111589  -57.149  15.695  26.517 0.0000000000
111603  -57.035  15.164  26.144 0.0000000000
62201  -10.198  -19.993  55.323 0.0000000000
60792  -9.747  -20.697  55.714 0.0000000000
60791  -9.275  -21.135  55.986 0.0000000000
60777  -9.725  -20.105  56.644 0.0000000000
84428  -44.265  -4.666  42.438 0.0000000000
85717  -43.823  -3.986  42.293 0.0000000000
86988  -41.947  -2.503  41.050 0.0000000000
86973  -41.891  -1.523  42.263 0.0000000000
86987  -40.876  -1.477  41.295 0.0000000000
86986  -40.138  -1.466  41.125 0.0000000000
86997  -39.796  -1.647  40.532 0.0000000000
87030  -38.534  -2.281  37.799 0.0000000000
88362  -38.389  -1.920  37.431 0.0000000000
62255  -26.626  -19.474  53.098 0.0000000000
62210  -26.906  -19.708  54.362 0.0000000000
63618  -27.904  -19.188  54.086 0.0000000000
62193  -29.386  -20.101  55.509 0.0000000000
63593  -28.841  -19.718  55.248 0.0000000000
63572  -29.678  -20.071  56.048 0.0000000000
60797  -31.444  -21.923  55.271 0.0000000000
59437  -31.689  -22.116  56.580 0.0000000000
59438  -31.710  -22.740  56.029 0.0000000000
63832  -30.176  -18.682  42.866 0.0000000000
63821  -29.890  -19.131  43.558 0.0000000000
63822  -31.128  -19.077  43.695 0.0000000000
63740  -37.229  -18.842  47.703 0.0000000000
63739  -36.705  -19.389  48.002 0.0000000000
63721  -36.817  -19.417  48.566 0.0000000000
60888  -37.440  -20.783  50.158 0.0000000000
59573  -36.750  -21.978  49.509 0.0000000000
59559  -37.234  -21.609  50.491 0.0000000000
58180  -37.098  -22.414  51.274 0.0000000000
59545  -37.357  -21.707  51.218 0.0000000000
60816  -38.034  -21.590  52.089 0.0000000000
66698  -16.059  -17.060  49.442 0.0000000000
66676  -16.489  -16.713  50.613 0.0000000000
68197  -17.037  -16.122  52.589 0.0000000000
68157  -16.461  -15.619  54.534 0.0000000000
68116  -18.750  -16.007  56.305 0.0000000000
93861  -46.324  2.532  30.366 0.0000000000
93860  -45.661  1.797  30.689 0.0000000000
96459  -48.002  4.166  31.847 0.0000000000
96443  -48.519  4.175  32.601 0.0000000000
97770  -49.139  4.658  33.090 0.0000000000
107663  -60.014  12.729  16.156 0.0000000000
108992  -60.548  13.097  15.633 0.0000000000
66575  -11.309  -16.947  56.311 0.0000000000
69677  -10.529  -15.340  59.407 0.0000000000
77168  -44.983  -10.004  50.623 0.0000000000
77179  -44.972  -9.726  49.831 0.0000000000
78634  -45.443  -8.953  47.114 0.0000000000
78617  -45.213  -9.064  47.817 0.0000000000
78653  -45.138  -8.239  46.679 0.0000000000
80198  -45.077  -7.405  46.230 0.0000000000
78674  -45.100  -8.278  45.763 0.0000000000
75835  -45.809  -10.572  44.089 0.0000000000
77270  -45.911  -10.039  44.427 0.0000000000
77269  -45.633  -9.474  43.956 0.0000000000
80249  -44.487  -7.388  42.757 0.0000000000
78709  -44.986  -8.239  43.427 0.0000000000
80241  -44.865  -7.152  43.391 0.0000000000
81793  -44.587  -6.492  42.941 0.0000000000
83150  -44.289  -6.030  42.570 0.0000000000
84468  -42.992  -4.978  40.777 0.0000000000
68200  -19.817  -17.025  51.698 0.0000000000
68219  -19.677  -16.898  51.110 0.0000000000
66682  -21.361  -17.286  50.266 0.0000000000
66666  -21.173  -17.455  50.943 0.0000000000
65141  -21.870  -17.697  51.316 0.0000000000
65126  -22.460  -18.243  52.588 0.0000000000
65142  -22.456  -18.132  51.664 0.0000000000
66751  -21.479  -16.191  47.426 0.0000000000
66752  -22.084  -16.782  47.801 0.0000000000
63700  -23.552  -18.546  49.267 0.0000000000
63699  -22.776  -18.216  48.985 0.0000000000
63686  -23.540  -18.638  50.355 0.0000000000
63667  -23.694  -18.960  51.440 0.0000000000
63669  -25.220  -19.625  52.300 0.0000000000
63688  -25.311  -19.458  51.380 0.0000000000
62302  -26.352  -19.613  51.004 0.0000000000
62303  -27.665  -19.874  50.732 0.0000000000
62282  -28.429  -19.986  51.658 0.0000000000
62304  -28.664  -20.090  50.559 0.0000000000
66866  -35.307  -16.844  42.060 0.0000000000
66865  -34.239  -16.664  42.023 0.0000000000
65319  -34.903  -17.032  42.726 0.0000000000
65301  -35.716  -17.399  43.404 0.0000000000
66850  -38.350  -16.918  42.785 0.0000000000
66868  -37.645  -16.738  42.048 0.0000000000
65261  -39.280  -17.813  45.076 0.0000000000
65259  -37.848  -17.930  44.671 0.0000000000
63811  -37.192  -18.006  44.573 0.0000000000
63761  -37.324  -18.615  46.637 0.0000000000
63762  -38.438  -18.491  46.447 0.0000000000
63725  -39.612  -18.362  47.858 0.0000000000
65197  -39.546  -18.284  48.500 0.0000000000
65177  -38.782  -18.119  49.799 0.0000000000
65178  -39.534  -18.037  49.367 0.0000000000
65161  -39.956  -17.608  50.431 0.0000000000
65179  -40.751  -17.193  49.429 0.0000000000
66714  -41.701  -16.158  49.576 0.0000000000
68272  -42.017  -15.620  50.278 0.0000000000
68253  -41.717  -15.421  50.952 0.0000000000
68273  -42.477  -15.201  49.699 0.0000000000
69943  -43.255  -14.754  45.778 0.0000000000
68345  -43.063  -15.064  46.732 0.0000000000
69922  -43.490  -14.465  46.805 0.0000000000
71409  -44.008  -13.061  48.635 0.0000000000
69886  -43.535  -13.736  48.723 0.0000000000
69851  -43.204  -14.103  50.241 0.0000000000
71369  -43.632  -13.430  50.320 0.0000000000
72794  -44.460  -12.570  50.142 0.0000000000
74302  -45.281  -11.511  49.783 0.0000000000
74277  -44.992  -11.731  50.577 0.0000000000
75712  -45.128  -10.743  50.271 0.0000000000
66678  -18.532  -16.424  50.532 0.0000000000
92234  -43.630  0.957  45.938 0.0000000000
93597  -44.017  1.358  46.410 0.0000000000
93607  -43.932  1.121  45.472 0.0000000000
93642  -44.928  1.242  44.028 0.0000000000
93625  -45.364  1.970  44.891 0.0000000000
93626  -45.678  2.467  44.365 0.0000000000
93643  -45.744  2.138  43.480 0.0000000000
91068  -43.960  -0.454  38.878 0.0000000000
91027  -44.084  0.246  40.550 0.0000000000
91050  -44.703  0.282  39.701 0.0000000000
92347  -46.383  1.656  40.548 0.0000000000
92346  -45.668  1.226  40.818 0.0000000000
93667  -46.004  1.987  41.533 0.0000000000
93659  -46.386  2.524  42.557 0.0000000000
94994  -46.911  2.902  42.259 0.0000000000
94995  -47.502  3.107  41.854 0.0000000000
93670  -48.519  3.020  40.968 0.0000000000
97854  -50.465  5.612  28.520 0.0000000000
99125  -50.331  5.875  29.625 0.0000000000
99126  -50.997  6.266  29.367 0.0000000000
101788  -52.021  8.292  30.910 0.0000000000
100425  -51.552  7.648  30.720 0.0000000000
101773  -52.248  8.835  31.565 0.0000000000
103223  -51.762  9.265  32.783 0.0000000000
103224  -52.222  9.814  32.594 0.0000000000
106218  -54.164  10.770  30.364 0.0000000000
104787  -53.840  10.260  30.412 0.0000000000
106202  -53.937  11.076  30.852 0.0000000000
106175  -53.367  11.468  33.229 0.0000000000
53628  -5.131  -24.721  60.551 0.0000000000
53643  -4.928  -25.244  59.514 0.0000000000
53636  -5.098  -25.118  60.126 0.0000000000
89923  -41.578  -1.000  28.726 0.0000000000
89924  -42.542  -0.300  28.692 0.0000000000
91199  -43.014  0.468  28.313 0.0000000000
92546  -43.475  1.292  28.526 0.0000000000
92547  -44.034  1.742  28.803 0.0000000000
92556  -43.806  1.777  28.285 0.0000000000
93894  -45.236  2.501  27.907 0.0000000000
95208  -45.877  2.656  28.039 0.0000000000
95209  -46.572  3.061  28.343 0.0000000000
96509  -46.323  3.229  27.506 0.0000000000
96527  -47.798  3.916  27.411 0.0000000000
96546  -48.310  4.232  27.006 0.0000000000
97864  -49.094  4.679  27.291 0.0000000000
97881  -48.743  4.878  26.639 0.0000000000
99171  -49.626  6.215  26.640 0.0000000000
100467  -50.249  6.687  26.732 0.0000000000
100468  -50.795  6.943  26.809 0.0000000000
103344  -50.273  9.240  25.619 0.0000000000
101861  -49.574  8.585  25.637 0.0000000000
101862  -50.166  8.569  25.913 0.0000000000
101848  -50.611  8.659  26.529 0.0000000000
104840  -51.832  9.919  26.925 0.0000000000
104849  -51.305  10.075  26.349 0.0000000000
106290  -52.008  10.843  26.383 0.0000000000
106298  -52.214  10.938  25.946 0.0000000000
106299  -52.573  11.383  25.695 0.0000000000
107549  -52.816  11.943  25.647 0.0000000000
104877  -51.545  10.261  23.693 0.0000000000
106319  -52.193  10.552  24.043 0.0000000000
104878  -52.018  10.362  23.476 0.0000000000
58067  -6.814  -23.177  57.630 0.0000000000
66573  -10.328  -17.388  56.829 0.0000000000
63541  -10.201  -18.399  56.350 0.0000000000
65046  -9.972  -17.880  56.850 0.0000000000
65006  -9.234  -18.171  58.946 0.0000000000
65026  -9.221  -18.295  58.200 0.0000000000
63524  -8.997  -18.863  58.453 0.0000000000
62150  -9.215  -19.800  58.207 0.0000000000
62134  -8.818  -19.384  58.769 0.0000000000
66497  -8.380  -17.366  60.892 0.0000000000
63478  -6.284  -18.901  60.659 0.0000000000
63479  -7.063  -18.675  60.551 0.0000000000
63496  -7.033  -19.296  60.364 0.0000000000
62113  -7.389  -20.061  59.793 0.0000000000
60727  -6.676  -20.868  59.917 0.0000000000
60716  -6.278  -21.587  60.753 0.0000000000
60725  -6.089  -21.954  60.317 0.0000000000
59398  -5.741  -22.529  60.288 0.0000000000
59390  -5.315  -23.024  60.251 0.0000000000
58044  -4.742  -23.249  60.158 0.0000000000
58034  -5.482  -22.822  61.101 0.0000000000
56480  -7.173  -23.393  62.000 0.0000000000
88148  -46.210  -2.327  49.463 0.0000000000
89493  -45.925  -1.706  49.092 0.0000000000
89492  -45.611  -1.563  49.233 0.0000000000
80145  -44.598  -7.727  50.007 0.0000000000
80132  -44.923  -7.687  50.871 0.0000000000
83058  -44.745  -5.736  47.931 0.0000000000
81696  -44.704  -6.719  49.545 0.0000000000
83045  -44.721  -5.716  48.983 0.0000000000
83029  -44.645  -5.809  50.119 0.0000000000
84316  -44.669  -4.668  49.341 0.0000000000
85685  -45.108  -3.616  44.156 0.0000000000
84371  -45.379  -4.482  45.913 0.0000000000
85669  -45.099  -3.244  45.248 0.0000000000
85645  -44.393  -2.872  46.957 0.0000000000
85598  -44.649  -3.686  48.656 0.0000000000
85597  -44.356  -2.799  48.900 0.0000000000
85573  -44.330  -2.768  49.555 0.0000000000
86863  -44.067  -2.100  48.244 0.0000000000
89582  -43.568  -0.643  46.232 0.0000000000
88191  -44.037  -0.873  47.626 0.0000000000
89517  -44.150  -0.374  47.841 0.0000000000
89560  -43.666  -0.184  46.874 0.0000000000
90914  -43.569  0.675  46.787 0.0000000000
89559  -43.344  0.241  46.383 0.0000000000
92278  -42.387  -0.050  43.110 0.0000000000
92297  -42.422  -0.170  42.709 0.0000000000
91005  -41.864  -0.404  41.836 0.0000000000
89670  -39.508  -0.328  40.182 0.0000000000
91022  -39.521  0.101  40.848 0.0000000000
89687  -39.496  -0.170  39.692 0.0000000000
91066  -40.188  -0.269  38.983 0.0000000000
89710  -40.620  -1.026  38.569 0.0000000000
91067  -40.853  -0.701  39.253 0.0000000000
89729  -41.060  -1.823  38.006 0.0000000000
88366  -40.606  -1.874  37.140 0.0000000000
87066  -39.617  -2.374  34.444 0.0000000000
88391  -40.481  -2.217  35.588 0.0000000000
87067  -40.421  -2.519  34.381 0.0000000000
87084  -40.112  -2.566  33.605 0.0000000000
85787  -36.822  -3.030  36.251 0.0000000000
85798  -34.794  -3.115  35.026 0.0000000000
87062  -35.654  -2.332  34.380 0.0000000000
87080  -36.084  -2.277  33.425 0.0000000000
87100  -36.763  -2.618  32.426 0.0000000000
66608  -21.232  -17.396  54.411 0.0000000000
66609  -21.971  -17.854  54.292 0.0000000000
65056  -24.050  -18.337  57.005 0.0000000000
63568  -26.949  -19.297  55.821 0.0000000000
65076  -26.277  -19.098  55.920 0.0000000000
65059  -26.905  -18.932  56.809 0.0000000000
62412  -27.461  -19.279  45.220 0.0000000000
63738  -26.933  -18.822  46.471 0.0000000000
62369  -27.275  -19.205  47.333 0.0000000000
62370  -28.360  -19.809  47.711 0.0000000000
60900  -29.669  -20.823  49.064 0.0000000000
60899  -29.027  -20.820  49.050 0.0000000000
60885  -29.705  -20.883  49.799 0.0000000000
62305  -29.365  -20.484  50.331 0.0000000000
60886  -30.155  -21.241  50.218 0.0000000000
65317  -32.470  -17.405  42.637 0.0000000000
63781  -33.203  -19.507  45.118 0.0000000000
63823  -32.233  -18.480  44.064 0.0000000000
63780  -32.718  -19.793  44.938 0.0000000000
62417  -32.268  -20.242  45.000 0.0000000000
62390  -32.679  -20.527  45.531 0.0000000000
62374  -35.198  -20.211  47.581 0.0000000000
62393  -34.702  -19.800  46.921 0.0000000000
60939  -34.924  -21.219  47.562 0.0000000000
58241  -33.800  -22.425  47.895 0.0000000000
59608  -34.276  -22.031  47.440 0.0000000000
58240  -33.093  -22.483  47.883 0.0000000000
59631  -32.654  -21.864  46.672 0.0000000000
59606  -32.219  -22.305  47.688 0.0000000000
59605  -31.145  -22.022  47.575 0.0000000000
59589  -32.006  -22.403  48.856 0.0000000000
58191  -31.637  -22.347  50.550 0.0000000000
58177  -31.656  -22.485  51.211 0.0000000000
58163  -31.677  -22.613  52.053 0.0000000000
59528  -31.560  -22.297  52.932 0.0000000000
58164  -32.202  -22.948  52.596 0.0000000000
55103  -33.568  -24.060  53.918 0.0000000000
55086  -33.550  -24.106  54.453 0.0000000000
56614  -36.752  -23.187  52.710 0.0000000000
55106  -36.233  -23.747  53.312 0.0000000000
56596  -36.610  -23.500  53.722 0.0000000000
66667  -39.958  -16.410  51.959 0.0000000000
62249  -11.111  -19.895  52.997 0.0000000000
62250  -11.537  -19.479  52.501 0.0000000000
65156  -15.171  -17.454  49.988 0.0000000000
65171  -14.162  -18.133  49.267 0.0000000000
65170  -13.734  -18.516  49.900 0.0000000000
63682  -13.194  -19.073  50.347 0.0000000000
62315  -12.727  -19.442  49.335 0.0000000000
63681  -12.594  -19.437  50.591 0.0000000000
65124  -12.802  -17.755  52.829 0.0000000000
63633  -12.262  -18.659  52.259 0.0000000000
63607  -11.666  -18.719  53.419 0.0000000000
65106  -12.218  -17.783  53.908 0.0000000000
66603  -12.042  -17.027  54.736 0.0000000000
66622  -12.528  -16.998  54.239 0.0000000000
68136  -16.105  -15.588  55.395 0.0000000000
69761  -16.583  -15.485  56.160 0.0000000000
96179  -46.774  3.005  47.515 0.0000000000
88480  -42.654  -1.283  31.785 0.0000000000
88459  -42.634  -1.614  32.908 0.0000000000
88481  -43.218  -0.868  32.106 0.0000000000
91126  -44.719  0.320  32.816 0.0000000000
89803  -44.144  -0.201  33.160 0.0000000000
91112  -44.821  0.071  33.800 0.0000000000
91100  -45.585  0.246  35.576 0.0000000000
91113  -45.555  0.386  34.435 0.0000000000
92464  -46.678  1.773  32.654 0.0000000000
92463  -46.127  1.171  32.773 0.0000000000
93779  -47.050  2.114  33.401 0.0000000000
93745  -47.927  2.241  35.201 0.0000000000
92424  -47.498  1.875  34.834 0.0000000000
92411  -47.413  1.672  35.417 0.0000000000
92410  -46.734  1.219  35.740 0.0000000000
93723  -48.039  1.721  37.326 0.0000000000
92399  -48.083  1.878  36.427 0.0000000000
95057  -49.704  3.488  37.328 0.0000000000
93725  -49.322  2.725  37.639 0.0000000000
93726  -49.921  2.924  37.842 0.0000000000
99097  -50.175  6.669  31.224 0.0000000000
97799  -49.453  5.953  31.584 0.0000000000
100386  -50.196  7.109  32.033 0.0000000000
100373  -49.892  7.074  32.989 0.0000000000
100361  -49.836  6.965  34.039 0.0000000000
100349  -49.624  7.002  35.051 0.0000000000
108896  -53.603  12.522  25.633 0.0000000000
107551  -54.286  12.804  25.381 0.0000000000
107561  -55.229  12.459  24.204 0.0000000000
108898  -55.611  13.062  24.633 0.0000000000
110256  -56.977  14.284  25.138 0.0000000000
108899  -56.804  13.515  24.334 0.0000000000
106334  -55.297  11.350  22.358 0.0000000000
108920  -57.588  13.110  22.563 0.0000000000
108911  -57.559  13.669  23.460 0.0000000000
110268  -57.991  14.442  23.652 0.0000000000
111653  -59.128  15.550  23.507 0.0000000000
110277  -58.582  14.846  23.057 0.0000000000
110288  -59.298  15.160  21.476 0.0000000000
111668  -59.463  15.643  22.116 0.0000000000
113203  -60.199  16.107  21.205 0.0000000000
107638  -59.877  12.842  18.741 0.0000000000
107625  -58.962  12.694  19.655 0.0000000000
107624  -57.993  12.020  19.085 0.0000000000
108956  -58.989  13.330  20.420 0.0000000000
111700  -60.823  15.493  19.169 0.0000000000
113204  -60.684  16.169  20.750 0.0000000000
113205  -61.559  16.365  20.570 0.0000000000
113252  -62.003  16.556  16.445 0.0000000000
72958  -43.631  -12.778  42.692 0.0000000000
74430  -44.366  -11.824  42.469 0.0000000000
75869  -43.222  -11.138  41.238 0.0000000000
68453  -40.309  -14.943  41.595 0.0000000000
70027  -40.934  -14.410  41.641 0.0000000000
70010  -41.311  -14.674  42.335 0.0000000000
70011  -41.888  -14.537  42.901 0.0000000000
71516  -42.684  -13.977  43.230 0.0000000000
71544  -42.902  -13.482  42.988 0.0000000000
88393  -42.197  -1.941  35.360 0.0000000000
88381  -42.758  -1.906  36.129 0.0000000000
88414  -42.461  -1.847  34.579 0.0000000000
88415  -42.989  -1.449  34.434 0.0000000000
107528  -53.740  12.524  27.299 0.0000000000
107507  -54.228  12.815  27.515 0.0000000000
108842  -55.279  13.772  28.462 0.0000000000
111556  -56.031  15.404  28.340 0.0000000000
113058  -56.345  15.777  28.264 0.0000000000
113078  -56.598  16.155  27.668 0.0000000000
113077  -56.021  15.566  27.624 0.0000000000
111587  -55.964  15.170  26.954 0.0000000000
110230  -55.946  14.676  26.465 0.0000000000
60828  -10.645  -20.649  53.308 0.0000000000
60827  -10.222  -21.178  53.667 0.0000000000
85733  -42.348  -3.409  40.431 0.0000000000
86999  -41.757  -3.034  40.118 0.0000000000
87019  -39.181  -2.451  38.476 0.0000000000
68117  -19.789  -16.415  56.446 0.0000000000
62257  -28.262  -19.738  52.770 0.0000000000
62234  -28.092  -19.371  53.610 0.0000000000
62235  -28.974  -19.581  53.856 0.0000000000
60813  -29.220  -20.053  54.469 0.0000000000
62194  -30.161  -20.466  55.748 0.0000000000
62162  -31.219  -20.760  56.597 0.0000000000
62195  -30.780  -21.029  55.279 0.0000000000
62196  -31.216  -21.459  54.986 0.0000000000
60815  -31.548  -21.948  54.695 0.0000000000
63703  -37.748  -18.885  49.150 0.0000000000
62330  -37.352  -19.282  49.397 0.0000000000
62308  -37.667  -19.600  50.114 0.0000000000
62307  -37.683  -20.251  50.377 0.0000000000
60858  -37.862  -21.037  51.426 0.0000000000
62285  -38.063  -20.285  50.977 0.0000000000
62240  -38.327  -20.678  51.972 0.0000000000
66643  -17.194  -16.235  52.210 0.0000000000
68181  -17.676  -15.877  53.533 0.0000000000
68158  -17.464  -15.742  54.491 0.0000000000
68159  -18.524  -16.110  54.397 0.0000000000
68139  -19.215  -16.218  55.345 0.0000000000
95184  -46.845  3.116  29.957 0.0000000000
95164  -46.964  3.046  30.910 0.0000000000
95185  -47.480  3.653  30.331 0.0000000000
96460  -48.315  4.864  31.730 0.0000000000
75733  -45.545  -10.539  48.831 0.0000000000
77180  -45.312  -9.947  49.175 0.0000000000
75753  -45.679  -10.507  48.029 0.0000000000
77227  -45.752  -9.671  46.716 0.0000000000
77245  -45.732  -9.662  45.854 0.0000000000
78739  -43.933  -8.823  41.777 0.0000000000
78722  -43.891  -8.183  41.818 0.0000000000
80248  -43.992  -7.481  42.122 0.0000000000
81799  -43.722  -6.673  41.657 0.0000000000
81798  -43.601  -6.239  41.334 0.0000000000
81806  -43.358  -6.722  40.821 0.0000000000
66701  -19.026  -16.488  49.531 0.0000000000
68239  -19.664  -16.677  50.713 0.0000000000
66702  -19.852  -16.576  49.422 0.0000000000
66703  -20.613  -16.740  49.404 0.0000000000
66704  -21.469  -17.117  49.501 0.0000000000
65231  -22.783  -17.072  46.500 0.0000000000
65193  -22.902  -18.110  48.077 0.0000000000
65211  -23.335  -18.009  47.432 0.0000000000
63701  -24.619  -19.013  49.516 0.0000000000
62322  -24.938  -19.497  50.181 0.0000000000
63702  -25.285  -19.136  49.115 0.0000000000
62346  -25.631  -19.186  48.914 0.0000000000
66829  -39.918  -16.760  43.690 0.0000000000
65304  -38.906  -17.103  43.572 0.0000000000
65284  -39.664  -17.203  44.239 0.0000000000
63787  -39.347  -18.036  45.686 0.0000000000
63763  -39.533  -18.299  46.300 0.0000000000
63764  -40.147  -18.162  46.631 0.0000000000
65199  -41.289  -17.180  48.275 0.0000000000
66737  -41.801  -16.483  48.374 0.0000000000
66738  -42.239  -15.804  48.486 0.0000000000
71448  -43.949  -13.733  47.135 0.0000000000
71429  -44.400  -12.955  47.499 0.0000000000
71410  -44.340  -12.903  48.181 0.0000000000
72843  -44.453  -12.757  48.544 0.0000000000
72819  -45.028  -12.240  49.443 0.0000000000
74331  -45.378  -11.781  49.060 0.0000000000
66727  -18.723  -16.305  48.612 0.0000000000
92280  -43.183  0.533  43.627 0.0000000000
93640  -43.573  0.628  43.910 0.0000000000
92281  -43.705  0.574  43.460 0.0000000000
92300  -43.928  0.556  42.790 0.0000000000
92301  -44.600  0.933  42.598 0.0000000000
91070  -45.465  0.418  39.023 0.0000000000
91051  -45.465  0.663  39.891 0.0000000000
92378  -46.049  0.857  39.400 0.0000000000
92348  -46.982  1.673  40.120 0.0000000000
93684  -46.931  1.966  40.560 0.0000000000
93702  -48.044  1.827  38.947 0.0000000000
99142  -51.525  6.631  28.513 0.0000000000
100437  -51.701  7.274  29.734 0.0000000000
100438  -52.246  7.582  29.200 0.0000000000
103263  -52.976  9.410  31.068 0.0000000000
107458  -54.916  12.361  31.463 0.0000000000
106186  -54.561  11.947  31.783 0.0000000000
107444  -54.666  12.400  32.392 0.0000000000
113135  -59.857  16.810  23.687 0.0000000000
93893  -44.354  2.249  27.838 0.0000000000
99169  -47.990  5.977  26.008 0.0000000000
100483  -48.365  7.061  25.955 0.0000000000
103343  -49.356  9.038  25.123 0.0000000000
103356  -50.302  9.762  25.187 0.0000000000
104855  -50.734  9.938  25.589 0.0000000000
104864  -50.583  9.944  24.789 0.0000000000
104865  -51.713  10.423  24.696 0.0000000000
58068  -7.502  -22.840  57.324 0.0000000000
59425  -7.322  -22.544  57.794 0.0000000000
68061  -9.815  -16.141  59.051 0.0000000000
66526  -9.505  -16.945  59.037 0.0000000000
66525  -9.173  -17.361  59.379 0.0000000000
64993  -8.719  -18.057  59.694 0.0000000000
64965  -6.772  -17.937  61.186 0.0000000000
63477  -5.735  -18.905  60.948 0.0000000000
62096  -6.231  -20.077  60.840 0.0000000000
60718  -6.503  -20.745  60.403 0.0000000000
62089  -6.197  -20.648  60.912 0.0000000000
60710  -6.244  -21.050  60.986 0.0000000000
59392  -6.259  -22.048  60.914 0.0000000000
59379  -5.764  -22.588  61.281 0.0000000000
58035  -6.530  -22.193  61.116 0.0000000000
58021  -6.937  -22.524  61.419 0.0000000000
80173  -44.739  -7.568  48.029 0.0000000000
81721  -44.884  -6.643  47.580 0.0000000000
86941  -44.062  -2.417  44.165 0.0000000000
86929  -44.617  -2.656  44.767 0.0000000000
86928  -44.416  -2.209  45.252 0.0000000000
86903  -44.408  -1.951  46.261 0.0000000000
86879  -44.223  -1.952  47.253 0.0000000000
86878  -44.188  -1.446  46.504 0.0000000000
88227  -43.770  -1.107  45.969 0.0000000000
89604  -43.093  -0.807  45.530 0.0000000000
89602  -42.415  -0.388  44.428 0.0000000000
90982  -41.857  -0.319  43.022 0.0000000000
90991  -41.236  -0.185  42.418 0.0000000000
91064  -39.186  -0.212  38.918 0.0000000000
89727  -39.454  -1.311  37.818 0.0000000000
88365  -39.782  -1.689  37.103 0.0000000000
88378  -40.139  -1.896  36.305 0.0000000000
88411  -39.131  -1.978  34.825 0.0000000000
87065  -38.820  -2.291  34.233 0.0000000000
65089  -22.687  -17.990  54.976 0.0000000000
63532  -27.878  -19.546  57.212 0.0000000000
65041  -27.525  -19.215  57.538 0.0000000000
63819  -28.105  -19.432  43.686 0.0000000000
62434  -28.727  -19.735  44.746 0.0000000000
62413  -28.192  -19.617  45.487 0.0000000000
62388  -28.274  -19.680  46.564 0.0000000000
62389  -29.001  -20.227  47.041 0.0000000000
60936  -29.491  -20.726  47.601 0.0000000000
60923  -30.080  -21.125  48.262 0.0000000000
63824  -33.009  -18.141  44.036 0.0000000000
65278  -33.741  -18.163  44.318 0.0000000000
59572  -36.068  -21.786  48.791 0.0000000000
60925  -35.214  -21.716  47.961 0.0000000000
58225  -35.160  -23.023  48.844 0.0000000000
58224  -34.342  -22.855  48.558 0.0000000000
58206  -33.406  -23.070  49.413 0.0000000000
58205  -32.619  -22.732  49.165 0.0000000000
58193  -33.161  -23.055  50.076 0.0000000000
56640  -32.937  -23.344  50.927 0.0000000000
58179  -32.855  -23.313  51.944 0.0000000000
58165  -32.672  -23.314  52.554 0.0000000000
56626  -33.115  -23.734  52.599 0.0000000000
55104  -34.440  -24.520  53.522 0.0000000000
66674  -14.311  -17.159  51.104 0.0000000000
66673  -13.772  -17.325  51.580 0.0000000000
65140  -13.341  -17.847  51.869 0.0000000000
66639  -13.239  -16.912  53.275 0.0000000000
66623  -12.921  -16.432  54.019 0.0000000000
69747  -17.795  -15.484  56.987 0.0000000000
89845  -43.428  -0.532  31.433 0.0000000000
89823  -43.606  -0.564  32.510 0.0000000000
93780  -47.727  2.476  33.257 0.0000000000
95105  -48.246  2.871  33.855 0.0000000000
95088  -48.215  2.884  34.733 0.0000000000
93746  -48.419  2.860  35.480 0.0000000000
93735  -48.305  2.403  36.048 0.0000000000
95072  -48.864  3.306  36.292 0.0000000000
95073  -49.200  3.571  36.881 0.0000000000
101771  -50.906  8.172  32.476 0.0000000000
100387  -50.442  7.635  32.656 0.0000000000
101752  -50.713  8.211  33.329 0.0000000000
101738  -50.571  8.187  34.244 0.0000000000
101722  -50.532  8.202  35.206 0.0000000000
106309  -53.789  11.625  24.504 0.0000000000
107560  -54.453  12.243  24.703 0.0000000000
107584  -57.585  12.757  21.963 0.0000000000
110286  -58.146  13.622  22.149 0.0000000000
110302  -58.952  14.190  21.077 0.0000000000
107646  -58.549  12.303  17.284 0.0000000000
108967  -59.942  13.470  19.384 0.0000000000
108968  -60.471  13.798  18.953 0.0000000000
113236  -61.291  15.974  18.947 0.0000000000
114761  -62.297  16.686  15.595 0.0000000000
114753  -62.301  16.697  16.124 0.0000000000
113262  -62.899  16.613  16.160 0.0000000000
72900  -45.738  -12.136  45.356 0.0000000000
74383  -46.122  -11.211  45.637 0.0000000000
74397  -45.757  -11.525  44.538 0.0000000000
75834  -45.383  -10.570  43.277 0.0000000000
75871  -44.457  -10.121  42.117 0.0000000000
77296  -44.224  -9.494  41.957 0.0000000000
68304  -20.627  -16.013  47.098 0.0000000000
65256  -23.666  -17.101  45.734 0.0000000000
65257  -24.214  -17.303  45.613 0.0000000000
66885  -38.035  -16.240  41.390 0.0000000000
66869  -38.749  -16.384  42.027 0.0000000000
66870  -39.400  -16.247  42.273 0.0000000000
68440  -40.352  -15.381  42.072 0.0000000000
68422  -40.382  -15.894  42.826 0.0000000000
66852  -40.415  -16.333  43.460 0.0000000000
66853  -40.842  -16.310  43.801 0.0000000000
66831  -41.106  -16.410  44.271 0.0000000000
68371  -42.381  -15.637  45.616 0.0000000000
69942  -42.865  -14.974  45.204 0.0000000000
71490  -43.879  -13.850  44.895 0.0000000000
71468  -44.568  -13.230  45.488 0.0000000000
72883  -45.169  -12.642  45.952 0.0000000000
89688  -42.405  -1.373  39.493 0.0000000000
89689  -43.191  -0.873  39.165 0.0000000000
89690  -43.669  -0.595  38.988 0.0000000000
89713  -43.807  -0.848  38.325 0.0000000000
89714  -44.471  -0.581  37.924 0.0000000000
91078  -44.961  -0.220  37.436 0.0000000000
91086  -45.824  0.247  36.727 0.0000000000
103324  -52.889  9.290  27.890 0.0000000000
103306  -53.371  9.286  28.796 0.0000000000
104824  -53.727  10.203  28.615 0.0000000000
104804  -54.278  10.732  29.566 0.0000000000
106219  -54.535  11.243  30.129 0.0000000000
107488  -54.984  12.034  29.272 0.0000000000
107472  -55.131  12.174  30.494 0.0000000000
108762  -55.791  13.634  32.219 0.0000000000
113079  -57.279  16.459  27.402 0.0000000000
113103  -58.269  16.302  26.089 0.0000000000
111620  -58.357  15.613  25.154 0.0000000000
59500  -9.800  -21.715  53.812 0.0000000000
58119  -9.361  -22.189  54.532 0.0000000000
58098  -9.460  -21.955  55.167 0.0000000000
59458  -9.126  -21.599  56.174 0.0000000000
59444  -8.944  -21.548  56.935 0.0000000000
83119  -44.958  -5.418  44.240 0.0000000000
84412  -45.021  -4.508  43.741 0.0000000000
85697  -44.817  -3.818  43.454 0.0000000000
85684  -44.536  -3.138  43.649 0.0000000000
86975  -43.766  -3.256  42.304 0.0000000000
86955  -43.855  -2.691  43.005 0.0000000000
88308  -41.485  -1.264  42.668 0.0000000000
88286  -41.340  -1.020  42.869 0.0000000000
88323  -40.566  -1.078  41.708 0.0000000000
88321  -39.546  -0.848  40.990 0.0000000000
88340  -39.105  -1.060  39.554 0.0000000000
87006  -39.027  -1.862  39.624 0.0000000000
88339  -38.849  -1.581  39.050 0.0000000000
89685  -38.872  -1.113  38.804 0.0000000000
89725  -38.627  -1.649  37.617 0.0000000000
88363  -38.504  -1.787  37.116 0.0000000000
63616  -25.536  -19.539  53.923 0.0000000000
63588  -25.161  -19.190  54.378 0.0000000000
62208  -25.879  -19.552  54.298 0.0000000000
63590  -26.657  -19.462  54.939 0.0000000000
63569  -27.970  -19.208  55.732 0.0000000000
63592  -28.407  -19.481  55.063 0.0000000000
63570  -28.697  -19.545  55.753 0.0000000000
63549  -28.228  -19.541  56.426 0.0000000000
63533  -28.799  -20.085  56.657 0.0000000000
60770  -31.666  -20.988  56.814 0.0000000000
63830  -28.323  -19.161  42.765 0.0000000000
63804  -29.492  -19.340  43.942 0.0000000000
62435  -29.712  -19.741  44.456 0.0000000000
62375  -35.981  -19.756  47.766 0.0000000000
62351  -35.936  -20.395  48.283 0.0000000000
62328  -36.519  -20.307  48.785 0.0000000000
60903  -36.547  -20.987  48.882 0.0000000000
58209  -36.378  -23.010  49.760 0.0000000000
56660  -36.364  -23.367  50.491 0.0000000000
56644  -36.674  -23.185  51.257 0.0000000000
58127  -37.308  -23.037  52.962 0.0000000000
59530  -37.657  -21.902  51.864 0.0000000000
59512  -37.731  -22.220  52.284 0.0000000000
59469  -37.272  -23.228  53.148 0.0000000000
66675  -15.405  -17.182  50.634 0.0000000000
68195  -15.151  -15.825  52.960 0.0000000000
68178  -14.927  -15.814  53.792 0.0000000000
68115  -17.827  -15.633  56.330 0.0000000000
92514  -44.946  1.368  30.542 0.0000000000
92488  -45.087  1.219  31.207 0.0000000000
93838  -45.977  1.743  31.273 0.0000000000
93839  -46.477  2.108  31.549 0.0000000000
93810  -47.815  2.744  32.533 0.0000000000
95122  -48.546  3.561  33.418 0.0000000000
96428  -48.858  4.249  33.826 0.0000000000
96420  -49.248  4.814  34.523 0.0000000000
106348  -52.447  10.615  21.736 0.0000000000
106350  -54.487  10.974  21.465 0.0000000000
107655  -59.316  12.605  16.400 0.0000000000
107656  -60.189  12.762  16.728 0.0000000000
110333  -61.238  14.751  16.809 0.0000000000
110334  -61.446  14.931  15.913 0.0000000000
109008  -61.062  13.581  14.337 0.0000000000
110339  -61.815  15.098  14.993 0.0000000000
65084  -11.191  -18.115  55.295 0.0000000000
65065  -10.895  -17.726  55.860 0.0000000000
66574  -10.816  -17.158  56.529 0.0000000000
78587  -44.797  -8.866  50.569 0.0000000000
78602  -44.861  -8.626  49.529 0.0000000000
77191  -45.350  -9.662  48.433 0.0000000000
78616  -45.002  -8.593  48.500 0.0000000000
80184  -45.066  -7.455  47.143 0.0000000000
75808  -45.936  -10.296  45.508 0.0000000000
77258  -45.782  -9.633  44.939 0.0000000000
78675  -45.481  -8.998  45.414 0.0000000000
78693  -45.368  -8.460  44.704 0.0000000000
81774  -44.989  -6.390  44.779 0.0000000000
83135  -44.763  -5.433  42.904 0.0000000000
83134  -44.356  -5.234  42.410 0.0000000000
84448  -43.174  -4.883  41.611 0.0000000000
83162  -43.435  -5.623  41.283 0.0000000000
85734  -42.833  -4.104  40.790 0.0000000000
85742  -41.982  -3.872  39.727 0.0000000000
85750  -41.251  -3.693  38.743 0.0000000000
66628  -21.531  -17.622  53.194 0.0000000000
66665  -20.493  -17.269  51.299 0.0000000000
66648  -21.299  -17.374  51.883 0.0000000000
65108  -22.072  -17.983  52.932 0.0000000000
65127  -22.891  -18.837  52.943 0.0000000000
63641  -23.733  -19.128  52.604 0.0000000000
66750  -20.889  -16.003  47.583 0.0000000000
66730  -21.366  -16.648  48.526 0.0000000000
65175  -22.214  -17.632  49.625 0.0000000000
65192  -22.477  -17.603  48.347 0.0000000000
65158  -22.492  -18.082  50.614 0.0000000000
63666  -22.931  -18.605  51.100 0.0000000000
63642  -24.619  -19.339  52.836 0.0000000000
63643  -25.324  -19.462  53.113 0.0000000000
63670  -25.925  -19.658  52.674 0.0000000000
62280  -26.598  -19.707  52.265 0.0000000000
66881  -33.486  -16.573  41.278 0.0000000000
66864  -33.598  -16.651  41.941 0.0000000000
65318  -33.601  -16.987  42.533 0.0000000000
66867  -36.491  -16.854  42.241 0.0000000000
66848  -36.735  -16.971  42.817 0.0000000000
65303  -37.886  -17.356  43.418 0.0000000000
65302  -36.748  -17.303  43.246 0.0000000000
65281  -36.519  -17.704  44.055 0.0000000000
63810  -36.469  -18.222  44.760 0.0000000000
63784  -36.389  -18.631  45.722 0.0000000000
63723  -37.941  -18.708  48.428 0.0000000000
63742  -39.137  -18.590  47.246 0.0000000000
63704  -38.588  -18.616  49.266 0.0000000000
63647  -39.124  -18.178  51.957 0.0000000000
65143  -39.534  -17.976  51.206 0.0000000000
65144  -40.035  -17.105  51.400 0.0000000000
65145  -40.506  -16.584  51.151 0.0000000000
66713  -40.940  -16.519  50.074 0.0000000000
68231  -41.146  -15.731  51.749 0.0000000000
68232  -41.570  -15.422  51.575 0.0000000000
69834  -42.093  -15.113  51.606 0.0000000000
71350  -42.501  -14.680  51.628 0.0000000000
68344  -42.618  -15.627  46.732 0.0000000000
68318  -42.755  -15.215  47.679 0.0000000000
68293  -42.562  -15.179  48.673 0.0000000000
69902  -43.366  -14.381  47.849 0.0000000000
69885  -42.900  -14.460  48.914 0.0000000000
69868  -42.956  -14.476  49.816 0.0000000000
71351  -42.942  -14.223  51.233 0.0000000000
72774  -43.520  -13.628  51.175 0.0000000000
74276  -44.397  -12.090  50.856 0.0000000000
74249  -44.364  -12.066  50.993 0.0000000000
66747  -15.999  -17.193  47.527 0.0000000000
66724  -16.185  -17.119  48.355 0.0000000000
66699  -17.147  -16.642  49.503 0.0000000000
66726  -17.887  -16.377  48.410 0.0000000000
66645  -18.540  -16.382  52.706 0.0000000000
93562  -44.452  1.425  47.432 0.0000000000
93624  -44.407  1.265  44.839 0.0000000000
93609  -45.156  2.255  45.562 0.0000000000
94945  -45.264  2.557  45.873 0.0000000000
94946  -45.672  2.916  45.503 0.0000000000
91008  -44.426  0.571  41.298 0.0000000000
92321  -44.818  1.042  41.773 0.0000000000
91029  -45.531  0.890  40.382 0.0000000000
92345  -45.177  1.047  41.223 0.0000000000
92302  -45.281  1.484  42.461 0.0000000000
93644  -46.274  2.728  43.156 0.0000000000
94972  -46.393  3.117  43.687 0.0000000000
93669  -47.955  2.695  41.130 0.0000000000
96498  -49.451  5.054  29.308 0.0000000000
97837  -49.726  5.510  29.764 0.0000000000
99112  -50.267  6.132  30.169 0.0000000000
99098  -50.653  7.047  30.872 0.0000000000
100436  -51.110  6.853  29.971 0.0000000000
100408  -51.504  7.976  31.280 0.0000000000
100407  -50.807  7.537  31.511 0.0000000000
104745  -52.015  10.098  33.893 0.0000000000
103284  -53.381  9.359  29.859 0.0000000000
103264  -53.348  9.718  30.774 0.0000000000
103245  -53.143  9.843  31.384 0.0000000000
106185  -54.083  11.411  32.063 0.0000000000
104759  -53.239  10.811  32.307 0.0000000000
104758  -52.680  10.342  32.427 0.0000000000
104746  -52.433  10.514  33.344 0.0000000000
56518  -5.038  -24.085  59.304 0.0000000000
87141  -40.963  -2.372  31.438 0.0000000000
87123  -41.132  -2.219  32.068 0.0000000000
88499  -41.600  -2.035  30.920 0.0000000000
88500  -42.392  -1.244  30.758 0.0000000000
88522  -41.667  -1.518  29.694 0.0000000000
89867  -42.828  -0.764  30.690 0.0000000000
89868  -43.202  -0.293  30.318 0.0000000000
91164  -43.622  0.338  29.903 0.0000000000
89925  -43.083  0.096  28.825 0.0000000000
91179  -43.393  0.613  29.120 0.0000000000
91180  -43.875  0.888  29.628 0.0000000000
92534  -44.370  1.442  29.656 0.0000000000
93871  -45.577  2.414  29.631 0.0000000000
93880  -45.277  2.486  28.594 0.0000000000
95200  -46.768  2.998  29.131 0.0000000000
95210  -47.143  3.406  28.638 0.0000000000
96511  -47.826  3.889  28.482 0.0000000000
96526  -47.052  3.566  26.947 0.0000000000
96512  -48.675  4.363  28.759 0.0000000000
96529  -49.174  4.507  28.197 0.0000000000
97882  -49.514  5.609  26.798 0.0000000000
97866  -50.557  5.795  27.775 0.0000000000
99157  -51.417  6.555  27.977 0.0000000000
100469  -51.807  7.223  27.729 0.0000000000
100470  -52.501  8.052  27.923 0.0000000000
100498  -47.350  7.561  25.428 0.0000000000
101846  -49.072  7.902  25.843 0.0000000000
100485  -50.406  7.762  26.639 0.0000000000
101835  -52.060  8.510  27.350 0.0000000000
103323  -52.126  9.442  27.250 0.0000000000
104841  -52.491  10.171  27.279 0.0000000000
106276  -52.813  11.289  27.075 0.0000000000
107527  -53.098  12.161  26.775 0.0000000000
108861  -53.314  12.900  26.969 0.0000000000
110226  -53.656  13.061  26.817 0.0000000000
108877  -53.884  13.250  26.097 0.0000000000
108876  -53.522  12.820  26.234 0.0000000000
108884  -53.512  12.492  25.665 0.0000000000
106307  -52.698  11.001  24.865 0.0000000000
106308  -53.258  11.413  24.673 0.0000000000
106331  -52.764  10.563  22.914 0.0000000000
104907  -52.307  10.472  22.417 0.0000000000
63559  -10.605  -18.572  55.586 0.0000000000
63558  -10.134  -18.922  56.080 0.0000000000
65027  -9.533  -17.947  57.632 0.0000000000
62167  -9.768  -19.508  56.718 0.0000000000
60759  -9.488  -20.264  57.313 0.0000000000
60758  -9.172  -20.893  57.713 0.0000000000
66509  -8.358  -17.596  60.518 0.0000000000
64992  -8.024  -18.220  59.926 0.0000000000
64977  -6.704  -18.150  60.785 0.0000000000
63497  -7.511  -18.855  59.798 0.0000000000
63509  -7.885  -19.060  59.180 0.0000000000
62133  -8.456  -20.073  59.211 0.0000000000
60757  -8.559  -21.134  58.357 0.0000000000
60742  -7.801  -21.369  58.751 0.0000000000
59413  -7.645  -21.908  58.376 0.0000000000
60726  -6.271  -21.642  59.944 0.0000000000
59403  -6.171  -22.054  59.688 0.0000000000
56511  -4.655  -23.749  59.877 0.0000000000
56502  -4.669  -23.565  60.208 0.0000000000
54979  -5.317  -24.348  60.868 0.0000000000
56478  -5.509  -23.334  61.667 0.0000000000
56491  -5.511  -23.981  61.353 0.0000000000
88161  -46.689  -1.824  48.469 0.0000000000
89506  -46.271  -1.200  48.479 0.0000000000
80119  -44.722  -7.375  51.880 0.0000000000
84356  -45.020  -4.792  47.133 0.0000000000
85554  -44.463  -2.750  49.678 0.0000000000
86831  -44.416  -2.295  49.451 0.0000000000
88209  -44.048  -1.464  47.729 0.0000000000
88172  -43.947  -1.410  48.967 0.0000000000
88159  -44.437  -1.240  49.383 0.0000000000
89503  -44.625  -0.629  48.989 0.0000000000
90857  -44.566  -0.309  48.310 0.0000000000
92175  -43.984  0.818  47.521 0.0000000000
92213  -43.486  0.723  46.216 0.0000000000
92252  -43.349  0.749  45.018 0.0000000000
90955  -42.678  0.080  45.028 0.0000000000
92251  -42.861  0.486  44.601 0.0000000000
92265  -42.979  0.640  44.142 0.0000000000
92298  -42.900  0.089  43.000 0.0000000000
89646  -40.657  -0.303  42.239 0.0000000000
91004  -40.516  0.017  41.675 0.0000000000
91045  -39.663  0.032  39.479 0.0000000000
91024  -41.017  -0.076  40.796 0.0000000000
91047  -41.546  -0.806  39.965 0.0000000000
89730  -42.140  -1.922  37.834 0.0000000000
88379  -41.000  -2.001  36.284 0.0000000000
88392  -41.332  -2.256  35.389 0.0000000000
87068  -41.152  -2.509  34.510 0.0000000000
87085  -40.900  -2.531  33.691 0.0000000000
87104  -40.652  -2.517  32.827 0.0000000000
85790  -39.186  -3.594  36.701 0.0000000000
85788  -37.707  -3.211  36.429 0.0000000000
87039  -36.541  -2.437  36.020 0.0000000000
87048  -35.553  -2.641  35.268 0.0000000000
88374  -36.828  -1.987  35.827 0.0000000000
88387  -37.086  -1.835  35.385 0.0000000000
88409  -37.487  -1.878  34.646 0.0000000000
88434  -37.904  -2.051  34.139 0.0000000000
87082  -38.319  -2.418  33.649 0.0000000000
87102  -38.950  -2.825  32.629 0.0000000000
66593  -20.988  -17.107  55.519 0.0000000000
65072  -22.749  -17.807  55.497 0.0000000000
65075  -25.586  -18.727  55.558 0.0000000000
65057  -25.488  -17.941  56.593 0.0000000000
65275  -24.427  -16.980  44.777 0.0000000000
65258  -25.059  -17.780  46.059 0.0000000000
63755  -25.635  -18.105  46.600 0.0000000000
62368  -26.494  -18.973  47.681 0.0000000000
62349  -28.568  -20.341  48.697 0.0000000000
62325  -28.078  -19.974  49.647 0.0000000000
65316  -31.371  -17.725  42.642 0.0000000000
65297  -31.602  -18.254  43.382 0.0000000000
63805  -31.493  -19.508  44.329 0.0000000000
62416  -31.327  -20.392  44.937 0.0000000000
60978  -30.891  -20.826  45.622 0.0000000000
63759  -35.059  -19.447  46.442 0.0000000000
63758  -34.509  -19.660  46.342 0.0000000000
62372  -33.832  -20.646  46.570 0.0000000000
60938  -34.093  -21.316  46.922 0.0000000000
62391  -33.294  -20.480  45.978 0.0000000000
60957  -32.430  -21.176  45.939 0.0000000000
59629  -30.911  -21.676  46.850 0.0000000000
59587  -30.616  -21.767  48.172 0.0000000000
60902  -30.775  -21.542  49.491 0.0000000000
59571  -32.043  -22.472  49.601 0.0000000000
59570  -31.445  -22.044  49.631 0.0000000000
60887  -30.872  -21.675  50.402 0.0000000000
60873  -30.759  -21.705  50.975 0.0000000000
59526  -30.625  -21.694  51.687 0.0000000000
62260  -30.443  -21.300  52.782 0.0000000000
60856  -31.359  -21.853  53.434 0.0000000000
60857  -31.550  -21.988  53.732 0.0000000000
59489  -31.872  -22.453  54.297 0.0000000000
56612  -32.829  -23.402  53.615 0.0000000000
58126  -32.344  -23.001  54.356 0.0000000000
58105  -32.389  -23.149  54.936 0.0000000000
55120  -35.432  -24.145  52.425 0.0000000000
55105  -35.503  -24.270  53.242 0.0000000000
55088  -35.322  -24.712  53.773 0.0000000000
63606  -11.115  -19.039  53.665 0.0000000000
62292  -12.083  -19.766  50.666 0.0000000000
62272  -11.936  -19.523  51.640 0.0000000000
65085  -11.641  -17.796  54.835 0.0000000000
69745  -16.228  -15.220  56.857 0.0000000000
88438  -43.049  -1.215  33.607 0.0000000000
89781  -43.505  -0.946  34.329 0.0000000000
89782  -44.210  -0.532  34.133 0.0000000000
92396  -46.200  0.566  36.542 0.0000000000
91152  -45.050  0.940  31.652 0.0000000000
92438  -46.302  0.869  33.920 0.0000000000
93761  -46.986  1.943  33.952 0.0000000000
92422  -46.221  0.816  35.067 0.0000000000
92397  -46.562  0.822  36.830 0.0000000000
92390  -47.397  1.421  37.382 0.0000000000
93711  -48.007  1.838  37.899 0.0000000000
93712  -48.785  2.241  38.238 0.0000000000
97836  -49.137  5.452  30.436 0.0000000000
97798  -48.829  5.467  31.701 0.0000000000
97783  -49.253  5.775  32.417 0.0000000000
97771  -49.331  5.346  33.154 0.0000000000
97764  -49.449  5.517  34.061 0.0000000000
97757  -49.542  5.515  35.032 0.0000000000
99067  -49.839  6.246  35.421 0.0000000000
97749  -49.938  5.466  36.090 0.0000000000
110243  -54.180  13.541  26.121 0.0000000000
110244  -54.577  13.848  25.985 0.0000000000
110245  -55.435  14.129  25.891 0.0000000000
110246  -56.449  14.477  25.834 0.0000000000
110247  -57.255  14.796  25.592 0.0000000000
106323  -54.846  11.534  23.155 0.0000000000
107582  -56.113  11.881  22.595 0.0000000000
107574  -56.507  12.587  23.195 0.0000000000
108900  -57.583  14.043  24.067 0.0000000000
110258  -58.549  15.522  24.596 0.0000000000
111638  -59.135  15.789  24.287 0.0000000000
111639  -59.459  16.307  23.899 0.0000000000
111654  -59.530  16.020  23.106 0.0000000000
113154  -60.002  16.336  22.802 0.0000000000
113155  -60.598  16.576  22.578 0.0000000000
107614  -58.575  12.845  20.680 0.0000000000
108945  -59.048  13.934  20.644 0.0000000000
110303  -59.352  14.692  20.850 0.0000000000
108958  -60.077  14.106  19.592 0.0000000000
110314  -59.976  14.729  20.113 0.0000000000
111692  -59.889  15.375  20.574 0.0000000000
113253  -62.585  16.566  16.592 0.0000000000
53637  -5.313  -25.533  60.291 0.0000000000
54969  -5.877  -24.212  61.789 0.0000000000
54978  -4.946  -24.120  60.427 0.0000000000
55066  -33.561  -24.141  54.648 0.0000000000
55067  -33.821  -24.350  54.453 0.0000000000
55087  -34.028  -24.511  53.929 0.0000000000
55134  -33.870  -24.269  52.379 0.0000000000
55151  -34.925  -24.257  51.210 0.0000000000
56477  -5.338  -23.157  61.464 0.0000000000
56489  -4.946  -23.517  60.493 0.0000000000
56575  -33.271  -23.938  54.871 0.0000000000
56577  -35.739  -24.532  54.131 0.0000000000
56611  -32.536  -23.218  53.388 0.0000000000
56613  -35.991  -23.717  52.811 0.0000000000
56625  -32.552  -23.305  53.049 0.0000000000
56628  -36.764  -22.903  51.904 0.0000000000
56643  -36.003  -23.734  51.138 0.0000000000
56656  -33.056  -23.134  50.364 0.0000000000
56659  -35.691  -23.764  50.410 0.0000000000
56670  -34.454  -23.396  49.405 0.0000000000
56671  -35.448  -23.448  49.549 0.0000000000
56683  -34.731  -23.162  48.962 0.0000000000
58019  -5.424  -22.887  61.424 0.0000000000
58020  -5.936  -22.703  61.485 0.0000000000
58033  -5.219  -23.207  60.577 0.0000000000
58036  -6.901  -22.070  61.181 0.0000000000
58047  -4.882  -23.389  59.897 0.0000000000
58065  -32.698  -23.237  56.913 0.0000000000
58076  -32.231  -22.614  57.026 0.0000000000
58146  -32.276  -22.985  53.381 0.0000000000
58166  -37.226  -22.469  51.892 0.0000000000
58207  -34.013  -23.182  49.197 0.0000000000
58223  -33.313  -22.750  48.518 0.0000000000
59378  -5.726  -22.587  61.098 0.0000000000
59397  -5.164  -23.139  59.981 0.0000000000
59401  -5.207  -23.103  59.971 0.0000000000
59412  -7.168  -22.229  58.463 0.0000000000
59452  -31.432  -22.155  56.110 0.0000000000
59459  -9.435  -21.558  55.627 0.0000000000
59468  -31.881  -22.489  54.868 0.0000000000
59510  -31.947  -22.678  53.179 0.0000000000
59511  -31.807  -22.428  53.663 0.0000000000
59529  -31.569  -22.143  53.467 0.0000000000
59543  -30.750  -21.772  51.353 0.0000000000
59557  -31.371  -22.048  50.314 0.0000000000
59558  -31.775  -22.332  50.071 0.0000000000
59590  -34.777  -22.111  47.894 0.0000000000
59591  -35.409  -22.282  48.313 0.0000000000
59604  -30.481  -21.639  47.503 0.0000000000
60740  -6.460  -21.625  59.631 0.0000000000
60784  -31.330  -21.461  56.381 0.0000000000
60785  -31.226  -21.796  55.865 0.0000000000
60814  -29.391  -20.203  54.308 0.0000000000
60834  -29.112  -19.817  54.295 0.0000000000
60835  -29.218  -20.007  54.145 0.0000000000
60836  -31.076  -21.508  53.585 0.0000000000
60837  -31.339  -21.696  53.861 0.0000000000
60838  -31.560  -21.926  54.141 0.0000000000
60854  -30.485  -21.540  52.175 0.0000000000
60855  -30.938  -21.638  52.935 0.0000000000
60872  -30.374  -21.428  51.263 0.0000000000
60921  -28.966  -20.610  48.638 0.0000000000
60922  -29.339  -20.674  48.426 0.0000000000
60924  -30.582  -21.482  48.784 0.0000000000
60940  -35.484  -20.750  47.844 0.0000000000
60955  -30.459  -21.182  46.445 0.0000000000
60956  -31.367  -21.321  46.107 0.0000000000
60958  -33.315  -21.308  46.461 0.0000000000
60980  -32.299  -20.670  45.474 0.0000000000
62095  -6.243  -20.831  60.825 0.0000000000
62158  -27.743  -19.460  56.778 0.0000000000
62159  -28.078  -19.645  56.746 0.0000000000
62174  -27.834  -19.415  56.541 0.0000000000
62175  -27.970  -19.489  56.587 0.0000000000
62178  -30.860  -21.094  56.075 0.0000000000
62192  -29.062  -19.890  55.376 0.0000000000
62209  -26.291  -19.610  54.383 0.0000000000
62211  -29.072  -19.881  54.784 0.0000000000
62212  -29.544  -20.313  54.785 0.0000000000
62215  -31.275  -21.570  54.445 0.0000000000
62231  -26.002  -19.776  54.039 0.0000000000
62232  -26.458  -19.756  53.803 0.0000000000
62233  -27.337  -19.563  53.797 0.0000000000
62239  -31.315  -21.635  54.143 0.0000000000
62286  -37.987  -19.863  50.622 0.0000000000
62300  -24.938  -19.384  50.510 0.0000000000
62301  -25.305  -19.437  50.585 0.0000000000
62306  -29.714  -20.873  50.344 0.0000000000
62327  -29.350  -20.626  49.593 0.0000000000
62350  -29.004  -20.426  48.414 0.0000000000
62353  -36.949  -19.490  48.949 0.0000000000
62392  -34.028  -19.936  46.396 0.0000000000
62418  -32.996  -20.079  45.346 0.0000000000
62437  -31.667  -19.858  44.601 0.0000000000
62445  -29.843  -19.299  44.042 0.0000000000
62446  -30.279  -19.393  44.012 0.0000000000
63466  -6.048  -18.760  61.472 0.0000000000
63498  -8.062  -18.553  59.456 0.0000000000
63525  -9.256  -18.837  57.706 0.0000000000
63531  -27.512  -19.345  56.997 0.0000000000
63547  -26.936  -19.128  56.336 0.0000000000
63552  -30.443  -19.987  56.707 0.0000000000
63571  -29.149  -19.859  55.756 0.0000000000
63589  -25.814  -19.276  54.738 0.0000000000
63614  -24.191  -19.173  53.351 0.0000000000
63615  -24.795  -19.229  53.721 0.0000000000
63617  -25.946  -19.758  53.746 0.0000000000
63619  -28.378  -19.207  54.288 0.0000000000
63645  -38.303  -19.784  51.142 0.0000000000
63685  -22.967  -18.419  50.597 0.0000000000
63705  -39.177  -18.448  48.864 0.0000000000
63716  -22.824  -18.122  48.433 0.0000000000
63720  -26.024  -18.764  47.847 0.0000000000
63734  -23.957  -18.269  47.869 0.0000000000
63757  -26.939  -18.880  45.696 0.0000000000
63779  -26.867  -18.992  44.881 0.0000000000
63802  -28.433  -19.571  44.257 0.0000000000
63820  -29.027  -19.403  43.397 0.0000000000
64966  -7.368  -17.915  60.908 0.0000000000
64976  -5.995  -18.186  60.798 0.0000000000
64979  -8.359  -17.812  60.244 0.0000000000
65020  -27.525  -19.142  57.740 0.0000000000
65040  -27.145  -19.082  57.282 0.0000000000
65058  -26.574  -18.793  56.494 0.0000000000
65066  -11.311  -17.568  55.524 0.0000000000
65092  -25.243  -19.011  54.869 0.0000000000
65172  -15.191  -17.525  49.277 0.0000000000
65174  -21.786  -17.252  50.004 0.0000000000
65176  -23.001  -18.120  49.892 0.0000000000
65210  -22.635  -17.301  47.102 0.0000000000
65234  -25.108  -17.845  46.646 0.0000000000
65238  -39.783  -17.885  45.661 0.0000000000
65260  -38.406  -17.948  45.036 0.0000000000
65263  -40.820  -17.364  45.707 0.0000000000
65285  -40.331  -17.103  44.504 0.0000000000
65305  -39.514  -16.934  43.626 0.0000000000
65321  -36.467  -17.001  42.802 0.0000000000
66499  -9.292  -16.361  60.485 0.0000000000
66511  -9.096  -16.484  60.304 0.0000000000
66543  -9.439  -17.474  58.844 0.0000000000
66561  -10.064  -17.207  57.422 0.0000000000
66562  -10.477  -16.985  57.076 0.0000000000
66588  -11.215  -17.294  55.989 0.0000000000
66591  -19.448  -16.467  55.118 0.0000000000
66605  -18.815  -16.389  54.280 0.0000000000
66649  -40.327  -16.695  52.320 0.0000000000
66668  -40.458  -16.286  51.645 0.0000000000
66680  -19.982  -16.705  50.206 0.0000000000
66687  -41.121  -16.135  50.867 0.0000000000
66705  -21.939  -17.390  49.012 0.0000000000
66830  -40.447  -16.731  44.089 0.0000000000
66886  -38.627  -16.125  41.458 0.0000000000
68060  -9.297  -16.718  59.470 0.0000000000
68110  -11.107  -16.724  56.640 0.0000000000
68114  -17.315  -15.525  56.215 0.0000000000
68201  -20.009  -17.148  51.436 0.0000000000
68216  -16.533  -16.190  52.166 0.0000000000
68218  -19.519  -16.568  51.052 0.0000000000
68220  -19.931  -17.140  50.903 0.0000000000
68240  -19.876  -16.872  50.654 0.0000000000
68241  -20.010  -17.011  50.652 0.0000000000
68252  -41.402  -15.667  51.337 0.0000000000
68254  -42.233  -15.152  50.536 0.0000000000
68282  -20.554  -16.052  47.713 0.0000000000
68400  -42.101  -15.435  44.555 0.0000000000
68421  -39.827  -16.004  42.383 0.0000000000
68450  -37.500  -15.844  40.802 0.0000000000
69762  -17.068  -15.484  56.176 0.0000000000
69799  -41.822  -15.395  52.855 0.0000000000
69817  -42.032  -15.158  51.999 0.0000000000
69833  -41.637  -15.288  51.816 0.0000000000
69849  -42.178  -14.919  50.987 0.0000000000
69850  -42.661  -14.547  50.583 0.0000000000
69901  -42.862  -14.800  48.258 0.0000000000
71302  -42.307  -14.598  52.999 0.0000000000
71319  -41.830  -15.113  52.576 0.0000000000
71333  -42.212  -14.957  52.302 0.0000000000
71334  -42.352  -14.827  52.171 0.0000000000
71335  -42.747  -14.571  51.812 0.0000000000
71368  -43.165  -13.951  50.715 0.0000000000
71542  -41.709  -13.938  42.013 0.0000000000
71565  -41.857  -13.398  41.896 0.0000000000
72736  -42.420  -14.683  52.486 0.0000000000
72818  -44.449  -12.692  49.079 0.0000000000
72959  -44.499  -12.367  42.866 0.0000000000
74250  -44.638  -11.652  50.979 0.0000000000
74303  -45.516  -11.177  49.177 0.0000000000
74368  -46.082  -11.262  46.761 0.0000000000
74413  -45.574  -11.248  43.765 0.0000000000
74429  -43.762  -11.746  42.066 0.0000000000
74453  -43.229  -11.672  41.651 0.0000000000
78694  -45.561  -9.051  44.923 0.0000000000
80256  -43.682  -7.634  41.521 0.0000000000
83148  -43.409  -5.299  41.707 0.0000000000
83163  -43.645  -6.018  41.608 0.0000000000
84449  -43.626  -4.580  42.022 0.0000000000
84484  -42.138  -4.286  39.462 0.0000000000
85743  -42.390  -4.002  40.203 0.0000000000
85751  -41.666  -3.802  39.219 0.0000000000
85789  -38.548  -3.549  36.402 0.0000000000
85799  -35.648  -3.132  35.335 0.0000000000
86832  -44.901  -2.569  49.690 0.0000000000
86902  -44.159  -1.410  46.037 0.0000000000
86953  -42.068  -1.650  43.030 0.0000000000
87005  -38.889  -1.804  39.155 0.0000000000
87038  -36.109  -2.619  35.644 0.0000000000
87050  -39.712  -2.235  34.945 0.0000000000
87051  -40.083  -2.385  34.988 0.0000000000
87086  -41.610  -2.337  33.858 0.0000000000
88146  -45.442  -1.860  49.394 0.0000000000
88160  -44.962  -2.006  49.431 0.0000000000
88192  -43.938  -1.470  48.347 0.0000000000
88285  -40.925  -0.743  42.396 0.0000000000
88287  -41.856  -1.399  43.250 0.0000000000
88307  -41.041  -1.160  42.177 0.0000000000
88322  -40.026  -0.973  41.276 0.0000000000
88331  -39.361  -1.136  40.446 0.0000000000
88332  -39.574  -1.202  40.888 0.0000000000
88412  -39.516  -2.135  34.909 0.0000000000
88435  -38.220  -2.133  34.152 0.0000000000
88460  -43.152  -1.071  32.714 0.0000000000
88523  -41.987  -1.406  30.284 0.0000000000
89491  -45.429  -1.470  49.313 0.0000000000
89504  -45.215  -1.017  49.315 0.0000000000
89518  -44.248  -0.713  48.523 0.0000000000
89538  -43.969  -0.289  47.536 0.0000000000
89603  -42.651  -0.551  45.052 0.0000000000
89621  -42.380  -0.784  44.421 0.0000000000
89638  -41.590  -0.736  43.181 0.0000000000
89658  -39.522  -0.214  41.218 0.0000000000
89659  -40.140  -0.334  41.735 0.0000000000
89671  -39.608  -0.018  39.953 0.0000000000
89707  -38.679  -1.398  38.093 0.0000000000
89708  -39.151  -0.808  38.491 0.0000000000
89742  -43.507  -1.533  35.869 0.0000000000
90897  -43.774  0.481  47.305 0.0000000000
90913  -43.394  0.516  46.335 0.0000000000
90933  -43.094  0.349  45.928 0.0000000000
90969  -42.320  -0.218  43.878 0.0000000000
90981  -41.532  -0.353  42.586 0.0000000000
91003  -39.740  0.113  41.091 0.0000000000
91009  -44.851  0.822  41.246 0.0000000000
91044  -39.250  -0.003  39.087 0.0000000000
91065  -39.473  -0.239  38.905 0.0000000000
91087  -46.156  0.447  37.236 0.0000000000
91139  -44.657  0.479  31.941 0.0000000000
92214  -43.709  1.185  46.721 0.0000000000
92250  -42.514  0.173  44.211 0.0000000000
92263  -42.411  0.000  43.572 0.0000000000
92264  -42.629  0.353  43.821 0.0000000000
92282  -44.397  0.807  43.364 0.0000000000
92299  -43.356  0.304  42.980 0.0000000000
92317  -42.616  -0.176  42.410 0.0000000000
92320  -44.146  0.574  42.040 0.0000000000
92322  -45.533  1.543  41.578 0.0000000000
92323  -46.037  1.787  41.152 0.0000000000
92368  -46.551  1.302  39.762 0.0000000000
92391  -47.976  1.644  36.901 0.0000000000
92490  -46.271  1.602  32.145 0.0000000000
92515  -45.337  1.456  31.021 0.0000000000
93537  -44.598  1.401  47.683 0.0000000000
93561  -44.046  1.461  47.275 0.0000000000
93582  -43.945  1.505  47.069 0.0000000000
93583  -44.210  1.532  47.130 0.0000000000
93598  -44.342  1.574  46.667 0.0000000000
93686  -48.490  2.785  40.381 0.0000000000
93714  -50.172  2.955  38.209 0.0000000000
93859  -45.214  1.677  30.422 0.0000000000
94960  -45.761  2.905  44.875 0.0000000000
94961  -46.181  3.209  44.402 0.0000000000
95058  -50.281  3.294  37.879 0.0000000000
95121  -48.303  2.995  32.983 0.0000000000
95144  -48.449  3.521  32.792 0.0000000000
96198  -46.097  2.818  47.019 0.0000000000
96238  -45.843  3.036  46.072 0.0000000000
96255  -45.737  2.994  45.739 0.0000000000
96404  -49.148  3.799  36.241 0.0000000000
96442  -48.161  3.961  32.245 0.0000000000
96513  -49.338  4.740  28.777 0.0000000000
97817  -49.107  5.591  31.072 0.0000000000
97838  -50.304  5.651  29.233 0.0000000000
99127  -51.590  6.775  29.103 0.0000000000
99155  -50.192  6.162  27.022 0.0000000000
99168  -46.895  6.122  25.728 0.0000000000
100424  -51.084  7.172  30.517 0.0000000000
100452  -51.940  7.155  28.798 0.0000000000
101789  -52.598  8.922  30.908 0.0000000000
101805  -53.191  8.889  29.351 0.0000000000
101836  -52.607  8.591  27.891 0.0000000000
101849  -51.265  8.623  26.979 0.0000000000
101860  -48.707  8.657  25.218 0.0000000000
103243  -52.136  9.154  32.159 0.0000000000
103305  -53.069  9.043  28.386 0.0000000000
104774  -53.047  10.202  31.852 0.0000000000
104788  -54.248  10.564  30.012 0.0000000000
104848  -50.741  9.715  25.986 0.0000000000
104857  -52.155  10.721  25.444 0.0000000000
104906  -51.811  10.339  22.134 0.0000000000
106235  -54.060  10.651  29.054 0.0000000000
107508  -54.633  12.690  28.028 0.0000000000
107509  -55.212  13.378  28.466 0.0000000000
107550  -53.958  12.894  25.512 0.0000000000
107662  -59.842  12.775  15.887 0.0000000000
108780  -55.307  12.947  30.950 0.0000000000
108841  -54.914  13.550  28.061 0.0000000000
108888  -56.520  14.006  25.126 0.0000000000
108895  -53.511  12.376  25.530 0.0000000000
110185  -54.417  13.357  27.291 0.0000000000
110206  -53.587  13.039  27.026 0.0000000000
110208  -54.893  13.776  27.256 0.0000000000
110209  -55.285  14.240  27.144 0.0000000000
111536  -56.280  15.455  28.625 0.0000000000
111555  -55.740  15.038  28.216 0.0000000000
111605  -58.459  16.107  25.554 0.0000000000
111682  -60.060  15.888  20.692 0.0000000000
111707  -61.216  15.989  17.630 0.0000000000
113056  -55.667  15.049  27.980 0.0000000000
113057  -55.857  15.451  28.011 0.0000000000
113261  -62.060  16.626  15.556 0.0000000000
114661  -60.320  17.140  23.948 0.0000000000
114752  -62.235  16.702  15.897 0.0000000000
114762  -62.539  16.705  15.849 0.0000000000
114763  -63.189  16.663  16.028 0.0000000000
114773  -61.953  16.810  15.123 0.0000000000
