#!ascii label  , from subject _151 vox2ras=TkReg
2166
68341  -37.456  -14.896  47.082 0.0000000000
106091  -46.576  11.186  38.731 0.0000000000
93536  -35.955  2.865  50.276 0.0000000000
65249  -5.611  -17.812  45.708 0.0000000000
74264  -22.065  -11.277  50.886 0.0000000000
78685  -7.591  -8.543  44.599 0.0000000000
81629  -7.262  -6.473  52.527 0.0000000000
98959  -41.019  7.322  43.719 0.0000000000
78801  -3.559  -7.954  35.960 0.0000000000
66583  -1.879  -16.410  55.679 0.0000000000
80262  -38.530  -8.425  42.093 0.0000000000
68363  -32.191  -15.077  45.514 0.0000000000
69846  -29.561  -14.799  50.354 0.0000000000
108728  -48.181  13.228  34.997 0.0000000000
97551  -38.442  5.748  47.123 0.0000000000
74287  -17.208  -10.995  48.320 0.0000000000
84435  -3.880  -4.848  41.969 0.0000000000
72887  -8.668  -12.965  44.950 0.0000000000
73009  -9.995  -12.717  39.971 0.0000000000
61040  -9.158  -20.506  41.336 0.0000000000
74073  -8.144  -10.412  58.900 0.0000000000
75529  -3.742  -10.332  58.528 0.0000000000
88169  -36.690  -1.752  49.054 0.0000000000
69790  -27.487  -13.974  53.920 0.0000000000
72858  -24.642  -12.283  47.202 0.0000000000
78593  -8.523  -8.287  49.887 0.0000000000
72782  -5.598  -12.209  50.450 0.0000000000
100267  -45.321  7.829  41.227 0.0000000000
75590  -11.255  -11.150  55.343 0.0000000000
74233  -13.452  -10.930  51.927 0.0000000000
78746  -6.585  -8.137  40.392 0.0000000000
73038  -4.925  -13.195  36.952 0.0000000000
84235  -7.710  -4.273  54.813 0.0000000000
75609  -2.346  -10.700  54.963 0.0000000000
66671  -2.565  -16.308  50.849 0.0000000000
71464  -39.873  -13.417  45.827 0.0000000000
71486  -37.015  -13.557  44.357 0.0000000000
74408  -38.881  -11.442  43.375 0.0000000000
68338  -34.535  -15.499  46.502 0.0000000000
71484  -34.758  -13.642  44.202 0.0000000000
68285  -33.395  -15.090  48.409 0.0000000000
106136  -46.957  12.022  36.426 0.0000000000
101706  -44.513  8.442  35.995 0.0000000000
104726  -45.608  10.225  34.568 0.0000000000
104757  -47.283  10.758  32.301 0.0000000000
96173  -37.114  4.439  49.248 0.0000000000
92232  -34.570  1.218  46.314 0.0000000000
94930  -34.371  3.411  46.924 0.0000000000
97588  -36.031  5.337  44.954 0.0000000000
69947  -6.401  -15.093  45.171 0.0000000000
68408  -8.495  -16.015  43.098 0.0000000000
63798  -7.851  -19.047  44.350 0.0000000000
58309  -7.680  -23.071  42.239 0.0000000000
59641  -7.620  -21.723  45.361 0.0000000000
72660  -6.993  -12.909  56.385 0.0000000000
69674  -5.434  -13.243  58.554 0.0000000000
86875  -37.769  -3.394  48.253 0.0000000000
83132  -38.905  -6.566  44.156 0.0000000000
84466  -36.859  -6.683  42.614 0.0000000000
84386  -37.008  -4.891  45.424 0.0000000000
86897  -36.557  -2.772  46.116 0.0000000000
68144  -29.930  -13.652  55.160 0.0000000000
69916  -27.877  -14.047  46.266 0.0000000000
71405  -26.719  -13.745  48.630 0.0000000000
110163  -49.259  14.415  29.952 0.0000000000
113033  -49.522  16.043  29.133 0.0000000000
80123  -7.852  -7.196  51.298 0.0000000000
75677  -8.493  -10.242  51.385 0.0000000000
77137  -7.069  -9.895  53.154 0.0000000000
100249  -43.128  8.320  43.036 0.0000000000
97673  -39.498  5.565  41.741 0.0000000000
97719  -41.244  5.184  39.696 0.0000000000
97721  -43.313  5.838  39.574 0.0000000000
77073  -13.273  -9.096  57.614 0.0000000000
75574  -14.263  -9.761  55.956 0.0000000000
77250  -4.178  -9.763  44.953 0.0000000000
77288  -4.095  -8.749  42.369 0.0000000000
78715  -7.140  -8.345  42.457 0.0000000000
66910  -6.355  -16.439  39.442 0.0000000000
71610  -7.619  -13.254  38.360 0.0000000000
68499  -3.800  -15.850  38.501 0.0000000000
84188  -9.013  -4.850  56.272 0.0000000000
71225  -1.644  -13.396  56.899 0.0000000000
77068  -1.849  -9.895  56.215 0.0000000000
71277  -1.956  -13.487  55.343 0.0000000000
71308  -2.505  -13.740  52.656 0.0000000000
66618  -2.293  -16.559  53.665 0.0000000000
77281  -39.990  -8.845  43.524 0.0000000000
68204  -31.465  -15.143  52.527 0.0000000000
68244  -31.960  -15.391  50.574 0.0000000000
68283  -30.254  -15.224  47.853 0.0000000000
108745  -49.447  14.209  33.799 0.0000000000
106201  -48.367  12.037  31.240 0.0000000000
98942  -39.636  6.659  45.355 0.0000000000
97628  -38.000  5.509  43.616 0.0000000000
75762  -20.797  -10.716  48.047 0.0000000000
75720  -19.736  -10.490  49.757 0.0000000000
83186  -2.804  -6.388  39.034 0.0000000000
75799  -10.185  -10.250  45.452 0.0000000000
77279  -10.851  -9.892  42.743 0.0000000000
72937  -9.764  -13.163  42.842 0.0000000000
65337  -9.254  -16.993  40.526 0.0000000000
62483  -6.258  -19.269  39.572 0.0000000000
79998  -9.186  -7.975  59.612 0.0000000000
82881  -6.819  -6.213  59.186 0.0000000000
77013  -5.703  -10.160  59.954 0.0000000000
71176  -3.587  -12.622  59.479 0.0000000000
90856  -36.114  0.055  50.477 0.0000000000
89576  -35.668  -0.757  46.041 0.0000000000
72729  -25.249  -12.818  53.240 0.0000000000
69827  -28.559  -14.589  51.646 0.0000000000
71361  -25.916  -13.237  51.073 0.0000000000
74290  -23.251  -11.547  49.633 0.0000000000
77213  -4.680  -9.416  46.660 0.0000000000
78605  -5.701  -8.266  48.814 0.0000000000
78625  -8.496  -8.333  47.571 0.0000000000
75736  -9.618  -10.242  48.241 0.0000000000
72827  -7.287  -12.614  48.121 0.0000000000
71434  -4.737  -14.357  47.498 0.0000000000
101642  -46.031  9.099  40.114 0.0000000000
99049  -44.079  6.507  37.653 0.0000000000
78477  -11.106  -8.039  58.209 0.0000000000
72650  -9.311  -10.479  57.116 0.0000000000
72695  -8.671  -12.516  55.094 0.0000000000
75682  -18.129  -10.273  51.137 0.0000000000
75660  -16.652  -10.433  52.639 0.0000000000
75616  -16.068  -10.335  54.709 0.0000000000
74180  -12.341  -10.789  53.919 0.0000000000
72746  -9.469  -12.766  52.560 0.0000000000
83123  -3.269  -5.827  43.641 0.0000000000
80260  -3.324  -7.772  40.561 0.0000000000
78775  -5.205  -8.135  38.241 0.0000000000
77309  -10.129  -9.587  39.559 0.0000000000
75945  -7.619  -10.569  37.216 0.0000000000
75977  -5.159  -10.835  35.856 0.0000000000
84247  -6.435  -4.926  53.314 0.0000000000
168058  -4.792  -6.253  57.473 0.0000000000
80077  -4.125  -7.463  55.780 0.0000000000
78534  -5.300  -8.653  54.952 0.0000000000
74176  -4.756  -11.024  53.200 0.0000000000
71356  -2.568  -13.796  50.047 0.0000000000
66741  -3.516  -17.724  48.228 0.0000000000
62199  -1.204  -19.345  54.371 0.0000000000
60844  -2.589  -20.272  52.194 0.0000000000
59618  -4.671  -21.370  47.315 0.0000000000
69940  -38.365  -14.518  46.112 0.0000000000
68315  -37.776  -15.491  47.980 0.0000000000
69938  -36.905  -14.891  45.345 0.0000000000
69963  -38.298  -14.206  45.138 0.0000000000
68339  -35.577  -15.758  46.431 0.0000000000
68398  -35.786  -15.165  45.083 0.0000000000
68288  -36.432  -15.760  48.294 0.0000000000
68312  -34.998  -15.561  47.394 0.0000000000
106108  -47.015  11.847  38.366 0.0000000000
103130  -45.329  9.554  37.373 0.0000000000
103171  -45.005  9.618  35.635 0.0000000000
104698  -45.917  10.847  36.405 0.0000000000
106135  -46.485  11.374  35.886 0.0000000000
94881  -36.492  3.523  50.113 0.0000000000
94858  -37.870  3.547  50.889 0.0000000000
93491  -37.711  2.407  51.623 0.0000000000
93596  -34.296  2.207  46.340 0.0000000000
94917  -34.805  3.373  48.165 0.0000000000
94918  -35.660  4.110  48.133 0.0000000000
68378  -5.950  -16.047  45.252 0.0000000000
66814  -7.115  -16.893  44.427 0.0000000000
63796  -6.772  -18.517  45.314 0.0000000000
60985  -7.813  -20.807  45.111 0.0000000000
62407  -6.746  -19.614  45.557 0.0000000000
69756  -6.706  -14.204  55.490 0.0000000000
69740  -6.058  -14.290  56.368 0.0000000000
84389  -38.555  -6.418  45.928 0.0000000000
84409  -38.159  -6.157  44.965 0.0000000000
85666  -37.753  -5.055  46.565 0.0000000000
88248  -37.378  -3.989  46.873 0.0000000000
110145  -49.706  14.573  31.085 0.0000000000
111534  -49.382  15.330  29.579 0.0000000000
113034  -50.068  16.725  29.700 0.0000000000
81651  -7.497  -6.818  51.853 0.0000000000
78556  -8.267  -8.580  52.521 0.0000000000
80098  -7.566  -7.891  53.168 0.0000000000
100247  -41.773  7.508  43.010 0.0000000000
101548  -42.374  8.907  44.438 0.0000000000
97651  -40.444  6.326  42.623 0.0000000000
97700  -40.246  5.465  40.389 0.0000000000
98984  -41.411  6.603  41.869 0.0000000000
98985  -42.235  6.812  41.637 0.0000000000
77075  -15.089  -9.197  57.448 0.0000000000
77092  -15.587  -9.520  56.845 0.0000000000
74212  -22.933  -11.452  52.616 0.0000000000
74211  -22.080  -11.139  52.331 0.0000000000
80306  -2.662  -6.863  36.384 0.0000000000
77252  -6.417  -9.111  44.329 0.0000000000
77263  -6.520  -8.740  43.198 0.0000000000
78703  -7.807  -8.567  43.395 0.0000000000
65347  -4.912  -17.698  39.575 0.0000000000
68474  -4.540  -15.874  39.099 0.0000000000
66922  -3.677  -17.042  38.556 0.0000000000
82926  -10.678  -5.134  55.328 0.0000000000
82914  -9.663  -5.250  56.611 0.0000000000
69736  -1.224  -14.480  56.548 0.0000000000
71264  -0.839  -13.409  56.252 0.0000000000
69754  -1.741  -14.379  55.942 0.0000000000
69755  -2.375  -14.470  54.986 0.0000000000
66600  -2.142  -16.673  54.772 0.0000000000
72928  -39.529  -11.494  44.529 0.0000000000
75850  -39.459  -10.158  43.102 0.0000000000
75832  -39.856  -9.896  44.695 0.0000000000
80239  -40.592  -8.110  44.512 0.0000000000
66775  -32.299  -15.193  47.202 0.0000000000
66733  -31.746  -14.948  48.242 0.0000000000
68334  -30.809  -14.777  46.535 0.0000000000
68333  -30.084  -14.843  46.129 0.0000000000
108729  -48.853  13.593  34.487 0.0000000000
107429  -47.747  12.261  33.919 0.0000000000
106183  -47.948  11.596  32.050 0.0000000000
107430  -48.361  12.784  33.585 0.0000000000
108759  -48.986  13.256  32.185 0.0000000000
97571  -38.963  6.357  46.534 0.0000000000
97572  -39.332  6.901  47.054 0.0000000000
96219  -38.993  5.769  47.876 0.0000000000
96254  -37.117  5.295  46.276 0.0000000000
97607  -37.226  5.623  44.496 0.0000000000
97608  -38.276  5.639  44.664 0.0000000000
97609  -38.980  5.893  44.661 0.0000000000
85738  -4.159  -3.910  40.823 0.0000000000
83187  -3.212  -5.795  39.375 0.0000000000
83171  -3.664  -5.748  40.468 0.0000000000
72888  -9.279  -12.140  45.396 0.0000000000
72904  -10.351  -11.841  43.779 0.0000000000
71473  -9.083  -13.509  44.097 0.0000000000
63828  -9.433  -18.152  42.293 0.0000000000
66859  -9.462  -16.594  41.899 0.0000000000
62466  -9.250  -18.762  40.662 0.0000000000
62485  -8.017  -19.002  39.582 0.0000000000
61064  -7.716  -20.453  39.773 0.0000000000
58346  -7.191  -22.073  40.525 0.0000000000
78447  -8.834  -9.013  59.253 0.0000000000
79980  -7.693  -8.641  59.583 0.0000000000
75503  -6.951  -10.621  60.154 0.0000000000
69693  -4.353  -13.965  57.724 0.0000000000
69672  -4.514  -13.227  59.274 0.0000000000
69692  -3.963  -14.095  57.717 0.0000000000
69691  -2.946  -14.029  57.348 0.0000000000
89516  -36.200  -0.666  49.360 0.0000000000
88204  -36.685  -2.108  47.122 0.0000000000
89601  -35.942  -1.424  45.682 0.0000000000
89537  -36.447  -1.078  48.187 0.0000000000
89536  -35.959  -0.288  48.243 0.0000000000
71284  -27.577  -13.554  55.536 0.0000000000
71282  -25.969  -12.860  54.739 0.0000000000
71313  -26.497  -13.628  53.492 0.0000000000
68242  -30.176  -15.205  51.093 0.0000000000
69812  -30.002  -14.772  52.730 0.0000000000
69845  -28.664  -14.544  50.598 0.0000000000
72859  -25.492  -12.870  47.694 0.0000000000
71382  -26.512  -13.518  49.610 0.0000000000
72834  -24.834  -12.802  48.556 0.0000000000
72811  -24.677  -12.716  49.700 0.0000000000
72833  -24.119  -11.985  48.105 0.0000000000
74364  -22.774  -11.279  47.049 0.0000000000
80151  -6.814  -7.788  49.481 0.0000000000
78592  -6.524  -8.445  49.143 0.0000000000
78624  -7.376  -8.338  47.795 0.0000000000
78608  -8.197  -8.218  48.795 0.0000000000
77198  -9.627  -9.407  47.748 0.0000000000
78594  -9.052  -8.902  49.290 0.0000000000
74255  -7.531  -11.589  50.740 0.0000000000
72803  -7.676  -11.971  49.384 0.0000000000
72802  -6.377  -12.759  49.199 0.0000000000
71419  -6.111  -13.714  47.600 0.0000000000
71376  -4.899  -13.580  49.200 0.0000000000
101625  -45.764  8.194  40.985 0.0000000000
103011  -46.412  9.551  41.987 0.0000000000
168670  -45.247  9.674  43.163 0.0000000000
99001  -44.107  6.749  40.518 0.0000000000
97740  -43.952  5.897  37.921 0.0000000000
99023  -44.748  6.871  39.261 0.0000000000
101658  -45.119  8.205  38.718 0.0000000000
80017  -13.049  -7.630  59.169 0.0000000000
74107  -12.147  -9.633  56.027 0.0000000000
75545  -11.357  -9.421  56.687 0.0000000000
72681  -10.444  -10.711  55.999 0.0000000000
74119  -9.072  -12.137  56.301 0.0000000000
74139  -9.662  -11.887  55.292 0.0000000000
75719  -18.813  -10.373  49.406 0.0000000000
75701  -18.998  -10.361  50.388 0.0000000000
75700  -18.095  -10.231  50.042 0.0000000000
74234  -14.644  -10.833  51.329 0.0000000000
75680  -15.721  -10.602  51.798 0.0000000000
75659  -15.591  -10.465  52.941 0.0000000000
75637  -16.402  -10.446  53.729 0.0000000000
75658  -14.697  -10.454  53.262 0.0000000000
75634  -13.564  -10.252  54.042 0.0000000000
74208  -13.267  -10.706  53.288 0.0000000000
72765  -10.164  -12.694  51.480 0.0000000000
81765  -2.351  -6.459  44.744 0.0000000000
78731  -5.842  -8.424  41.331 0.0000000000
78729  -4.001  -8.363  41.243 0.0000000000
78744  -4.606  -8.318  40.139 0.0000000000
78760  -4.377  -8.252  39.061 0.0000000000
78776  -6.134  -8.319  38.388 0.0000000000
74433  -10.925  -11.689  41.380 0.0000000000
77300  -10.814  -9.774  40.549 0.0000000000
74480  -10.603  -11.650  39.740 0.0000000000
71608  -6.029  -13.507  38.269 0.0000000000
74499  -7.395  -11.747  37.602 0.0000000000
73040  -6.349  -12.247  37.367 0.0000000000
75961  -6.644  -10.470  36.681 0.0000000000
73055  -5.334  -12.222  36.549 0.0000000000
73067  -4.226  -12.024  35.576 0.0000000000
85496  -7.105  -4.144  54.195 0.0000000000
77055  -4.873  -7.994  58.347 0.0000000000
82885  -5.802  -6.408  58.309 0.0000000000
80031  -4.388  -7.732  57.969 0.0000000000
77098  -0.836  -9.500  54.988 0.0000000000
80067  -3.078  -7.870  56.153 0.0000000000
168063  -2.976  -8.882  55.759 0.0000000000
80089  -4.811  -8.016  55.270 0.0000000000
78523  -4.227  -9.475  55.744 0.0000000000
77121  -4.878  -10.120  54.070 0.0000000000
74157  -3.271  -10.976  53.980 0.0000000000
68213  -2.404  -15.407  51.450 0.0000000000
71338  -2.716  -13.779  51.131 0.0000000000
68235  -2.553  -15.321  50.551 0.0000000000
68276  -3.294  -15.392  49.356 0.0000000000
66692  -3.061  -16.290  49.826 0.0000000000
59497  -2.426  -21.133  53.982 0.0000000000
60823  -2.303  -20.213  53.303 0.0000000000
72896  -40.687  -12.336  45.679 0.0000000000
71511  -36.427  -12.985  43.561 0.0000000000
72954  -38.259  -12.212  41.847 0.0000000000
71512  -37.604  -12.737  43.777 0.0000000000
71514  -39.174  -12.235  44.474 0.0000000000
68364  -33.198  -15.107  45.458 0.0000000000
68396  -34.961  -14.456  45.033 0.0000000000
69987  -35.858  -13.604  43.833 0.0000000000
68311  -33.733  -15.112  47.525 0.0000000000
107405  -47.586  12.647  36.019 0.0000000000
101737  -45.136  8.975  33.315 0.0000000000
103222  -46.035  9.908  32.621 0.0000000000
103242  -46.851  10.058  31.103 0.0000000000
104743  -46.441  10.421  33.373 0.0000000000
106147  -47.051  11.953  35.414 0.0000000000
96217  -37.587  5.290  47.563 0.0000000000
96194  -38.433  5.542  48.783 0.0000000000
96174  -37.872  4.673  49.418 0.0000000000
93512  -38.268  3.343  51.262 0.0000000000
90967  -34.666  0.484  45.021 0.0000000000
92262  -34.143  1.336  44.533 0.0000000000
94957  -33.773  2.741  44.160 0.0000000000
94970  -33.953  3.673  43.564 0.0000000000
96285  -35.123  4.976  43.614 0.0000000000
96233  -34.748  4.346  46.176 0.0000000000
96235  -36.689  5.037  46.674 0.0000000000
71471  -7.149  -14.182  44.968 0.0000000000
69949  -8.041  -14.344  43.888 0.0000000000
68380  -7.447  -15.873  44.246 0.0000000000
65292  -8.554  -17.743  43.476 0.0000000000
62440  -9.149  -19.766  43.375 0.0000000000
59692  -8.718  -21.834  42.140 0.0000000000
60999  -8.730  -20.724  43.625 0.0000000000
59656  -8.306  -21.902  44.339 0.0000000000
71231  -7.354  -11.575  57.741 0.0000000000
71181  -6.248  -11.735  58.726 0.0000000000
69694  -6.059  -13.104  57.398 0.0000000000
88189  -37.320  -2.716  48.730 0.0000000000
81790  -39.080  -7.547  42.775 0.0000000000
81796  -37.671  -7.745  42.384 0.0000000000
84447  -37.658  -6.473  43.500 0.0000000000
84426  -37.337  -5.979  44.025 0.0000000000
84406  -36.153  -4.891  44.495 0.0000000000
85664  -36.534  -3.780  45.973 0.0000000000
89578  -36.926  -2.977  47.385 0.0000000000
69765  -29.001  -13.613  55.051 0.0000000000
69881  -29.064  -14.742  48.337 0.0000000000
69880  -27.646  -14.292  48.571 0.0000000000
69896  -27.238  -14.095  47.311 0.0000000000
71442  -26.106  -13.184  47.356 0.0000000000
110183  -48.616  14.294  28.687 0.0000000000
111573  -48.901  15.581  27.651 0.0000000000
113074  -49.379  16.322  27.592 0.0000000000
113089  -49.993  17.144  26.499 0.0000000000
80138  -8.179  -7.707  50.589 0.0000000000
78581  -8.942  -8.872  50.111 0.0000000000
78569  -8.597  -8.618  51.801 0.0000000000
75656  -8.041  -10.051  52.306 0.0000000000
75675  -6.875  -10.850  52.270 0.0000000000
100258  -44.255  8.022  42.265 0.0000000000
101565  -43.402  9.014  43.890 0.0000000000
96363  -40.027  4.999  39.310 0.0000000000
96380  -41.249  4.712  38.398 0.0000000000
96402  -41.926  4.357  36.879 0.0000000000
97720  -42.445  5.279  39.373 0.0000000000
99000  -43.310  6.437  40.571 0.0000000000
77044  -13.369  -8.605  58.904 0.0000000000
77074  -14.196  -9.112  57.837 0.0000000000
77090  -13.674  -9.248  56.885 0.0000000000
74143  -12.650  -9.983  55.427 0.0000000000
72807  -13.470  -12.057  49.611 0.0000000000
74232  -12.150  -11.588  51.520 0.0000000000
78683  -3.037  -8.835  44.642 0.0000000000
78701  -3.197  -8.492  43.824 0.0000000000
77261  -4.433  -9.436  43.883 0.0000000000
77277  -5.603  -8.839  42.361 0.0000000000
78732  -6.878  -8.197  41.368 0.0000000000
68478  -8.338  -15.194  39.892 0.0000000000
71589  -8.240  -13.735  38.817 0.0000000000
70047  -7.377  -14.501  39.292 0.0000000000
70045  -5.045  -14.926  38.969 0.0000000000
70093  -4.217  -14.212  37.685 0.0000000000
84222  -11.683  -4.675  53.721 0.0000000000
84220  -10.074  -4.526  54.440 0.0000000000
84218  -8.423  -4.170  55.141 0.0000000000
74091  -2.537  -11.721  57.862 0.0000000000
75553  -2.862  -9.982  57.387 0.0000000000
74089  -1.616  -11.884  56.910 0.0000000000
74117  -1.543  -11.366  55.683 0.0000000000
74137  -2.045  -11.564  55.263 0.0000000000
74156  -2.611  -11.490  54.178 0.0000000000
71278  -2.312  -13.520  54.519 0.0000000000
69786  -2.494  -14.544  52.991 0.0000000000
65120  -2.349  -17.143  52.315 0.0000000000
77302  -38.673  -9.077  41.204 0.0000000000
74451  -38.972  -10.998  42.173 0.0000000000
75868  -39.942  -9.994  42.063 0.0000000000
78737  -39.502  -8.567  42.556 0.0000000000
81791  -39.537  -7.529  43.397 0.0000000000
83118  -39.354  -6.804  45.011 0.0000000000
68261  -30.373  -15.037  50.216 0.0000000000
68263  -32.224  -15.320  49.671 0.0000000000
68262  -31.110  -15.233  49.484 0.0000000000
69882  -30.092  -14.942  48.455 0.0000000000
69898  -29.195  -14.790  47.277 0.0000000000
106216  -47.860  11.361  30.082 0.0000000000
107471  -49.139  13.232  30.841 0.0000000000
108779  -49.415  13.669  31.550 0.0000000000
98943  -40.202  6.932  45.061 0.0000000000
98908  -40.908  7.912  46.108 0.0000000000
98907  -40.202  7.550  46.328 0.0000000000
97626  -35.908  5.417  43.010 0.0000000000
97649  -38.739  5.594  42.744 0.0000000000
97630  -39.441  6.232  44.170 0.0000000000
74314  -21.526  -10.905  49.480 0.0000000000
75704  -21.137  -10.820  50.618 0.0000000000
75740  -20.535  -10.637  49.219 0.0000000000
75738  -18.723  -10.276  48.337 0.0000000000
81836  -2.886  -6.517  37.811 0.0000000000
80287  -3.247  -7.443  37.506 0.0000000000
78664  -9.464  -8.697  45.077 0.0000000000
78687  -9.828  -8.625  44.081 0.0000000000
75811  -10.626  -10.186  44.050 0.0000000000
74419  -10.713  -11.741  42.410 0.0000000000
72986  -10.170  -13.156  41.169 0.0000000000
69997  -8.912  -15.003  42.803 0.0000000000
69998  -9.516  -14.938  42.141 0.0000000000
68458  -9.124  -15.598  40.428 0.0000000000
65350  -8.161  -16.896  39.483 0.0000000000
82889  -9.086  -5.732  58.198 0.0000000000
81513  -8.413  -6.799  59.127 0.0000000000
81483  -6.373  -9.090  58.783 0.0000000000
77011  -5.142  -10.372  58.650 0.0000000000
71164  -5.459  -12.628  60.553 0.0000000000
72601  -4.036  -12.020  60.269 0.0000000000
74071  -3.463  -11.717  59.472 0.0000000000
71226  -2.567  -13.278  57.501 0.0000000000
71250  -2.043  -14.004  56.587 0.0000000000
68106  -1.394  -15.713  56.609 0.0000000000
92152  -35.652  1.416  50.616 0.0000000000
92136  -37.302  1.470  51.950 0.0000000000
90842  -36.900  0.405  51.876 0.0000000000
84494  -36.577  -6.989  41.562 0.0000000000
90968  -34.890  -0.290  44.785 0.0000000000
90895  -34.882  0.847  48.865 0.0000000000
72728  -24.499  -12.399  53.635 0.0000000000
72768  -23.767  -11.734  51.768 0.0000000000
68163  -30.911  -14.577  54.263 0.0000000000
69792  -29.270  -14.400  53.345 0.0000000000
69809  -27.641  -14.117  52.976 0.0000000000
71363  -27.216  -13.777  50.199 0.0000000000
71345  -27.144  -13.868  51.047 0.0000000000
71330  -26.377  -13.641  52.603 0.0000000000
72770  -25.479  -12.965  51.477 0.0000000000
72788  -24.035  -12.115  50.394 0.0000000000
74265  -23.060  -11.425  50.719 0.0000000000
74315  -22.470  -11.264  49.004 0.0000000000
114610  -50.452  17.839  26.248 0.0000000000
114621  -51.008  18.195  25.305 0.0000000000
116020  -51.557  18.601  25.040 0.0000000000
77234  -4.953  -9.628  45.746 0.0000000000
78661  -6.763  -8.776  46.184 0.0000000000
78622  -5.352  -8.497  47.753 0.0000000000
78641  -6.753  -8.752  47.064 0.0000000000
78643  -8.596  -8.357  46.491 0.0000000000
77215  -9.688  -9.424  46.722 0.0000000000
75758  -9.785  -10.240  47.279 0.0000000000
72852  -9.347  -11.649  47.147 0.0000000000
75715  -9.051  -10.743  49.573 0.0000000000
72828  -8.292  -11.914  48.557 0.0000000000
72850  -7.641  -12.976  46.976 0.0000000000
71437  -7.116  -13.736  46.523 0.0000000000
71453  -5.664  -14.840  46.731 0.0000000000
68349  -4.748  -15.978  46.171 0.0000000000
103108  -46.102  9.821  39.048 0.0000000000
97738  -42.955  5.225  36.942 0.0000000000
97748  -43.270  5.866  36.460 0.0000000000
99065  -43.616  6.606  35.933 0.0000000000
100334  -44.352  7.719  36.415 0.0000000000
101671  -45.037  8.792  37.735 0.0000000000
80015  -10.548  -7.775  58.628 0.0000000000
77041  -9.544  -9.359  58.590 0.0000000000
78494  -11.527  -8.479  57.699 0.0000000000
75543  -9.797  -9.657  57.883 0.0000000000
74084  -8.906  -10.616  58.065 0.0000000000
71269  -7.574  -12.937  55.870 0.0000000000
75685  -20.603  -10.756  51.376 0.0000000000
75663  -19.847  -10.597  52.078 0.0000000000
75640  -19.693  -10.446  53.068 0.0000000000
75698  -16.167  -10.650  50.928 0.0000000000
75661  -17.787  -10.414  52.379 0.0000000000
75639  -18.619  -10.375  53.313 0.0000000000
75618  -18.290  -10.251  54.512 0.0000000000
75596  -16.629  -9.864  55.522 0.0000000000
77105  -16.097  -9.698  56.214 0.0000000000
75594  -14.676  -10.003  55.545 0.0000000000
75613  -13.215  -10.133  54.689 0.0000000000
74160  -12.080  -10.901  54.748 0.0000000000
74206  -11.320  -11.591  52.366 0.0000000000
74178  -10.633  -11.812  53.034 0.0000000000
72697  -9.970  -11.868  54.235 0.0000000000
72724  -8.913  -12.705  53.489 0.0000000000
84415  -3.525  -4.712  43.381 0.0000000000
80236  -3.134  -7.638  43.322 0.0000000000
81795  -3.646  -6.749  41.969 0.0000000000
83157  -3.779  -5.813  41.443 0.0000000000
80259  -2.861  -7.810  39.836 0.0000000000
78759  -3.497  -8.094  38.802 0.0000000000
78789  -4.249  -8.047  37.130 0.0000000000
78717  -9.479  -8.414  42.292 0.0000000000
78749  -9.757  -8.690  40.444 0.0000000000
78765  -9.301  -8.674  39.413 0.0000000000
74478  -8.855  -12.028  38.643 0.0000000000
75922  -8.610  -10.518  37.975 0.0000000000
78778  -8.119  -8.337  38.426 0.0000000000
77329  -6.604  -8.847  37.189 0.0000000000
77341  -5.301  -9.281  36.272 0.0000000000
77340  -4.593  -9.230  35.835 0.0000000000
75975  -4.156  -10.502  34.921 0.0000000000
82898  -8.454  -5.391  57.504 0.0000000000
84186  -7.376  -5.171  56.825 0.0000000000
85472  -6.668  -4.656  55.916 0.0000000000
80008  -2.770  -7.815  57.766 0.0000000000
81527  -3.858  -7.419  56.789 0.0000000000
85482  -6.132  -4.774  55.280 0.0000000000
168072  -5.825  -5.544  54.822 0.0000000000
82956  -6.190  -6.221  54.112 0.0000000000
80091  -6.339  -7.404  54.097 0.0000000000
77114  -6.200  -8.734  54.176 0.0000000000
75653  -5.701  -10.660  53.290 0.0000000000
74225  -5.005  -12.040  51.721 0.0000000000
74174  -3.062  -12.261  53.013 0.0000000000
72745  -4.084  -12.551  51.903 0.0000000000
72781  -4.500  -13.099  50.303 0.0000000000
71395  -3.830  -14.135  49.198 0.0000000000
68322  -3.713  -15.503  47.897 0.0000000000
65246  -3.633  -17.916  46.873 0.0000000000
65061  -0.674  -17.430  55.945 0.0000000000
62198  -0.661  -19.324  54.870 0.0000000000
65081  -1.619  -17.677  54.753 0.0000000000
65102  -2.204  -17.518  53.945 0.0000000000
63601  -2.100  -17.722  52.874 0.0000000000
63654  -2.673  -18.218  50.939 0.0000000000
60862  -2.868  -20.285  51.042 0.0000000000
63678  -3.027  -18.265  49.919 0.0000000000
63710  -3.150  -18.806  49.104 0.0000000000
62379  -3.572  -19.031  47.284 0.0000000000
62381  -4.833  -19.485  46.386 0.0000000000
59620  -6.102  -21.454  46.554 0.0000000000
56718  -6.901  -23.363  45.976 0.0000000000
69920  -37.929  -14.696  46.626 0.0000000000
68342  -38.381  -14.844  47.083 0.0000000000
69918  -37.059  -14.503  45.875 0.0000000000
69939  -37.650  -14.605  45.481 0.0000000000
68340  -36.570  -15.026  46.484 0.0000000000
68367  -36.063  -15.175  45.578 0.0000000000
68314  -36.794  -15.408  47.741 0.0000000000
68313  -36.019  -16.008  47.358 0.0000000000
106092  -47.102  11.552  39.534 0.0000000000
104663  -46.080  10.485  38.375 0.0000000000
104682  -45.479  10.266  36.921 0.0000000000
104683  -45.935  10.803  37.381 0.0000000000
106107  -46.497  11.294  37.861 0.0000000000
94856  -36.912  2.983  50.727 0.0000000000
93509  -37.147  2.642  51.137 0.0000000000
93535  -35.363  2.324  49.909 0.0000000000
93559  -34.783  2.524  48.956 0.0000000000
94902  -35.438  3.264  49.153 0.0000000000
66786  -5.463  -16.867  45.696 0.0000000000
65272  -6.424  -17.691  45.078 0.0000000000
63795  -6.077  -18.295  45.495 0.0000000000
63776  -6.205  -18.879  45.726 0.0000000000
63775  -5.629  -18.636  45.953 0.0000000000
68129  -6.573  -15.184  55.201 0.0000000000
85667  -38.166  -6.001  46.433 0.0000000000
80107  -7.498  -7.045  52.680 0.0000000000
80097  -7.139  -7.398  53.299 0.0000000000
98960  -41.668  7.836  43.728 0.0000000000
98945  -41.269  7.840  44.485 0.0000000000
98972  -40.591  6.548  43.276 0.0000000000
98983  -40.865  6.508  42.441 0.0000000000
98973  -41.357  6.916  42.729 0.0000000000
77077  -16.850  -9.211  57.542 0.0000000000
77076  -15.931  -9.198  57.404 0.0000000000
77093  -16.479  -9.614  56.973 0.0000000000
74239  -22.640  -11.254  51.652 0.0000000000
74238  -21.755  -11.088  51.587 0.0000000000
80297  -3.113  -7.397  36.574 0.0000000000
80307  -3.141  -7.234  35.608 0.0000000000
77253  -7.131  -8.892  43.755 0.0000000000
66907  -3.767  -17.498  39.130 0.0000000000
82900  -10.380  -5.559  57.193 0.0000000000
68127  -1.761  -15.577  56.260 0.0000000000
69753  -0.884  -14.022  56.093 0.0000000000
68128  -2.233  -15.523  55.404 0.0000000000
74410  -39.983  -10.867  45.267 0.0000000000
74409  -39.632  -10.601  44.480 0.0000000000
75833  -40.203  -9.943  45.376 0.0000000000
77256  -40.500  -9.244  45.557 0.0000000000
68336  -32.367  -15.163  46.500 0.0000000000
66774  -31.683  -15.208  47.209 0.0000000000
68362  -31.447  -14.716  45.841 0.0000000000
107418  -48.128  12.908  34.376 0.0000000000
107441  -47.919  12.143  33.037 0.0000000000
97552  -38.714  5.915  47.202 0.0000000000
97553  -39.204  6.271  47.421 0.0000000000
97569  -37.842  5.439  46.339 0.0000000000
97590  -37.602  5.467  45.752 0.0000000000
97570  -38.272  5.646  46.633 0.0000000000
97591  -38.725  5.844  45.565 0.0000000000
85707  -4.062  -3.786  42.287 0.0000000000
85728  -4.245  -4.160  41.398 0.0000000000
83172  -4.151  -5.098  40.661 0.0000000000
83158  -4.087  -5.379  41.039 0.0000000000
72903  -9.659  -12.481  44.202 0.0000000000
62450  -9.437  -19.692  42.252 0.0000000000
63838  -9.626  -18.266  41.435 0.0000000000
62454  -9.448  -19.304  41.050 0.0000000000
62464  -7.945  -19.687  39.614 0.0000000000
61065  -8.519  -20.202  40.366 0.0000000000
59727  -7.687  -21.243  40.263 0.0000000000
59728  -8.584  -20.929  40.755 0.0000000000
75505  -8.329  -10.025  59.028 0.0000000000
77002  -7.724  -9.873  59.442 0.0000000000
74060  -7.489  -10.630  59.312 0.0000000000
88157  -36.784  -1.427  50.096 0.0000000000
88170  -37.265  -2.206  49.840 0.0000000000
78767  -38.299  -8.430  40.935 0.0000000000
89555  -36.402  -1.456  47.402 0.0000000000
71285  -28.074  -13.740  55.194 0.0000000000
71295  -27.266  -13.645  54.627 0.0000000000
71294  -26.570  -13.364  54.295 0.0000000000
71314  -26.930  -13.765  53.990 0.0000000000
69828  -29.421  -14.875  51.360 0.0000000000
72835  -25.499  -13.093  48.332 0.0000000000
72857  -24.110  -11.836  47.487 0.0000000000
74345  -23.536  -11.536  47.558 0.0000000000
74346  -24.043  -11.699  47.048 0.0000000000
80152  -7.786  -7.791  49.700 0.0000000000
80165  -7.364  -8.049  49.165 0.0000000000
74254  -6.545  -11.754  51.034 0.0000000000
72783  -6.856  -11.967  50.118 0.0000000000
71377  -5.526  -13.332  48.959 0.0000000000
72801  -5.301  -13.104  49.667 0.0000000000
101599  -45.886  8.995  42.210 0.0000000000
101610  -45.369  8.340  41.772 0.0000000000
100279  -44.731  7.115  40.224 0.0000000000
100280  -45.294  7.625  40.571 0.0000000000
74123  -11.854  -10.161  55.616 0.0000000000
72666  -11.222  -10.147  55.897 0.0000000000
72682  -10.902  -10.546  55.744 0.0000000000
74121  -10.497  -11.090  55.657 0.0000000000
75569  -10.750  -11.256  55.337 0.0000000000
75718  -17.675  -10.606  49.105 0.0000000000
75717  -16.962  -10.835  49.503 0.0000000000
75679  -14.665  -10.492  52.320 0.0000000000
75678  -14.006  -10.528  52.846 0.0000000000
81778  -2.405  -7.157  44.690 0.0000000000
78730  -4.938  -8.541  41.092 0.0000000000
78745  -5.590  -8.271  40.284 0.0000000000
78761  -5.357  -8.210  39.264 0.0000000000
78762  -6.356  -8.088  39.364 0.0000000000
72987  -10.598  -12.324  40.818 0.0000000000
73010  -10.702  -12.155  40.166 0.0000000000
73024  -5.879  -13.138  37.814 0.0000000000
73025  -6.504  -12.598  37.843 0.0000000000
73039  -5.675  -12.749  37.110 0.0000000000
74511  -5.752  -11.880  36.646 0.0000000000
73054  -4.553  -12.648  36.369 0.0000000000
71640  -4.035  -13.470  36.474 0.0000000000
84236  -8.323  -4.259  54.218 0.0000000000
78472  -4.539  -9.166  58.384 0.0000000000
78491  -4.662  -8.265  58.341 0.0000000000
78490  -4.039  -8.678  57.900 0.0000000000
75608  -1.382  -10.035  54.562 0.0000000000
78520  -1.967  -9.851  55.595 0.0000000000
77099  -2.088  -10.111  55.438 0.0000000000
78522  -3.762  -9.246  55.798 0.0000000000
75588  -2.943  -10.354  55.118 0.0000000000
77111  -3.967  -10.214  54.815 0.0000000000
75610  -3.301  -10.567  54.585 0.0000000000
69821  -2.422  -14.524  51.186 0.0000000000
65152  -2.798  -17.293  50.327 0.0000000000
58113  -2.442  -22.919  53.955 0.0000000000
58131  -2.339  -21.854  54.176 0.0000000000
58132  -2.477  -22.291  53.498 0.0000000000
72895  -40.232  -12.746  45.662 0.0000000000
71488  -38.778  -13.017  45.181 0.0000000000
71489  -39.257  -12.349  45.162 0.0000000000
68337  -33.313  -15.158  46.643 0.0000000000
68365  -34.399  -14.968  45.567 0.0000000000
69961  -36.332  -14.602  44.577 0.0000000000
69960  -35.440  -14.079  44.383 0.0000000000
71485  -36.450  -13.735  44.180 0.0000000000
107394  -47.448  12.591  36.965 0.0000000000
107395  -47.897  13.086  36.683 0.0000000000
100348  -44.242  7.872  35.543 0.0000000000
100360  -44.150  7.986  34.612 0.0000000000
101721  -44.426  8.597  35.128 0.0000000000
103188  -45.128  9.744  34.780 0.0000000000
103204  -44.905  9.393  34.421 0.0000000000
103205  -45.341  9.590  33.920 0.0000000000
103221  -45.545  9.423  32.958 0.0000000000
103206  -45.793  9.970  33.326 0.0000000000
104727  -46.204  10.659  34.320 0.0000000000
106146  -46.590  11.271  34.865 0.0000000000
96192  -37.059  4.791  48.234 0.0000000000
96193  -37.723  5.211  48.511 0.0000000000
94838  -38.030  2.981  51.335 0.0000000000
94839  -37.962  3.159  51.147 0.0000000000
93493  -38.762  2.771  51.860 0.0000000000
90952  -34.856  0.563  45.886 0.0000000000
92249  -34.462  1.315  45.512 0.0000000000
93606  -34.241  2.243  45.167 0.0000000000
94943  -34.190  3.343  45.718 0.0000000000
94958  -34.006  3.118  44.493 0.0000000000
96251  -34.477  4.337  45.085 0.0000000000
94919  -36.432  4.546  47.966 0.0000000000
96215  -36.100  4.626  47.305 0.0000000000
96216  -36.935  4.908  47.377 0.0000000000
71470  -6.607  -14.452  45.463 0.0000000000
69948  -7.482  -14.910  44.362 0.0000000000
68379  -6.676  -15.921  44.644 0.0000000000
65274  -7.502  -18.020  44.497 0.0000000000
66839  -7.668  -17.216  44.302 0.0000000000
63816  -8.441  -18.720  43.874 0.0000000000
62428  -8.355  -19.767  44.120 0.0000000000
58279  -7.746  -22.831  44.740 0.0000000000
72647  -7.035  -12.523  57.179 0.0000000000
71230  -6.715  -12.422  57.567 0.0000000000
71255  -6.586  -12.888  57.043 0.0000000000
88190  -37.599  -3.150  48.384 0.0000000000
83146  -38.943  -6.977  43.326 0.0000000000
83145  -38.280  -6.590  43.699 0.0000000000
84408  -37.462  -5.784  44.844 0.0000000000
84407  -36.885  -5.299  44.612 0.0000000000
85683  -36.429  -4.337  45.132 0.0000000000
88207  -37.647  -3.553  47.672 0.0000000000
88225  -37.168  -3.611  46.970 0.0000000000
68143  -29.182  -13.547  55.527 0.0000000000
68161  -29.572  -13.643  54.949 0.0000000000
69897  -28.293  -14.426  47.373 0.0000000000
69915  -27.220  -13.818  46.615 0.0000000000
108818  -48.713  13.598  29.328 0.0000000000
110162  -48.822  14.268  29.312 0.0000000000
111553  -48.931  15.307  28.620 0.0000000000
113054  -49.345  15.986  28.306 0.0000000000
113055  -49.781  16.809  28.577 0.0000000000
78580  -8.693  -8.526  50.852 0.0000000000
80124  -8.365  -7.887  51.525 0.0000000000
77138  -7.668  -9.377  52.933 0.0000000000
77139  -8.423  -9.398  52.138 0.0000000000
75655  -7.321  -10.231  52.625 0.0000000000
75676  -7.719  -10.696  51.995 0.0000000000
100257  -43.520  8.007  42.529 0.0000000000
101596  -43.723  8.389  42.795 0.0000000000
97699  -39.058  5.166  40.778 0.0000000000
97718  -40.597  5.083  39.638 0.0000000000
96365  -41.642  4.744  39.074 0.0000000000
97701  -41.640  5.823  40.628 0.0000000000
100256  -42.422  7.482  42.239 0.0000000000
98999  -42.469  6.345  40.928 0.0000000000
100265  -43.319  7.277  41.739 0.0000000000
98987  -43.679  6.892  41.147 0.0000000000
78510  -14.816  -8.942  57.888 0.0000000000
77091  -14.581  -9.454  56.649 0.0000000000
75573  -13.665  -9.621  56.112 0.0000000000
74125  -13.154  -9.708  55.990 0.0000000000
74144  -13.152  -9.812  55.747 0.0000000000
72787  -13.178  -11.801  50.419 0.0000000000
77260  -3.587  -9.246  44.282 0.0000000000
78702  -7.143  -8.590  43.113 0.0000000000
78714  -6.354  -8.550  41.995 0.0000000000
78733  -7.947  -8.143  41.428 0.0000000000
66911  -7.426  -16.205  39.418 0.0000000000
68477  -7.731  -15.283  39.628 0.0000000000
68476  -6.806  -15.453  39.243 0.0000000000
70044  -4.477  -15.151  38.864 0.0000000000
70067  -4.343  -14.625  38.352 0.0000000000
70066  -3.692  -15.165  38.039 0.0000000000
68520  -3.540  -15.793  37.548 0.0000000000
84204  -9.996  -4.833  55.276 0.0000000000
84205  -10.660  -4.917  54.878 0.0000000000
84203  -9.151  -4.467  55.582 0.0000000000
84219  -9.257  -4.215  54.786 0.0000000000
72645  -2.188  -12.592  57.460 0.0000000000
74090  -1.944  -11.940  57.349 0.0000000000
72644  -1.601  -12.633  57.061 0.0000000000
72692  -1.040  -12.840  55.920 0.0000000000
72675  -1.134  -12.535  56.220 0.0000000000
72676  -1.354  -12.231  55.845 0.0000000000
74118  -1.626  -11.900  55.628 0.0000000000
74138  -2.328  -12.033  54.640 0.0000000000
72694  -2.270  -12.602  55.006 0.0000000000
68151  -2.384  -15.546  54.355 0.0000000000
69768  -2.291  -14.511  53.942 0.0000000000
68174  -2.468  -15.516  53.358 0.0000000000
68191  -2.440  -15.461  52.409 0.0000000000
66636  -2.360  -16.459  52.811 0.0000000000
77301  -38.542  -9.890  40.882 0.0000000000
77292  -38.844  -10.231  41.233 0.0000000000
72926  -38.502  -11.836  43.056 0.0000000000
74407  -38.706  -11.408  42.952 0.0000000000
77266  -39.695  -9.617  43.500 0.0000000000
77280  -39.622  -9.230  43.012 0.0000000000
77294  -39.467  -9.131  41.880 0.0000000000
78720  -39.819  -8.516  43.264 0.0000000000
80246  -39.577  -8.024  42.964 0.0000000000
80247  -40.065  -8.020  43.636 0.0000000000
81772  -40.296  -7.701  45.320 0.0000000000
71508  -33.472  -13.378  43.848 0.0000000000
68223  -31.752  -15.321  51.592 0.0000000000
68243  -31.002  -15.440  50.799 0.0000000000
68264  -33.048  -15.162  49.397 0.0000000000
66732  -31.260  -15.156  48.054 0.0000000000
66706  -31.356  -15.255  48.618 0.0000000000
68284  -30.734  -15.166  48.416 0.0000000000
69864  -30.488  -14.915  48.848 0.0000000000
69899  -29.678  -15.075  47.814 0.0000000000
69934  -28.912  -13.999  45.357 0.0000000000
110117  -49.767  14.965  33.312 0.0000000000
104772  -46.866  10.363  31.736 0.0000000000
104773  -47.405  10.687  31.252 0.0000000000
106200  -47.931  11.378  30.900 0.0000000000
106217  -48.289  11.882  30.372 0.0000000000
107487  -48.324  12.412  29.580 0.0000000000
107470  -48.745  12.608  30.708 0.0000000000
108760  -49.407  14.022  32.698 0.0000000000
110131  -49.746  14.758  32.194 0.0000000000
98957  -39.850  6.525  44.622 0.0000000000
98925  -39.849  7.205  45.770 0.0000000000
96197  -39.512  6.298  47.931 0.0000000000
97554  -39.616  6.739  47.719 0.0000000000
97518  -37.889  4.897  49.079 0.0000000000
97532  -38.769  5.651  48.731 0.0000000000
96269  -35.042  4.934  44.502 0.0000000000
96298  -35.091  4.963  42.603 0.0000000000
97606  -36.023  5.382  44.316 0.0000000000
97627  -36.925  5.604  43.366 0.0000000000
97648  -37.711  5.556  42.509 0.0000000000
97610  -39.364  6.171  45.018 0.0000000000
97629  -38.872  5.830  43.822 0.0000000000
98971  -39.986  6.478  43.868 0.0000000000
74313  -21.015  -10.773  49.316 0.0000000000
75761  -19.707  -10.388  47.600 0.0000000000
84488  -3.575  -4.609  39.089 0.0000000000
83201  -2.931  -6.086  38.455 0.0000000000
81823  -2.744  -6.724  38.635 0.0000000000
80286  -3.024  -7.093  38.069 0.0000000000
77236  -9.916  -9.381  45.669 0.0000000000
77254  -10.055  -9.066  44.852 0.0000000000
75800  -10.392  -10.251  44.693 0.0000000000
72915  -9.879  -12.743  43.284 0.0000000000
74400  -10.686  -11.396  43.307 0.0000000000
72938  -10.243  -12.609  42.642 0.0000000000
72964  -10.515  -12.486  41.776 0.0000000000
72963  -10.039  -13.267  42.163 0.0000000000
69974  -8.164  -14.948  43.500 0.0000000000
71497  -8.640  -14.007  43.540 0.0000000000
65324  -9.529  -17.305  41.262 0.0000000000
68429  -9.514  -15.769  41.679 0.0000000000
66874  -9.397  -16.451  41.170 0.0000000000
70015  -9.406  -14.952  41.109 0.0000000000
66891  -9.232  -16.245  40.587 0.0000000000
66890  -8.941  -16.367  39.934 0.0000000000
65336  -8.747  -17.458  39.955 0.0000000000
62484  -7.311  -19.097  39.607 0.0000000000
63850  -6.674  -18.275  39.660 0.0000000000
58310  -8.249  -22.439  42.181 0.0000000000
58328  -7.428  -22.675  41.204 0.0000000000
81533  -9.504  -6.604  58.531 0.0000000000
80013  -8.952  -7.501  59.309 0.0000000000
78444  -6.308  -9.663  59.774 0.0000000000
81485  -6.983  -8.277  59.352 0.0000000000
78443  -5.964  -9.859  59.308 0.0000000000
78442  -5.699  -9.804  58.785 0.0000000000
77012  -5.638  -10.507  59.114 0.0000000000
71180  -5.369  -12.186  59.522 0.0000000000
69661  -5.284  -12.943  59.719 0.0000000000
71201  -3.826  -13.087  59.056 0.0000000000
71162  -4.326  -12.825  61.009 0.0000000000
74054  -3.848  -11.790  59.857 0.0000000000
72634  -3.199  -12.260  59.235 0.0000000000
72646  -2.775  -12.410  58.243 0.0000000000
71200  -3.053  -12.972  58.703 0.0000000000
68084  -2.068  -15.402  56.886 0.0000000000
69713  -2.302  -14.558  56.832 0.0000000000
68107  -1.530  -15.520  56.896 0.0000000000
69737  -1.666  -14.914  56.706 0.0000000000
90855  -35.871  0.523  50.820 0.0000000000
90840  -36.085  0.490  51.140 0.0000000000
90841  -36.342  0.172  51.223 0.0000000000
83159  -37.239  -6.977  42.616 0.0000000000
83177  -37.290  -7.587  42.140 0.0000000000
83176  -37.045  -7.153  42.318 0.0000000000
89619  -35.513  -1.444  45.016 0.0000000000
89600  -35.466  -0.779  45.200 0.0000000000
89515  -35.674  -0.136  48.947 0.0000000000
90896  -35.354  0.271  48.498 0.0000000000
90874  -35.469  0.474  49.691 0.0000000000
90873  -34.999  0.902  49.321 0.0000000000
72712  -25.278  -12.572  54.193 0.0000000000
72748  -23.749  -11.961  53.058 0.0000000000
72749  -24.585  -12.399  52.557 0.0000000000
69811  -29.572  -14.794  52.437 0.0000000000
69793  -29.961  -14.599  53.098 0.0000000000
69810  -28.501  -14.394  52.668 0.0000000000
69791  -28.405  -14.172  53.674 0.0000000000
71406  -27.180  -13.962  48.819 0.0000000000
69861  -27.854  -14.285  49.833 0.0000000000
71383  -27.206  -13.870  49.267 0.0000000000
71381  -25.623  -13.225  50.045 0.0000000000
71362  -26.518  -13.492  50.605 0.0000000000
71344  -26.640  -13.660  51.664 0.0000000000
71343  -25.965  -13.279  51.925 0.0000000000
72810  -23.926  -12.287  49.144 0.0000000000
72789  -24.761  -12.642  50.465 0.0000000000
74376  -22.153  -11.113  46.690 0.0000000000
74363  -22.027  -11.133  47.465 0.0000000000
113075  -49.876  17.059  27.491 0.0000000000
114599  -50.330  17.844  27.237 0.0000000000
116009  -51.804  19.322  26.119 0.0000000000
77212  -3.896  -9.281  46.738 0.0000000000
77235  -5.957  -9.122  45.455 0.0000000000
77214  -5.738  -9.047  46.605 0.0000000000
80163  -5.459  -7.846  48.357 0.0000000000
78623  -6.150  -8.659  47.749 0.0000000000
78642  -7.651  -8.514  46.838 0.0000000000
78644  -9.346  -8.718  46.102 0.0000000000
78626  -9.258  -8.721  47.164 0.0000000000
74359  -9.654  -11.068  46.797 0.0000000000
74338  -9.357  -11.118  47.696 0.0000000000
77160  -8.910  -9.466  50.653 0.0000000000
77161  -9.172  -9.523  49.902 0.0000000000
75696  -8.972  -10.373  50.119 0.0000000000
72804  -8.332  -11.642  49.132 0.0000000000
72851  -8.707  -12.230  47.487 0.0000000000
71420  -6.798  -13.360  47.340 0.0000000000
71418  -5.316  -13.788  47.626 0.0000000000
69909  -5.879  -14.239  47.363 0.0000000000
71452  -4.849  -15.150  47.167 0.0000000000
69926  -4.990  -15.427  46.699 0.0000000000
69925  -4.452  -15.424  47.267 0.0000000000
103080  -46.298  9.703  39.803 0.0000000000
104608  -46.671  10.304  40.303 0.0000000000
103055  -46.393  9.572  40.604 0.0000000000
97728  -42.896  4.958  38.669 0.0000000000
96394  -42.541  4.649  37.470 0.0000000000
96395  -43.197  5.149  37.700 0.0000000000
97739  -43.659  5.773  37.412 0.0000000000
99057  -43.805  6.284  36.905 0.0000000000
97756  -43.086  5.911  35.457 0.0000000000
99066  -44.077  7.257  35.943 0.0000000000
100324  -44.381  7.511  37.348 0.0000000000
101641  -45.725  8.275  39.979 0.0000000000
103079  -45.807  9.081  39.344 0.0000000000
103107  -45.539  9.460  38.353 0.0000000000
78476  -9.919  -8.545  58.875 0.0000000000
77042  -10.167  -8.659  58.425 0.0000000000
77060  -13.416  -8.942  58.402 0.0000000000
77043  -12.908  -8.640  58.556 0.0000000000
77059  -12.781  -8.786  57.982 0.0000000000
72651  -10.265  -10.146  56.660 0.0000000000
75544  -10.646  -9.192  57.118 0.0000000000
74094  -9.957  -9.850  57.205 0.0000000000
74093  -9.288  -10.356  57.895 0.0000000000
72637  -8.827  -10.638  57.765 0.0000000000
72649  -8.297  -11.100  57.364 0.0000000000
72663  -9.117  -11.144  56.677 0.0000000000
72679  -8.765  -12.600  55.994 0.0000000000
71281  -8.067  -12.863  55.480 0.0000000000
71280  -7.303  -13.504  55.270 0.0000000000
71292  -8.051  -13.097  54.591 0.0000000000
75721  -20.466  -10.632  50.065 0.0000000000
75703  -20.691  -10.690  50.829 0.0000000000
75702  -19.906  -10.502  50.631 0.0000000000
75683  -19.324  -10.485  51.297 0.0000000000
75662  -18.908  -10.442  52.202 0.0000000000
74261  -16.449  -11.012  49.648 0.0000000000
74260  -15.820  -11.006  50.190 0.0000000000
75681  -16.898  -10.430  51.507 0.0000000000
75638  -17.488  -10.307  53.522 0.0000000000
75617  -17.131  -10.106  54.625 0.0000000000
75595  -15.647  -10.093  55.526 0.0000000000
75615  -15.077  -10.353  54.786 0.0000000000
74181  -12.989  -10.468  53.872 0.0000000000
75614  -14.126  -10.007  54.727 0.0000000000
75633  -12.907  -10.379  54.242 0.0000000000
75612  -12.543  -10.435  54.599 0.0000000000
72767  -11.646  -12.308  50.936 0.0000000000
74231  -11.155  -12.032  51.525 0.0000000000
72747  -9.879  -12.491  52.160 0.0000000000
74205  -10.436  -12.017  52.060 0.0000000000
72726  -9.973  -12.275  52.786 0.0000000000
74158  -10.636  -11.601  53.940 0.0000000000
72709  -10.032  -12.086  53.550 0.0000000000
72708  -9.408  -12.288  53.913 0.0000000000
72725  -9.437  -12.485  53.209 0.0000000000
83111  -2.706  -5.776  44.395 0.0000000000
84396  -3.087  -5.226  44.045 0.0000000000
77275  -3.833  -8.984  43.257 0.0000000000
78713  -3.578  -8.294  42.556 0.0000000000
80254  -3.528  -7.660  41.565 0.0000000000
81803  -3.339  -6.827  40.718 0.0000000000
78774  -4.347  -7.946  38.064 0.0000000000
78773  -3.694  -7.776  37.818 0.0000000000
78790  -5.043  -8.155  37.287 0.0000000000
78706  -10.525  -9.132  42.886 0.0000000000
78705  -9.997  -8.570  43.056 0.0000000000
78718  -10.228  -8.818  42.230 0.0000000000
77310  -10.683  -10.156  39.805 0.0000000000
78750  -10.344  -9.021  40.834 0.0000000000
78748  -8.680  -8.293  40.409 0.0000000000
73008  -9.160  -12.847  38.912 0.0000000000
73027  -8.355  -12.747  38.285 0.0000000000
75921  -8.017  -11.163  37.668 0.0000000000
75946  -8.177  -10.041  37.591 0.0000000000
77318  -8.330  -9.325  37.911 0.0000000000
77331  -7.911  -9.783  37.452 0.0000000000
77317  -7.795  -8.735  37.941 0.0000000000
77330  -7.329  -9.253  37.303 0.0000000000
75960  -5.535  -10.319  36.212 0.0000000000
77342  -6.278  -9.315  36.701 0.0000000000
75959  -5.014  -9.790  35.983 0.0000000000
77355  -4.202  -9.665  35.278 0.0000000000
75976  -4.716  -10.343  35.632 0.0000000000
82888  -8.119  -5.923  58.402 0.0000000000
82887  -7.073  -5.636  58.674 0.0000000000
168071  -5.458  -5.829  57.635 0.0000000000
82911  -7.067  -5.346  57.268 0.0000000000
84185  -6.555  -5.312  56.868 0.0000000000
84200  -6.890  -4.936  56.386 0.0000000000
85461  -5.865  -5.260  56.384 0.0000000000
77087  -2.765  -9.942  57.034 0.0000000000
78507  -2.982  -8.923  57.324 0.0000000000
78506  -2.778  -8.962  56.842 0.0000000000
168064  -3.614  -7.549  56.215 0.0000000000
168060  -4.485  -6.864  56.097 0.0000000000
168073  -4.986  -5.969  55.978 0.0000000000
168066  -4.943  -6.199  55.812 0.0000000000
168074  -5.770  -5.525  55.063 0.0000000000
168068  -5.323  -6.483  55.319 0.0000000000
81595  -5.478  -7.444  54.909 0.0000000000
80090  -5.627  -7.755  54.665 0.0000000000
81597  -6.305  -6.910  54.035 0.0000000000
78542  -6.613  -8.245  53.980 0.0000000000
78535  -5.910  -8.285  54.353 0.0000000000
75630  -4.330  -10.476  53.861 0.0000000000
75631  -5.176  -10.467  53.648 0.0000000000
74203  -5.608  -11.135  52.687 0.0000000000
74202  -4.601  -11.811  52.336 0.0000000000
72723  -2.649  -12.803  53.324 0.0000000000
72760  -3.143  -13.258  51.449 0.0000000000
71339  -3.081  -13.476  50.799 0.0000000000
72761  -3.659  -12.909  51.002 0.0000000000
71357  -3.352  -13.573  50.240 0.0000000000
71374  -3.581  -13.752  49.467 0.0000000000
72825  -2.422  -13.189  49.098 0.0000000000
66720  -3.384  -16.456  48.939 0.0000000000
68296  -3.468  -15.809  48.333 0.0000000000
66742  -3.515  -16.913  48.201 0.0000000000
65204  -3.830  -16.850  47.406 0.0000000000
66762  -3.598  -17.722  47.899 0.0000000000
63553  -0.937  -18.513  55.827 0.0000000000
60804  -1.984  -20.096  54.296 0.0000000000
60803  -0.956  -20.216  54.837 0.0000000000
63575  -0.953  -18.491  54.715 0.0000000000
63576  -1.883  -18.465  54.276 0.0000000000
62245  -2.369  -19.212  52.755 0.0000000000
63629  -2.416  -18.062  52.245 0.0000000000
62268  -2.518  -19.234  51.555 0.0000000000
62289  -2.902  -19.227  50.433 0.0000000000
62312  -3.115  -19.134  49.459 0.0000000000
63695  -3.123  -18.310  49.284 0.0000000000
60891  -3.285  -19.919  49.296 0.0000000000
62358  -3.638  -19.978  47.652 0.0000000000
60945  -4.404  -20.434  46.854 0.0000000000
62380  -3.877  -19.545  46.970 0.0000000000
60966  -4.884  -20.214  46.389 0.0000000000
60967  -5.401  -20.318  46.308 0.0000000000
69964  -38.895  -13.948  45.736 0.0000000000
69941  -39.112  -14.232  46.522 0.0000000000
68368  -38.715  -14.621  46.588 0.0000000000
68316  -38.679  -15.406  48.036 0.0000000000
69962  -37.454  -14.434  44.734 0.0000000000
71487  -37.998  -13.507  44.477 0.0000000000
68366  -35.308  -15.308  45.687 0.0000000000
68287  -35.613  -15.498  48.223 0.0000000000
68289  -37.131  -16.178  48.581 0.0000000000
106125  -46.958  11.975  37.399 0.0000000000
107380  -47.538  12.562  37.875 0.0000000000
101689  -45.055  9.054  36.974 0.0000000000
103170  -44.627  9.029  35.604 0.0000000000
103152  -45.193  9.630  36.537 0.0000000000
104697  -45.442  10.249  36.015 0.0000000000
104713  -45.888  10.754  35.319 0.0000000000
106124  -46.456  11.398  36.893 0.0000000000
94903  -36.360  4.197  48.837 0.0000000000
94882  -37.467  4.058  50.209 0.0000000000
94857  -37.345  3.338  50.738 0.0000000000
93510  -37.735  2.982  51.132 0.0000000000
93492  -38.282  2.612  51.692 0.0000000000
93581  -34.388  2.440  47.670 0.0000000000
96214  -35.147  4.189  47.220 0.0000000000
66813  -6.191  -16.860  45.113 0.0000000000
65273  -7.075  -17.854  44.750 0.0000000000
63797  -7.367  -18.638  44.759 0.0000000000
62427  -7.537  -19.722  44.806 0.0000000000
62426  -7.183  -19.064  45.227 0.0000000000
62408  -7.260  -20.199  45.263 0.0000000000
60969  -7.026  -20.723  45.544 0.0000000000
71268  -6.848  -13.254  56.103 0.0000000000
69717  -6.421  -13.411  56.410 0.0000000000
69739  -6.438  -13.782  56.140 0.0000000000
68108  -6.299  -14.745  55.929 0.0000000000
83117  -38.680  -6.411  44.749 0.0000000000
83116  -38.435  -6.319  44.688 0.0000000000
84410  -38.630  -6.413  45.333 0.0000000000
84388  -38.025  -6.076  45.848 0.0000000000
84387  -37.572  -5.466  45.661 0.0000000000
85665  -36.874  -4.626  45.980 0.0000000000
86900  -37.796  -4.505  47.263 0.0000000000
68145  -30.566  -14.273  54.992 0.0000000000
71444  -27.217  -13.598  46.179 0.0000000000
111516  -49.836  15.477  30.614 0.0000000000
113016  -50.194  16.529  30.760 0.0000000000
80109  -8.375  -8.127  52.110 0.0000000000
80108  -7.905  -7.545  52.448 0.0000000000
78555  -7.779  -8.431  53.114 0.0000000000
77124  -7.431  -8.915  53.499 0.0000000000
100248  -42.551  8.056  43.252 0.0000000000
100238  -42.009  8.299  44.184 0.0000000000
97650  -39.738  6.157  42.994 0.0000000000
97674  -40.633  6.100  41.743 0.0000000000
97675  -41.386  6.185  41.385 0.0000000000
98974  -41.803  7.083  42.138 0.0000000000
78511  -15.351  -8.788  57.751 0.0000000000
77103  -14.706  -9.791  56.089 0.0000000000
72727  -23.687  -12.108  54.128 0.0000000000
81852  -2.592  -6.338  36.914 0.0000000000
83241  -2.729  -5.478  36.131 0.0000000000
81865  -2.545  -6.152  35.884 0.0000000000
77251  -5.228  -9.538  44.635 0.0000000000
77264  -7.145  -8.702  43.378 0.0000000000
66909  -5.254  -16.661  39.523 0.0000000000
66908  -4.361  -17.049  39.366 0.0000000000
68473  -3.999  -16.651  38.961 0.0000000000
84189  -9.685  -4.931  55.962 0.0000000000
69712  -1.035  -14.061  56.891 0.0000000000
71224  -1.201  -13.167  56.913 0.0000000000
69735  -0.734  -13.898  56.551 0.0000000000
71276  -1.155  -13.465  55.834 0.0000000000
72956  -39.159  -11.405  43.685 0.0000000000
72955  -39.111  -11.428  43.493 0.0000000000
74428  -39.322  -10.775  43.830 0.0000000000
75831  -39.598  -9.984  43.948 0.0000000000
77267  -40.154  -9.247  43.892 0.0000000000
78721  -40.419  -8.561  43.756 0.0000000000
78707  -40.626  -8.726  44.332 0.0000000000
71510  -35.399  -13.249  43.556 0.0000000000
65196  -32.224  -14.685  47.840 0.0000000000
66734  -32.396  -15.012  48.428 0.0000000000
65195  -31.958  -14.674  47.857 0.0000000000
66753  -31.219  -15.114  47.460 0.0000000000
68308  -30.878  -15.091  47.434 0.0000000000
68307  -30.029  -15.050  47.089 0.0000000000
106173  -47.425  11.310  33.272 0.0000000000
107442  -48.458  12.577  32.493 0.0000000000
107456  -48.706  12.705  31.611 0.0000000000
108744  -48.908  13.410  33.197 0.0000000000
97592  -39.199  6.357  45.688 0.0000000000
98905  -39.280  6.855  46.561 0.0000000000
96196  -39.384  5.976  48.087 0.0000000000
75784  -20.684  -10.574  46.782 0.0000000000
85737  -3.845  -3.716  40.083 0.0000000000
84476  -3.846  -4.922  40.011 0.0000000000
81814  -3.178  -6.340  40.044 0.0000000000
74371  -9.838  -11.169  45.787 0.0000000000
74372  -10.172  -10.885  45.029 0.0000000000
74386  -9.917  -11.578  44.942 0.0000000000
71498  -9.401  -13.319  43.446 0.0000000000
65308  -9.063  -17.609  42.759 0.0000000000
66858  -9.005  -16.750  42.527 0.0000000000
65309  -9.427  -17.441  42.063 0.0000000000
63842  -9.246  -18.087  40.561 0.0000000000
63841  -8.658  -18.174  40.044 0.0000000000
62465  -8.652  -18.945  40.150 0.0000000000
61088  -7.028  -20.113  39.419 0.0000000000
59746  -6.697  -20.985  39.538 0.0000000000
59726  -6.590  -21.758  39.968 0.0000000000
78462  -9.107  -8.595  59.344 0.0000000000
78460  -8.214  -7.978  59.716 0.0000000000
78433  -7.733  -9.211  59.544 0.0000000000
77001  -7.262  -9.820  59.749 0.0000000000
77014  -6.292  -10.194  60.228 0.0000000000
68057  -4.882  -13.746  57.755 0.0000000000
69673  -4.784  -13.331  58.759 0.0000000000
71202  -4.206  -13.281  58.834 0.0000000000
71228  -3.852  -13.526  58.161 0.0000000000
71227  -3.250  -13.595  57.828 0.0000000000
71252  -3.444  -14.067  57.594 0.0000000000
69714  -2.913  -14.490  57.152 0.0000000000
90875  -36.135  -0.194  50.020 0.0000000000
89501  -36.460  -0.602  50.597 0.0000000000
89502  -36.732  -1.289  50.881 0.0000000000
84445  -36.389  -6.078  43.112 0.0000000000
88223  -36.481  -2.320  46.221 0.0000000000
89577  -36.174  -1.454  46.578 0.0000000000
89554  -35.847  -0.750  47.181 0.0000000000
71283  -26.651  -13.263  55.216 0.0000000000
71293  -25.956  -13.031  53.798 0.0000000000
71312  -25.837  -13.333  52.984 0.0000000000
68222  -30.813  -15.241  51.798 0.0000000000
68203  -30.410  -14.920  52.676 0.0000000000
68221  -30.045  -15.127  51.977 0.0000000000
71425  -26.015  -13.308  48.115 0.0000000000
71404  -25.725  -13.306  48.956 0.0000000000
72812  -25.075  -12.909  50.148 0.0000000000
74316  -23.336  -11.640  48.570 0.0000000000
111585  -48.596  15.413  26.932 0.0000000000
78606  -6.054  -8.669  48.711 0.0000000000
78607  -6.905  -8.438  48.708 0.0000000000
78609  -9.184  -8.704  48.237 0.0000000000
77183  -9.494  -9.495  48.710 0.0000000000
74229  -7.964  -11.099  51.354 0.0000000000
74256  -8.402  -11.164  50.649 0.0000000000
72784  -7.533  -11.816  50.103 0.0000000000
72826  -6.521  -12.955  48.363 0.0000000000
71399  -6.494  -13.133  47.900 0.0000000000
71398  -5.911  -13.329  48.282 0.0000000000
71417  -4.459  -13.933  47.995 0.0000000000
101626  -46.065  8.870  40.751 0.0000000000
103032  -46.397  9.361  41.260 0.0000000000
101611  -46.072  8.810  41.521 0.0000000000
103010  -45.878  9.816  42.618 0.0000000000
99021  -43.784  6.223  39.972 0.0000000000
97729  -43.530  5.589  38.507 0.0000000000
99038  -43.865  6.165  39.269 0.0000000000
99039  -44.332  6.490  38.701 0.0000000000
99040  -44.839  7.077  38.895 0.0000000000
100314  -44.619  7.407  38.314 0.0000000000
100315  -44.958  7.489  38.847 0.0000000000
75571  -12.707  -9.418  56.568 0.0000000000
75554  -11.594  -9.310  57.065 0.0000000000
74106  -11.633  -9.707  56.145 0.0000000000
72652  -10.899  -9.938  56.269 0.0000000000
72664  -9.987  -10.733  56.449 0.0000000000
74104  -9.806  -11.274  56.222 0.0000000000
74120  -9.649  -11.881  55.850 0.0000000000
72680  -9.283  -12.269  55.460 0.0000000000
74259  -14.870  -11.197  50.484 0.0000000000
74235  -15.419  -10.773  50.917 0.0000000000
75636  -15.397  -10.617  53.934 0.0000000000
75635  -14.486  -10.388  54.055 0.0000000000
75657  -14.003  -10.370  53.486 0.0000000000
74230  -10.664  -12.364  51.498 0.0000000000
71328  -9.049  -13.457  52.225 0.0000000000
71311  -9.008  -12.976  52.957 0.0000000000
77289  -4.675  -8.806  41.917 0.0000000000
78743  -3.603  -8.181  39.853 0.0000000000
75856  -11.221  -11.050  41.846 0.0000000000
77291  -11.109  -10.060  41.781 0.0000000000
75875  -11.246  -10.816  40.971 0.0000000000
75898  -11.009  -10.764  40.029 0.0000000000
75897  -10.365  -10.712  39.409 0.0000000000
71609  -6.828  -13.225  38.366 0.0000000000
73026  -7.489  -12.561  38.042 0.0000000000
74513  -7.046  -11.447  37.204 0.0000000000
75962  -7.246  -9.980  36.816 0.0000000000
74512  -6.388  -11.638  36.994 0.0000000000
74530  -5.872  -11.140  36.612 0.0000000000
74529  -5.198  -11.482  36.246 0.0000000000
74546  -4.882  -11.146  35.708 0.0000000000
74528  -4.599  -11.699  35.894 0.0000000000
81531  -6.143  -6.930  58.682 0.0000000000
82886  -6.242  -6.271  58.634 0.0000000000
81530  -5.659  -6.848  58.346 0.0000000000
81529  -5.142  -6.843  58.077 0.0000000000
168057  -4.702  -6.777  57.701 0.0000000000
77085  -1.218  -9.785  55.672 0.0000000000
80066  -2.628  -8.651  56.240 0.0000000000
78517  -1.998  -9.345  55.974 0.0000000000
168067  -3.032  -8.118  55.813 0.0000000000
80088  -3.938  -8.364  55.579 0.0000000000
78532  -4.304  -8.599  55.586 0.0000000000
78533  -4.644  -9.025  55.606 0.0000000000
77112  -4.639  -9.720  54.686 0.0000000000
75611  -3.975  -10.358  54.389 0.0000000000
74175  -3.640  -11.261  53.279 0.0000000000
69804  -2.298  -14.547  52.056 0.0000000000
71326  -2.399  -13.894  51.825 0.0000000000
69839  -2.425  -14.299  50.306 0.0000000000
69872  -2.289  -14.141  49.458 0.0000000000
68256  -2.935  -15.134  50.026 0.0000000000
66691  -3.214  -16.996  49.099 0.0000000000
62221  -2.155  -19.250  53.829 0.0000000000
59516  -2.599  -21.247  52.866 0.0000000000
60912  -3.434  -20.658  48.768 0.0000000000
71539  -36.783  -12.548  42.265 0.0000000000
71562  -37.282  -12.466  41.809 0.0000000000
71540  -37.556  -12.673  42.487 0.0000000000
71541  -38.208  -12.534  42.922 0.0000000000
71513  -38.497  -12.467  43.959 0.0000000000
72927  -39.127  -11.811  43.721 0.0000000000
71515  -39.340  -11.953  44.952 0.0000000000
72929  -39.829  -11.482  45.330 0.0000000000
69937  -33.810  -14.308  45.236 0.0000000000
69959  -34.605  -13.985  45.075 0.0000000000
68397  -35.388  -14.864  44.993 0.0000000000
72925  -35.793  -12.740  43.269 0.0000000000
68286  -34.522  -15.332  48.349 0.0000000000
68310  -33.266  -14.966  47.903 0.0000000000
66776  -33.009  -14.987  47.156 0.0000000000
108709  -48.046  13.048  35.565 0.0000000000
108710  -48.665  13.595  35.727 0.0000000000
107406  -48.180  13.184  36.177 0.0000000000
103187  -44.691  9.267  34.934 0.0000000000
101750  -44.773  8.394  33.056 0.0000000000
101769  -44.885  8.211  32.226 0.0000000000
101770  -45.284  8.431  31.564 0.0000000000
103241  -46.307  9.801  31.671 0.0000000000
104756  -46.655  10.311  32.439 0.0000000000
106172  -46.999  10.778  33.425 0.0000000000
106159  -46.789  11.053  33.924 0.0000000000
106160  -47.202  11.738  34.385 0.0000000000
107417  -47.599  12.627  34.928 0.0000000000
96237  -37.949  5.489  47.088 0.0000000000
96218  -38.299  5.621  47.586 0.0000000000
96175  -38.045  4.722  49.551 0.0000000000
94884  -37.957  4.198  49.844 0.0000000000
94883  -37.937  4.191  50.245 0.0000000000
94859  -38.191  3.921  50.904 0.0000000000
93622  -33.927  2.128  44.583 0.0000000000
94982  -33.593  3.134  42.878 0.0000000000
94983  -33.916  4.016  42.866 0.0000000000
96268  -34.428  4.315  44.078 0.0000000000
96253  -36.537  5.281  45.973 0.0000000000
96236  -37.530  5.322  46.691 0.0000000000
85688  -3.441  -3.584  43.328 0.0000000000
71456  -7.885  -13.611  45.345 0.0000000000
71472  -8.151  -13.766  44.383 0.0000000000
69973  -7.730  -15.379  43.955 0.0000000000
68407  -7.878  -15.872  43.763 0.0000000000
66840  -8.098  -16.806  43.939 0.0000000000
66841  -8.528  -16.995  43.076 0.0000000000
63827  -9.284  -18.625  42.992 0.0000000000
59710  -8.657  -21.493  41.275 0.0000000000
61018  -9.252  -20.949  42.517 0.0000000000
59673  -8.714  -21.855  43.189 0.0000000000
60986  -8.259  -20.692  44.388 0.0000000000
59657  -8.476  -21.284  43.899 0.0000000000
59672  -8.366  -22.461  43.508 0.0000000000
58293  -7.844  -23.196  43.449 0.0000000000
72635  -7.886  -10.838  58.237 0.0000000000
72621  -6.749  -11.209  58.959 0.0000000000
71204  -6.595  -12.007  58.150 0.0000000000
69663  -6.150  -12.345  58.502 0.0000000000
69675  -6.061  -12.912  58.128 0.0000000000
69718  -5.888  -13.542  56.776 0.0000000000
68074  -5.546  -13.663  57.167 0.0000000000
68058  -5.433  -13.512  57.724 0.0000000000
86840  -37.612  -2.974  49.774 0.0000000000
81797  -38.245  -7.922  42.475 0.0000000000
81805  -38.024  -8.376  42.127 0.0000000000
83161  -38.540  -7.347  42.821 0.0000000000
83160  -37.765  -7.094  42.817 0.0000000000
84467  -37.365  -6.652  43.085 0.0000000000
84427  -37.910  -6.239  44.220 0.0000000000
84446  -37.065  -6.324  43.376 0.0000000000
84425  -36.686  -5.666  43.833 0.0000000000
85663  -36.151  -3.470  45.421 0.0000000000
86924  -36.567  -3.273  46.052 0.0000000000
86899  -36.924  -3.690  46.647 0.0000000000
86898  -36.627  -3.207  46.315 0.0000000000
88205  -37.062  -2.708  47.660 0.0000000000
69771  -28.299  -13.842  54.675 0.0000000000
69862  -28.751  -14.662  49.503 0.0000000000
69879  -26.943  -14.114  48.052 0.0000000000
71443  -26.619  -13.469  46.691 0.0000000000
71426  -26.546  -13.727  47.686 0.0000000000
110204  -48.259  14.327  27.639 0.0000000000
111533  -48.838  14.767  29.196 0.0000000000
110205  -48.637  15.003  27.913 0.0000000000
111572  -48.496  15.052  27.354 0.0000000000
111586  -48.915  15.969  26.842 0.0000000000
113088  -49.444  16.548  26.691 0.0000000000
80137  -7.250  -7.289  50.398 0.0000000000
77150  -8.715  -9.264  51.397 0.0000000000
74228  -7.151  -11.246  51.560 0.0000000000
100266  -44.490  7.532  41.457 0.0000000000
101598  -45.052  8.971  42.755 0.0000000000
101597  -44.129  8.475  42.733 0.0000000000
102977  -42.958  8.992  44.181 0.0000000000
96341  -39.407  5.047  39.948 0.0000000000
96393  -41.598  4.539  37.563 0.0000000000
96381  -42.254  4.647  38.432 0.0000000000
97702  -42.760  5.961  40.181 0.0000000000
97703  -43.321  6.083  40.077 0.0000000000
78480  -14.023  -8.368  59.052 0.0000000000
77061  -13.906  -8.781  58.750 0.0000000000
77089  -13.075  -9.200  57.015 0.0000000000
75572  -13.087  -9.498  56.333 0.0000000000
74124  -12.574  -9.752  55.895 0.0000000000
74142  -12.073  -10.579  55.203 0.0000000000
74311  -16.586  -11.408  48.060 0.0000000000
74310  -15.910  -11.586  48.450 0.0000000000
74285  -15.747  -11.393  49.299 0.0000000000
74284  -15.081  -11.427  49.757 0.0000000000
74283  -14.363  -11.571  49.966 0.0000000000
74258  -13.883  -11.515  50.715 0.0000000000
74257  -13.008  -11.594  51.000 0.0000000000
80221  -2.324  -7.772  44.939 0.0000000000
78700  -2.698  -8.334  44.569 0.0000000000
77276  -4.644  -9.029  42.883 0.0000000000
77262  -5.456  -9.186  43.536 0.0000000000
77290  -5.219  -8.720  41.665 0.0000000000
78747  -7.613  -8.107  40.418 0.0000000000
70049  -8.925  -14.561  39.727 0.0000000000
71590  -9.208  -13.954  39.518 0.0000000000
70048  -8.354  -14.547  39.613 0.0000000000
71588  -7.101  -13.806  38.783 0.0000000000
68475  -5.690  -15.658  39.164 0.0000000000
70046  -6.239  -14.574  38.812 0.0000000000
71587  -6.416  -13.802  38.602 0.0000000000
70068  -5.458  -14.209  38.505 0.0000000000
71607  -5.289  -13.690  37.878 0.0000000000
71606  -4.607  -13.946  37.707 0.0000000000
71623  -3.814  -14.061  36.672 0.0000000000
84221  -11.014  -4.660  54.208 0.0000000000
84238  -10.160  -4.355  53.555 0.0000000000
84237  -9.280  -4.348  53.892 0.0000000000
75540  -2.988  -10.485  58.047 0.0000000000
77054  -3.496  -9.451  57.899 0.0000000000
75552  -2.594  -10.397  57.164 0.0000000000
75551  -2.005  -10.914  56.663 0.0000000000
72659  -1.257  -12.585  56.705 0.0000000000
74102  -1.465  -11.660  56.356 0.0000000000
75566  -1.429  -10.642  56.197 0.0000000000
75585  -0.802  -10.239  55.219 0.0000000000
74136  -0.974  -10.668  54.845 0.0000000000
74155  -1.813  -10.602  54.746 0.0000000000
72706  -2.387  -12.631  54.182 0.0000000000
71290  -2.425  -13.593  53.591 0.0000000000
66654  -2.485  -16.333  51.863 0.0000000000
77303  -39.066  -8.822  41.627 0.0000000000
74450  -38.652  -11.351  41.380 0.0000000000
74427  -38.968  -11.030  43.061 0.0000000000
75849  -39.420  -10.581  42.354 0.0000000000
75867  -39.146  -10.549  41.626 0.0000000000
77293  -39.192  -9.830  41.445 0.0000000000
78752  -39.136  -8.595  41.984 0.0000000000
80255  -39.067  -8.144  42.433 0.0000000000
83133  -39.349  -6.952  44.045 0.0000000000
81784  -39.843  -7.475  44.209 0.0000000000
84411  -38.913  -6.590  45.537 0.0000000000
66707  -31.876  -15.440  48.878 0.0000000000
69863  -29.977  -14.655  49.316 0.0000000000
69917  -28.830  -14.481  46.446 0.0000000000
68306  -29.485  -14.769  46.572 0.0000000000
104786  -47.546  10.854  30.439 0.0000000000
104802  -47.294  10.863  29.756 0.0000000000
108798  -48.940  13.193  30.160 0.0000000000
108819  -49.055  13.734  30.014 0.0000000000
108778  -49.033  13.172  31.636 0.0000000000
108799  -49.299  13.775  30.591 0.0000000000
98944  -40.790  7.259  44.756 0.0000000000
98926  -40.523  7.413  45.562 0.0000000000
98906  -39.598  7.210  46.498 0.0000000000
96195  -39.143  5.838  48.413 0.0000000000
98958  -40.403  6.817  44.230 0.0000000000
74288  -21.567  -10.950  50.377 0.0000000000
75741  -20.919  -10.713  49.665 0.0000000000
75739  -19.713  -10.434  48.737 0.0000000000
75737  -17.857  -10.562  47.899 0.0000000000
80296  -2.747  -7.040  37.210 0.0000000000
78788  -3.651  -7.813  36.878 0.0000000000
78686  -8.758  -8.386  44.303 0.0000000000
78688  -10.377  -8.961  43.575 0.0000000000
77265  -10.644  -9.643  43.498 0.0000000000
74387  -10.470  -11.187  44.234 0.0000000000
75822  -10.803  -10.511  43.426 0.0000000000
75841  -11.067  -10.784  42.617 0.0000000000
71569  -9.569  -13.899  40.609 0.0000000000
71526  -9.326  -13.989  42.704 0.0000000000
68428  -9.237  -15.846  42.404 0.0000000000
71548  -9.703  -14.022  41.672 0.0000000000
70032  -9.120  -14.762  40.148 0.0000000000
68457  -8.803  -15.454  39.957 0.0000000000
66912  -8.249  -15.899  39.721 0.0000000000
65349  -7.086  -17.239  39.548 0.0000000000
63851  -7.988  -18.161  39.515 0.0000000000
65348  -5.945  -17.448  39.646 0.0000000000
59709  -7.923  -22.053  40.843 0.0000000000
81532  -8.810  -6.180  58.631 0.0000000000
81512  -7.347  -6.774  59.370 0.0000000000
81498  -7.778  -7.443  59.552 0.0000000000
81497  -7.103  -7.533  59.397 0.0000000000
81511  -6.572  -6.935  59.097 0.0000000000
81509  -6.180  -8.504  58.511 0.0000000000
78456  -5.029  -9.602  58.532 0.0000000000
77025  -4.447  -10.012  58.517 0.0000000000
72606  -6.718  -11.241  59.443 0.0000000000
74058  -5.909  -11.354  60.096 0.0000000000
74057  -5.332  -11.678  59.845 0.0000000000
69651  -5.253  -13.172  60.683 0.0000000000
72603  -5.088  -12.429  60.339 0.0000000000
74056  -4.846  -12.079  59.763 0.0000000000
75498  -4.253  -11.700  59.251 0.0000000000
75517  -3.771  -11.513  59.301 0.0000000000
75528  -3.499  -11.114  58.873 0.0000000000
74082  -3.037  -11.612  58.699 0.0000000000
69690  -2.697  -14.005  57.181 0.0000000000
71249  -1.380  -13.992  56.775 0.0000000000
71266  -1.443  -14.332  56.602 0.0000000000
66582  -0.907  -16.603  56.007 0.0000000000
93507  -35.769  2.019  50.495 0.0000000000
93489  -36.656  1.899  51.385 0.0000000000
92135  -36.564  1.329  51.532 0.0000000000
89487  -36.753  -0.565  51.338 0.0000000000
81804  -37.546  -8.117  41.918 0.0000000000
81816  -37.350  -7.648  41.340 0.0000000000
84482  -36.147  -6.563  41.776 0.0000000000
90931  -34.869  0.649  46.825 0.0000000000
90912  -35.394  0.117  47.474 0.0000000000
90911  -34.806  0.756  47.860 0.0000000000
92195  -34.545  1.558  48.337 0.0000000000
92174  -35.228  1.406  49.954 0.0000000000
72700  -25.146  -12.624  55.198 0.0000000000
72711  -24.474  -12.315  54.644 0.0000000000
68162  -30.152  -14.135  54.488 0.0000000000
69773  -29.868  -14.284  53.786 0.0000000000
69772  -29.256  -14.018  54.326 0.0000000000
69844  -27.836  -14.196  50.872 0.0000000000
69826  -27.603  -14.131  51.906 0.0000000000
69825  -27.002  -13.980  52.475 0.0000000000
69808  -26.918  -14.035  53.196 0.0000000000
71329  -25.896  -13.316  52.454 0.0000000000
72750  -25.440  -12.905  52.285 0.0000000000
72790  -25.255  -12.938  50.757 0.0000000000
72769  -24.788  -12.496  51.377 0.0000000000
74289  -22.361  -11.125  50.014 0.0000000000
74343  -21.733  -10.971  48.364 0.0000000000
74344  -22.644  -11.306  47.994 0.0000000000
113101  -49.602  16.593  25.754 0.0000000000
113102  -50.090  17.198  25.551 0.0000000000
114611  -50.811  18.175  25.889 0.0000000000
114637  -50.735  17.785  24.804 0.0000000000
116037  -52.130  19.045  24.511 0.0000000000
77233  -3.990  -9.679  46.004 0.0000000000
78684  -6.842  -8.703  45.263 0.0000000000
77197  -5.230  -9.025  47.258 0.0000000000
78662  -7.662  -8.397  45.796 0.0000000000
78663  -8.615  -8.369  45.398 0.0000000000
75780  -9.917  -10.250  46.303 0.0000000000
72872  -9.309  -11.933  46.481 0.0000000000
72871  -8.396  -12.876  46.130 0.0000000000
77171  -9.383  -9.632  49.385 0.0000000000
75716  -9.424  -10.319  49.235 0.0000000000
74281  -8.595  -11.292  49.671 0.0000000000
74308  -8.690  -11.329  48.891 0.0000000000
74337  -8.846  -11.486  48.242 0.0000000000
71438  -7.702  -13.591  46.032 0.0000000000
71455  -7.115  -14.022  45.694 0.0000000000
71454  -6.325  -14.419  46.088 0.0000000000
71436  -6.290  -14.245  47.106 0.0000000000
69928  -6.233  -14.776  45.630 0.0000000000
69927  -5.660  -15.248  45.923 0.0000000000
68350  -5.380  -16.069  45.731 0.0000000000
66785  -4.821  -16.777  46.144 0.0000000000
104634  -46.518  10.551  39.408 0.0000000000
104635  -46.811  10.867  39.988 0.0000000000
98927  -41.128  7.628  45.288 0.0000000000
93490  -36.904  1.992  51.590 0.0000000000
92137  -37.944  1.801  52.036 0.0000000000
96403  -42.363  4.715  36.532 0.0000000000
96412  -42.204  4.614  35.570 0.0000000000
97747  -42.671  5.312  36.024 0.0000000000
97755  -42.690  5.188  35.031 0.0000000000
97763  -43.069  5.797  34.395 0.0000000000
99071  -43.398  6.591  34.813 0.0000000000
100347  -43.786  7.310  35.185 0.0000000000
101688  -44.682  8.373  36.964 0.0000000000
101670  -44.651  8.071  37.946 0.0000000000
79999  -9.697  -8.130  59.219 0.0000000000
77027  -9.160  -9.078  59.005 0.0000000000
75519  -8.807  -9.975  58.705 0.0000000000
78479  -13.452  -8.218  59.147 0.0000000000
78478  -12.658  -8.122  58.743 0.0000000000
77071  -11.379  -8.892  57.347 0.0000000000
77058  -10.347  -8.811  57.836 0.0000000000
77057  -9.764  -9.428  58.218 0.0000000000
75530  -9.134  -9.999  58.491 0.0000000000
72623  -8.237  -10.613  58.490 0.0000000000
71232  -7.882  -11.027  57.919 0.0000000000
72648  -7.513  -12.046  57.230 0.0000000000
72661  -7.302  -12.638  56.706 0.0000000000
72662  -8.396  -11.995  56.644 0.0000000000
72678  -7.919  -12.653  56.256 0.0000000000
72677  -7.299  -12.826  56.241 0.0000000000
69757  -7.092  -14.552  54.765 0.0000000000
74263  -21.289  -10.992  51.018 0.0000000000
74237  -21.140  -11.020  51.554 0.0000000000
74182  -20.939  -11.011  52.400 0.0000000000
75684  -20.163  -10.587  51.353 0.0000000000
75664  -20.498  -10.871  51.890 0.0000000000
75641  -20.460  -10.710  52.730 0.0000000000
75619  -19.454  -10.473  54.247 0.0000000000
75699  -16.987  -10.466  50.234 0.0000000000
75597  -17.853  -9.800  55.844 0.0000000000
77104  -15.233  -9.779  56.155 0.0000000000
75593  -13.567  -9.875  55.394 0.0000000000
75592  -12.675  -10.157  55.023 0.0000000000
75591  -12.296  -10.506  54.895 0.0000000000
74141  -11.475  -11.227  55.139 0.0000000000
74207  -12.412  -11.370  52.807 0.0000000000
74179  -11.464  -11.417  53.430 0.0000000000
74159  -11.444  -11.303  54.398 0.0000000000
74140  -10.436  -11.510  54.983 0.0000000000
72696  -9.428  -12.097  54.759 0.0000000000
72707  -8.717  -12.600  54.180 0.0000000000
71310  -8.361  -13.586  53.340 0.0000000000
80235  -2.689  -7.753  44.207 0.0000000000
81779  -2.943  -6.786  44.074 0.0000000000
81789  -3.271  -6.713  42.981 0.0000000000
80245  -3.429  -7.457  42.463 0.0000000000
83139  -3.640  -5.783  42.593 0.0000000000
81813  -2.689  -6.917  39.594 0.0000000000
78758  -3.085  -7.997  39.050 0.0000000000
80276  -2.667  -7.271  38.765 0.0000000000
78802  -4.107  -8.376  36.269 0.0000000000
78704  -9.070  -8.392  43.251 0.0000000000
78716  -8.410  -8.328  42.377 0.0000000000
78736  -10.555  -9.230  41.506 0.0000000000
78735  -9.972  -8.610  41.440 0.0000000000
78734  -9.059  -8.289  41.398 0.0000000000
78764  -8.329  -8.050  39.334 0.0000000000
74479  -9.699  -11.682  39.082 0.0000000000
75923  -9.642  -10.528  38.721 0.0000000000
74500  -8.325  -11.757  37.985 0.0000000000
74501  -9.071  -11.307  38.442 0.0000000000
77319  -9.283  -9.492  38.563 0.0000000000
78779  -8.801  -8.684  38.623 0.0000000000
80269  -7.686  -7.837  38.826 0.0000000000
78777  -7.262  -8.182  38.340 0.0000000000
78792  -6.690  -8.575  37.671 0.0000000000
78791  -5.967  -8.484  37.387 0.0000000000
77343  -6.924  -9.724  36.774 0.0000000000
78804  -5.532  -8.645  36.713 0.0000000000
78803  -4.822  -8.525  36.489 0.0000000000
78815  -3.920  -8.808  35.483 0.0000000000
77354  -3.861  -9.458  34.762 0.0000000000
75990  -3.771  -10.677  34.269 0.0000000000
74545  -4.461  -11.241  35.360 0.0000000000
74544  -4.038  -11.656  34.787 0.0000000000
82970  -6.802  -5.686  52.917 0.0000000000
82899  -9.407  -5.502  57.387 0.0000000000
82913  -8.932  -5.291  56.835 0.0000000000
82897  -7.493  -5.387  57.684 0.0000000000
84176  -7.825  -5.219  57.179 0.0000000000
84187  -8.208  -4.969  56.662 0.0000000000
84201  -7.475  -4.721  56.088 0.0000000000
84217  -7.703  -4.454  55.430 0.0000000000
85483  -7.083  -4.526  55.171 0.0000000000
80030  -3.736  -7.773  57.644 0.0000000000
81528  -3.268  -7.778  57.471 0.0000000000
80052  -2.847  -8.172  56.742 0.0000000000
168069  -4.918  -6.063  57.101 0.0000000000
85495  -6.227  -4.722  54.247 0.0000000000
84234  -6.082  -5.242  54.082 0.0000000000
81574  -5.313  -7.133  55.144 0.0000000000
81575  -5.779  -6.472  54.828 0.0000000000
82942  -6.110  -5.627  54.092 0.0000000000
82957  -6.278  -5.789  53.769 0.0000000000
81615  -6.531  -6.574  53.612 0.0000000000
77123  -6.632  -9.359  53.777 0.0000000000
77122  -5.418  -9.766  53.957 0.0000000000
75632  -5.882  -10.160  53.586 0.0000000000
75654  -6.478  -10.484  53.062 0.0000000000
74204  -6.301  -10.950  52.452 0.0000000000
74227  -6.232  -11.313  51.854 0.0000000000
72763  -5.286  -12.005  51.299 0.0000000000
74201  -3.690  -12.280  52.550 0.0000000000
72743  -2.876  -13.199  52.266 0.0000000000
74200  -3.272  -12.700  52.516 0.0000000000
72762  -4.615  -12.281  51.241 0.0000000000
72800  -4.746  -13.411  49.704 0.0000000000
71396  -4.440  -14.003  48.888 0.0000000000
71416  -4.090  -14.391  48.556 0.0000000000
69873  -3.079  -14.427  49.319 0.0000000000
71432  -3.873  -14.786  48.475 0.0000000000
69907  -4.048  -15.253  47.703 0.0000000000
68348  -4.337  -15.994  46.878 0.0000000000
66784  -4.230  -16.796  46.627 0.0000000000
65271  -4.318  -17.770  46.545 0.0000000000
66581  -0.679  -17.173  56.292 0.0000000000
60802  -0.517  -19.761  55.031 0.0000000000
62197  -0.706  -19.309  55.281 0.0000000000
63574  -0.762  -18.575  55.306 0.0000000000
65080  -0.924  -17.691  55.404 0.0000000000
66599  -1.644  -17.115  55.395 0.0000000000
63602  -2.163  -18.264  53.324 0.0000000000
65119  -2.104  -17.221  52.913 0.0000000000
63628  -2.227  -17.538  52.628 0.0000000000
65137  -2.565  -17.223  51.408 0.0000000000
59532  -3.048  -21.347  51.765 0.0000000000
65167  -3.107  -17.505  49.401 0.0000000000
65185  -3.176  -18.060  48.957 0.0000000000
65184  -3.430  -17.945  48.455 0.0000000000
60929  -3.436  -20.015  48.373 0.0000000000
62333  -3.436  -19.047  48.190 0.0000000000
63746  -3.549  -18.259  47.578 0.0000000000
62403  -3.515  -18.383  46.955 0.0000000000
63749  -4.553  -18.644  46.503 0.0000000000
63750  -5.186  -18.692  46.322 0.0000000000
62406  -5.654  -19.546  46.016 0.0000000000
60968  -6.225  -20.537  46.165 0.0000000000
56719  -7.338  -23.544  45.091 0.0000000000
58294  -8.313  -22.705  42.917 0.0000000000
58329  -8.245  -22.162  41.496 0.0000000000
59579  -3.369  -20.815  49.102 0.0000000000
59747  -7.287  -20.761  39.640 0.0000000000
60786  -0.693  -19.889  55.230 0.0000000000
60911  -3.369  -20.170  48.791 0.0000000000
62334  -3.280  -19.294  48.724 0.0000000000
62356  -3.536  -18.775  47.716 0.0000000000
62357  -3.491  -19.546  48.002 0.0000000000
62378  -3.516  -18.436  47.160 0.0000000000
62382  -5.343  -19.064  46.237 0.0000000000
62402  -3.004  -18.426  46.834 0.0000000000
62404  -3.704  -18.879  46.862 0.0000000000
62405  -5.122  -19.902  46.174 0.0000000000
62424  -3.626  -18.207  46.781 0.0000000000
62425  -3.715  -18.408  46.748 0.0000000000
62455  -9.513  -18.635  40.878 0.0000000000
63709  -3.318  -18.647  48.577 0.0000000000
63728  -3.538  -18.418  48.108 0.0000000000
63747  -3.517  -17.991  47.244 0.0000000000
63748  -4.086  -19.056  46.676 0.0000000000
63771  -3.480  -18.207  47.068 0.0000000000
63772  -3.495  -18.073  46.988 0.0000000000
63773  -4.040  -18.531  46.617 0.0000000000
63774  -4.318  -18.102  46.544 0.0000000000
63792  -3.574  -18.090  46.832 0.0000000000
63793  -4.027  -18.076  46.573 0.0000000000
63794  -4.131  -17.945  46.574 0.0000000000
63815  -7.796  -18.423  44.325 0.0000000000
63837  -9.470  -18.822  42.028 0.0000000000
65079  -0.745  -17.992  55.756 0.0000000000
65101  -2.088  -17.575  53.252 0.0000000000
65166  -3.215  -17.452  48.980 0.0000000000
65194  -31.666  -14.921  47.613 0.0000000000
65202  -3.571  -18.089  48.060 0.0000000000
65203  -3.716  -17.190  47.636 0.0000000000
65213  -31.631  -15.351  47.277 0.0000000000
65214  -32.199  -15.544  47.694 0.0000000000
65215  -32.069  -14.972  47.446 0.0000000000
65220  -3.548  -18.037  47.716 0.0000000000
65221  -3.616  -17.740  47.264 0.0000000000
65222  -4.034  -17.160  46.873 0.0000000000
65223  -5.175  -18.189  46.304 0.0000000000
65224  -5.423  -18.306  46.126 0.0000000000
65235  -32.005  -15.750  47.138 0.0000000000
65236  -31.958  -15.503  47.198 0.0000000000
65237  -31.951  -15.328  47.255 0.0000000000
65247  -3.893  -17.455  46.837 0.0000000000
65248  -4.903  -17.682  46.323 0.0000000000
65269  -3.755  -17.979  46.704 0.0000000000
65270  -3.987  -17.746  46.646 0.0000000000
65290  -7.444  -17.525  44.447 0.0000000000
65291  -7.952  -17.754  44.176 0.0000000000
65356  -3.600  -17.582  38.084 0.0000000000
66617  -2.141  -17.172  53.344 0.0000000000
66635  -2.173  -16.884  53.164 0.0000000000
66708  -32.391  -15.351  49.089 0.0000000000
66719  -3.376  -17.269  48.625 0.0000000000
66743  -3.683  -16.603  47.666 0.0000000000
66754  -31.024  -14.885  46.964 0.0000000000
66755  -32.785  -14.857  47.680 0.0000000000
66756  -33.188  -14.993  47.275 0.0000000000
66761  -3.612  -17.969  47.958 0.0000000000
66763  -3.981  -16.525  47.199 0.0000000000
66773  -31.435  -15.298  47.310 0.0000000000
66800  -31.780  -15.031  45.183 0.0000000000
66811  -4.100  -17.349  46.646 0.0000000000
66812  -4.370  -17.350  46.492 0.0000000000
66815  -7.671  -16.339  44.143 0.0000000000
68059  -5.756  -13.287  57.634 0.0000000000
68125  -30.860  -14.117  55.342 0.0000000000
68183  -30.465  -14.556  53.642 0.0000000000
68202  -30.019  -14.963  52.357 0.0000000000
68297  -3.335  -16.096  48.100 0.0000000000
68309  -31.083  -14.987  47.175 0.0000000000
68323  -3.803  -15.885  47.557 0.0000000000
68332  -29.437  -14.531  45.857 0.0000000000
68335  -31.462  -15.013  46.698 0.0000000000
68369  -38.843  -14.600  46.858 0.0000000000
68445  -9.307  -15.798  41.010 0.0000000000
68500  -4.221  -15.335  38.769 0.0000000000
69652  -5.567  -12.994  60.479 0.0000000000
69659  -4.401  -13.020  59.774 0.0000000000
69660  -4.830  -13.141  59.908 0.0000000000
69671  -4.250  -13.158  59.285 0.0000000000
69688  -1.044  -13.642  56.994 0.0000000000
69689  -1.174  -13.805  56.935 0.0000000000
69711  -0.843  -13.943  56.831 0.0000000000
69716  -6.536  -13.341  56.332 0.0000000000
69738  -6.549  -13.413  56.240 0.0000000000
69770  -27.720  -13.822  54.544 0.0000000000
69789  -26.931  -13.913  53.644 0.0000000000
69838  -1.914  -14.053  50.121 0.0000000000
69854  -1.961  -14.135  49.890 0.0000000000
69855  -2.765  -14.509  49.798 0.0000000000
69856  -3.692  -13.760  49.318 0.0000000000
69857  -3.771  -13.806  49.332 0.0000000000
69874  -3.777  -13.842  49.310 0.0000000000
69875  -4.029  -13.938  49.291 0.0000000000
69883  -30.440  -14.995  48.575 0.0000000000
69890  -3.592  -15.051  48.812 0.0000000000
69891  -5.971  -13.829  47.584 0.0000000000
69892  -6.060  -14.107  47.406 0.0000000000
69906  -3.781  -15.174  48.167 0.0000000000
69908  -5.615  -14.107  47.430 0.0000000000
69919  -37.480  -14.525  46.296 0.0000000000
69946  -5.822  -15.590  45.484 0.0000000000
69988  -36.112  -13.856  44.060 0.0000000000
70031  -8.703  -14.880  39.926 0.0000000000
70069  -6.006  -14.010  38.569 0.0000000000
71163  -4.929  -12.839  61.055 0.0000000000
71165  -5.197  -12.095  59.788 0.0000000000
71177  -4.080  -12.758  60.043 0.0000000000
71178  -4.613  -13.231  60.726 0.0000000000
71179  -5.413  -12.765  60.226 0.0000000000
71182  -6.959  -11.232  58.657 0.0000000000
71203  -4.468  -13.325  58.811 0.0000000000
71205  -7.314  -11.232  58.278 0.0000000000
71206  -7.912  -10.913  58.038 0.0000000000
71229  -4.287  -13.497  58.288 0.0000000000
71248  -0.857  -13.375  56.702 0.0000000000
71251  -3.159  -14.034  57.476 0.0000000000
71253  -6.534  -13.464  56.270 0.0000000000
71254  -6.621  -13.117  56.543 0.0000000000
71265  -1.172  -14.243  56.755 0.0000000000
71267  -6.655  -13.322  56.250 0.0000000000
71270  -8.108  -12.796  55.930 0.0000000000
71279  -6.771  -13.622  55.720 0.0000000000
71296  -27.807  -13.756  54.937 0.0000000000
71355  -1.849  -13.684  50.026 0.0000000000
71358  -3.897  -13.524  50.022 0.0000000000
71372  -1.837  -13.652  49.480 0.0000000000
71373  -2.731  -13.620  49.523 0.0000000000
71375  -4.229  -13.659  49.525 0.0000000000
71380  -25.104  -13.008  49.822 0.0000000000
71393  -2.362  -13.732  49.085 0.0000000000
71394  -2.963  -13.801  49.162 0.0000000000
71397  -4.990  -13.501  48.381 0.0000000000
71403  -25.128  -13.107  49.414 0.0000000000
71415  -3.683  -14.496  48.990 0.0000000000
71433  -4.145  -14.648  47.922 0.0000000000
71435  -5.507  -14.397  47.283 0.0000000000
71451  -4.465  -14.925  47.510 0.0000000000
71525  -8.682  -14.428  43.072 0.0000000000
71624  -4.302  -13.668  37.135 0.0000000000
71625  -4.974  -13.481  37.356 0.0000000000
72602  -4.441  -12.537  60.478 0.0000000000
72604  -5.108  -11.923  59.777 0.0000000000
72605  -5.878  -11.608  59.537 0.0000000000
72607  -7.134  -11.005  59.127 0.0000000000
72618  -3.843  -12.209  60.040 0.0000000000
72619  -4.144  -12.525  60.591 0.0000000000
72620  -6.110  -11.559  59.228 0.0000000000
72622  -7.541  -10.874  58.694 0.0000000000
72636  -8.436  -10.728  58.064 0.0000000000
72665  -10.619  -10.339  56.149 0.0000000000
72683  -11.354  -10.415  55.663 0.0000000000
72693  -1.605  -12.565  55.581 0.0000000000
72744  -3.489  -12.898  52.012 0.0000000000
72778  -1.785  -13.154  49.676 0.0000000000
72779  -1.934  -13.111  50.034 0.0000000000
72780  -3.824  -13.278  50.435 0.0000000000
72798  -1.979  -13.153  49.089 0.0000000000
72799  -2.163  -13.016  49.593 0.0000000000
72809  -15.131  -11.582  49.283 0.0000000000
72824  -2.398  -13.355  48.981 0.0000000000
72870  -7.733  -13.306  46.420 0.0000000000
72902  -8.931  -13.230  44.449 0.0000000000
72909  -39.576  -12.718  45.483 0.0000000000
72910  -39.752  -12.033  45.470 0.0000000000
72916  -10.297  -12.157  43.282 0.0000000000
72953  -37.667  -12.423  41.749 0.0000000000
74050  -7.219  -10.654  59.857 0.0000000000
74051  -7.472  -10.403  59.577 0.0000000000
74055  -4.436  -12.012  59.749 0.0000000000
74059  -6.788  -11.159  60.036 0.0000000000
74061  -7.992  -10.307  59.055 0.0000000000
74072  -7.581  -10.734  58.971 0.0000000000
74083  -8.801  -10.457  58.433 0.0000000000
74092  -9.120  -10.298  58.321 0.0000000000
74095  -10.752  -9.611  56.621 0.0000000000
74103  -9.233  -11.709  56.391 0.0000000000
74105  -10.194  -10.952  56.087 0.0000000000
74122  -11.347  -10.836  55.476 0.0000000000
74154  -1.004  -10.268  54.387 0.0000000000
74177  -5.310  -10.867  53.251 0.0000000000
74209  -20.913  -11.048  51.877 0.0000000000
74210  -21.377  -11.060  52.083 0.0000000000
74226  -5.451  -11.738  51.891 0.0000000000
74236  -20.788  -10.914  51.572 0.0000000000
74253  -5.811  -11.790  51.291 0.0000000000
74262  -20.889  -10.854  51.268 0.0000000000
74280  -8.023  -11.663  50.154 0.0000000000
74282  -9.015  -10.914  49.199 0.0000000000
74309  -9.188  -10.883  48.589 0.0000000000
74426  -38.812  -11.562  42.353 0.0000000000
74456  -11.031  -11.619  40.455 0.0000000000
74498  -6.723  -11.945  37.442 0.0000000000
75489  -6.854  -10.224  60.133 0.0000000000
75490  -7.199  -10.064  59.927 0.0000000000
75491  -7.851  -10.109  59.333 0.0000000000
75492  -8.169  -9.831  59.241 0.0000000000
75499  -5.048  -11.483  58.980 0.0000000000
75500  -5.518  -10.978  59.410 0.0000000000
75501  -5.785  -10.783  60.228 0.0000000000
75502  -6.443  -10.737  60.300 0.0000000000
75504  -7.926  -10.271  59.152 0.0000000000
75518  -4.301  -11.008  58.787 0.0000000000
75531  -9.492  -9.748  58.339 0.0000000000
75538  -1.917  -11.502  57.081 0.0000000000
75539  -2.275  -11.169  57.385 0.0000000000
75541  -3.547  -9.962  58.205 0.0000000000
75542  -9.345  -10.074  58.244 0.0000000000
75555  -12.141  -9.482  56.618 0.0000000000
75556  -12.566  -9.554  56.235 0.0000000000
75567  -2.749  -10.078  57.128 0.0000000000
75568  -2.804  -9.894  57.172 0.0000000000
75570  -11.003  -11.115  55.404 0.0000000000
75586  -1.604  -10.169  55.109 0.0000000000
75587  -2.150  -10.416  55.255 0.0000000000
75589  -11.014  -11.264  55.251 0.0000000000
75607  -0.807  -9.912  54.532 0.0000000000
75629  -3.643  -10.664  53.962 0.0000000000
75697  -9.323  -9.981  49.685 0.0000000000
75722  -21.056  -10.730  50.190 0.0000000000
75944  -6.983  -11.092  36.905 0.0000000000
77000  -6.764  -9.867  60.014 0.0000000000
77003  -8.176  -9.620  59.353 0.0000000000
77015  -8.637  -9.397  59.188 0.0000000000
77016  -9.214  -9.043  59.140 0.0000000000
77026  -8.909  -9.648  58.824 0.0000000000
77037  -3.978  -9.610  58.232 0.0000000000
77038  -5.009  -8.082  58.271 0.0000000000
77039  -5.052  -7.744  58.342 0.0000000000
77040  -9.116  -9.740  58.657 0.0000000000
77045  -13.704  -8.572  59.120 0.0000000000
77053  -3.108  -9.461  57.575 0.0000000000
77056  -5.138  -7.937  58.460 0.0000000000
77069  -2.574  -9.907  56.705 0.0000000000
77070  -2.847  -9.569  57.148 0.0000000000
77072  -12.339  -9.113  57.322 0.0000000000
77086  -2.692  -10.101  56.968 0.0000000000
77088  -12.575  -9.351  56.883 0.0000000000
77100  -3.004  -10.017  55.429 0.0000000000
77101  -3.856  -10.025  55.380 0.0000000000
77102  -4.399  -9.563  55.445 0.0000000000
77109  -1.040  -9.370  54.553 0.0000000000
77110  -1.378  -9.764  54.906 0.0000000000
77113  -5.653  -9.074  54.317 0.0000000000
77237  -10.235  -9.634  45.008 0.0000000000
77255  -10.416  -9.402  44.282 0.0000000000
77268  -40.404  -9.251  44.795 0.0000000000
77278  -6.370  -8.607  42.507 0.0000000000
77299  -10.294  -9.223  40.320 0.0000000000
78431  -6.791  -9.230  59.539 0.0000000000
78432  -7.157  -9.369  59.624 0.0000000000
78434  -8.049  -9.434  59.455 0.0000000000
78441  -5.363  -9.788  58.627 0.0000000000
78445  -7.915  -8.387  59.747 0.0000000000
78446  -8.371  -8.920  59.508 0.0000000000
78457  -5.525  -9.402  58.563 0.0000000000
78458  -6.045  -9.737  59.416 0.0000000000
78459  -5.827  -9.862  59.560 0.0000000000
78461  -8.626  -8.307  59.643 0.0000000000
78470  -2.761  -8.041  57.723 0.0000000000
78471  -2.764  -8.009  57.913 0.0000000000
78473  -5.150  -8.876  58.555 0.0000000000
78474  -5.351  -8.175  58.491 0.0000000000
78475  -5.394  -8.012  58.491 0.0000000000
78488  -2.844  -8.362  57.319 0.0000000000
78489  -3.129  -8.460  57.709 0.0000000000
78492  -5.113  -7.985  58.497 0.0000000000
78493  -5.335  -7.929  58.487 0.0000000000
78495  -12.266  -8.339  58.130 0.0000000000
78505  -2.459  -9.235  56.343 0.0000000000
78508  -11.875  -8.797  57.509 0.0000000000
78509  -12.195  -8.664  57.700 0.0000000000
78519  -1.797  -9.842  55.538 0.0000000000
78521  -2.820  -9.615  55.566 0.0000000000
78530  -1.138  -9.355  54.868 0.0000000000
78531  -1.279  -9.574  54.968 0.0000000000
78543  -7.225  -8.359  53.559 0.0000000000
78719  -10.651  -9.403  42.225 0.0000000000
78742  -3.109  -8.045  39.360 0.0000000000
78751  -38.679  -8.620  41.565 0.0000000000
78763  -7.368  -7.892  39.424 0.0000000000
79978  -7.255  -8.940  59.639 0.0000000000
79979  -7.280  -8.982  59.539 0.0000000000
79981  -6.163  -9.459  58.791 0.0000000000
79982  -6.387  -9.350  59.020 0.0000000000
79983  -6.763  -9.101  59.428 0.0000000000
79984  -7.347  -8.483  59.512 0.0000000000
79985  -7.922  -7.983  59.681 0.0000000000
79994  -5.986  -9.329  58.569 0.0000000000
79995  -6.330  -9.526  59.350 0.0000000000
79996  -6.376  -9.543  59.536 0.0000000000
79997  -8.476  -7.731  59.618 0.0000000000
80009  -2.998  -7.855  57.844 0.0000000000
80010  -5.864  -9.030  58.459 0.0000000000
80011  -5.980  -8.208  58.447 0.0000000000
80012  -5.819  -8.046  58.481 0.0000000000
80014  -9.589  -7.562  58.948 0.0000000000
80029  -2.907  -7.884  57.353 0.0000000000
80032  -5.023  -7.236  58.197 0.0000000000
80033  -5.702  -7.708  58.467 0.0000000000
80034  -5.663  -7.972  58.480 0.0000000000
80051  -2.681  -8.716  56.512 0.0000000000
80076  -2.637  -8.827  55.963 0.0000000000
80164  -6.904  -8.263  49.160 0.0000000000
80267  -2.832  -7.710  39.144 0.0000000000
80268  -3.093  -7.913  38.849 0.0000000000
80270  -7.890  -7.758  39.101 0.0000000000
80277  -3.138  -7.641  38.429 0.0000000000
80278  -7.791  -8.009  38.584 0.0000000000
80279  -8.031  -7.848  38.803 0.0000000000
81482  -6.204  -9.229  58.635 0.0000000000
81484  -6.614  -8.729  59.070 0.0000000000
81486  -7.423  -7.940  59.538 0.0000000000
81494  -6.238  -9.027  58.538 0.0000000000
81495  -6.448  -8.646  58.785 0.0000000000
81496  -6.717  -7.963  58.993 0.0000000000
81507  -3.090  -7.726  57.474 0.0000000000
81508  -2.957  -7.722  57.708 0.0000000000
81510  -6.220  -7.699  58.600 0.0000000000
81514  -9.071  -7.193  58.927 0.0000000000
81544  -5.219  -6.615  58.065 0.0000000000
81596  -6.069  -6.823  54.424 0.0000000000
81614  -6.263  -6.323  53.966 0.0000000000
81630  -7.531  -6.952  52.367 0.0000000000
81802  -2.944  -7.369  40.195 0.0000000000
82880  -6.529  -6.423  59.030 0.0000000000
82882  -7.543  -6.123  59.113 0.0000000000
82894  -5.257  -5.896  57.533 0.0000000000
82895  -5.491  -6.110  57.969 0.0000000000
82896  -6.475  -5.514  57.850 0.0000000000
82912  -7.381  -5.320  57.226 0.0000000000
82941  -6.067  -6.041  54.325 0.0000000000
83131  -38.410  -6.367  44.397 0.0000000000
83147  -39.440  -7.218  43.709 0.0000000000
83194  -36.807  -7.211  41.377 0.0000000000
83195  -37.247  -7.676  41.724 0.0000000000
84175  -7.536  -5.295  57.211 0.0000000000
84184  -5.697  -5.671  57.325 0.0000000000
84202  -8.333  -4.588  55.847 0.0000000000
84216  -6.020  -5.596  54.353 0.0000000000
84233  -5.920  -5.425  54.595 0.0000000000
84436  -4.136  -4.522  41.616 0.0000000000
84459  -4.003  -5.219  41.419 0.0000000000
84460  -4.215  -4.827  41.255 0.0000000000
84477  -4.180  -4.435  40.684 0.0000000000
84483  -36.595  -6.948  41.881 0.0000000000
85462  -6.458  -4.955  56.377 0.0000000000
85473  -7.220  -4.574  55.627 0.0000000000
85494  -5.990  -5.146  54.490 0.0000000000
85640  -36.646  -3.546  46.244 0.0000000000
85641  -36.722  -3.735  46.340 0.0000000000
85708  -4.149  -4.314  41.846 0.0000000000
86860  -37.768  -3.570  48.672 0.0000000000
86923  -36.396  -2.917  45.819 0.0000000000
86925  -37.332  -4.143  46.716 0.0000000000
86926  -37.557  -4.224  46.922 0.0000000000
88224  -36.744  -3.004  47.025 0.0000000000
88226  -37.511  -3.850  47.183 0.0000000000
88249  -37.634  -3.965  47.076 0.0000000000
89486  -36.548  -0.400  51.104 0.0000000000
89556  -37.019  -2.981  47.503 0.0000000000
89579  -36.989  -3.162  47.320 0.0000000000
89580  -37.326  -3.355  47.421 0.0000000000
92134  -35.976  0.864  51.258 0.0000000000
92153  -36.144  1.470  51.113 0.0000000000
92173  -34.880  1.496  49.357 0.0000000000
92261  -33.837  1.806  44.342 0.0000000000
93508  -36.381  2.239  50.812 0.0000000000
93511  -38.271  2.998  51.505 0.0000000000
93534  -34.925  2.124  49.434 0.0000000000
93560  -35.164  2.719  49.341 0.0000000000
94880  -35.772  3.057  49.911 0.0000000000
94901  -34.955  3.075  48.768 0.0000000000
96176  -38.467  4.679  49.876 0.0000000000
96220  -39.378  6.032  47.882 0.0000000000
96221  -39.435  6.226  47.848 0.0000000000
96382  -42.987  4.854  38.178 0.0000000000
97519  -38.499  4.966  49.653 0.0000000000
97531  -38.174  5.107  49.106 0.0000000000
97573  -39.890  7.392  47.055 0.0000000000
97730  -44.053  6.072  38.188 0.0000000000
98924  -39.357  6.829  46.049 0.0000000000
98986  -42.991  6.740  41.331 0.0000000000
98998  -41.839  6.328  41.293 0.0000000000
99022  -44.398  6.593  39.660 0.0000000000
99048  -43.893  6.161  37.321 0.0000000000
99058  -44.114  6.943  36.692 0.0000000000
100255  -41.793  7.307  42.476 0.0000000000
100264  -42.738  7.093  41.714 0.0000000000
100297  -44.774  6.982  39.649 0.0000000000
100298  -45.099  7.409  39.499 0.0000000000
101564  -42.876  8.580  43.912 0.0000000000
101581  -43.029  8.383  43.343 0.0000000000
101582  -43.481  8.574  43.179 0.0000000000
101609  -44.696  8.256  42.204 0.0000000000
101657  -44.766  7.896  38.339 0.0000000000
101736  -44.596  8.842  34.093 0.0000000000
101751  -45.295  8.721  32.548 0.0000000000
102960  -42.602  8.962  44.358 0.0000000000
102961  -42.720  9.046  44.336 0.0000000000
102976  -42.721  8.897  44.265 0.0000000000
103151  -44.793  9.051  36.299 0.0000000000
104662  -45.610  10.151  37.704 0.0000000000
104712  -45.379  10.162  35.258 0.0000000000
104742  -45.884  10.182  33.899 0.0000000000
104744  -47.104  10.554  33.009 0.0000000000
106184  -48.358  12.229  31.839 0.0000000000
107457  -49.039  13.058  31.256 0.0000000000
110184  -48.627  14.737  28.307 0.0000000000
111552  -48.669  14.798  28.724 0.0000000000
168059  -5.121  -6.204  55.632 0.0000000000
168061  -4.958  -6.134  57.586 0.0000000000
168062  -4.844  -6.660  55.638 0.0000000000
168065  -4.776  -6.543  55.823 0.0000000000
168070  -5.847  -5.845  54.773 0.0000000000
