#!ascii label  , from subject _151 vox2ras=TkReg
1412
66550  -16.935  -16.532  58.756 0.0000000000
78551  -45.915  -9.813  52.638 0.0000000000
92155  -45.319  0.730  48.249 0.0000000000
95013  -50.642  4.142  40.557 0.0000000000
71321  -42.765  -14.580  52.657 0.0000000000
96271  -46.799  3.731  44.462 0.0000000000
104728  -51.828  9.967  34.681 0.0000000000
110102  -56.365  14.106  33.105 0.0000000000
77182  -48.902  -10.262  49.051 0.0000000000
83060  -49.334  -4.527  47.151 0.0000000000
84261  -45.989  -4.571  50.891 0.0000000000
69684  -19.582  -16.142  60.103 0.0000000000
63491  -25.010  -18.381  60.123 0.0000000000
59421  -29.705  -21.537  58.314 0.0000000000
52427  -33.657  -25.919  55.675 0.0000000000
55091  -38.380  -24.134  52.702 0.0000000000
62264  -43.020  -19.479  51.141 0.0000000000
66690  -47.777  -15.957  50.153 0.0000000000
92238  -51.289  0.422  46.971 0.0000000000
111505  -58.364  15.138  31.246 0.0000000000
77149  -48.519  -9.664  50.826 0.0000000000
80161  -48.233  -7.172  50.065 0.0000000000
80121  -46.312  -7.648  51.735 0.0000000000
68095  -20.035  -16.602  57.594 0.0000000000
66534  -22.707  -16.695  60.033 0.0000000000
60818  -38.949  -20.906  52.355 0.0000000000
58129  -40.745  -21.769  51.421 0.0000000000
63625  -41.024  -19.011  53.333 0.0000000000
74171  -44.874  -12.285  52.004 0.0000000000
66634  -45.408  -15.342  51.899 0.0000000000
72758  -47.299  -12.261  51.182 0.0000000000
69853  -49.184  -13.151  50.085 0.0000000000
88175  -48.490  -1.854  48.517 0.0000000000
86864  -51.172  -2.748  47.316 0.0000000000
92159  -48.166  1.255  48.141 0.0000000000
96301  -49.188  4.408  42.308 0.0000000000
98932  -51.212  6.197  45.278 0.0000000000
97636  -53.083  5.078  43.180 0.0000000000
168609  -53.532  3.645  40.397 0.0000000000
107368  -53.607  11.742  37.655 0.0000000000
104664  -51.879  9.962  38.381 0.0000000000
68230  -40.434  -15.984  52.024 0.0000000000
93703  -48.877  2.527  39.406 0.0000000000
107431  -54.045  12.126  33.938 0.0000000000
107399  -56.028  12.368  35.494 0.0000000000
107491  -57.269  12.391  29.914 0.0000000000
77209  -50.754  -10.546  45.656 0.0000000000
80185  -48.461  -7.639  47.414 0.0000000000
84279  -47.772  -4.975  49.353 0.0000000000
64970  -18.404  -16.909  61.251 0.0000000000
59431  -24.978  -20.593  56.808 0.0000000000
62128  -27.493  -19.622  58.926 0.0000000000
59451  -27.221  -21.630  55.769 0.0000000000
56574  -29.517  -23.567  54.648 0.0000000000
53721  -31.568  -25.147  54.205 0.0000000000
52466  -33.924  -26.558  53.040 0.0000000000
51213  -36.669  -25.756  54.455 0.0000000000
52502  -39.634  -25.347  50.913 0.0000000000
65115  -43.295  -17.276  52.451 0.0000000000
63676  -45.295  -17.849  50.003 0.0000000000
60909  -47.693  -19.622  48.957 0.0000000000
65200  -48.771  -16.491  47.848 0.0000000000
71412  -50.478  -13.089  47.803 0.0000000000
97540  -48.625  4.514  47.277 0.0000000000
100325  -50.843  7.253  37.438 0.0000000000
96384  -52.599  4.790  39.423 0.0000000000
66516  -16.403  -16.382  60.013 0.0000000000
78554  -47.792  -9.598  52.362 0.0000000000
78566  -47.493  -8.880  52.090 0.0000000000
78565  -46.714  -8.877  52.359 0.0000000000
62241  -38.567  -19.803  52.156 0.0000000000
62219  -40.224  -19.336  53.123 0.0000000000
65112  -39.404  -18.119  53.783 0.0000000000
77120  -45.956  -10.658  52.391 0.0000000000
72741  -46.126  -12.498  51.925 0.0000000000
75652  -47.017  -10.686  51.699 0.0000000000
75674  -48.141  -10.427  50.671 0.0000000000
89521  -48.241  -0.829  48.843 0.0000000000
92179  -47.395  0.729  48.362 0.0000000000
96317  -49.733  4.379  41.667 0.0000000000
97654  -50.592  4.977  42.907 0.0000000000
96303  -51.869  4.477  42.272 0.0000000000
168606  -52.950  3.550  41.980 0.0000000000
96345  -53.040  4.255  40.970 0.0000000000
103135  -55.426  10.789  36.560 0.0000000000
106095  -54.215  10.656  38.108 0.0000000000
103156  -54.064  9.927  36.565 0.0000000000
107443  -54.081  12.084  33.010 0.0000000000
108731  -55.184  13.412  33.981 0.0000000000
108700  -54.969  12.997  35.663 0.0000000000
111427  -56.618  13.365  35.071 0.0000000000
107421  -56.825  12.611  34.363 0.0000000000
110104  -57.372  13.844  33.287 0.0000000000
108803  -58.441  14.028  30.630 0.0000000000
77193  -49.909  -10.478  47.021 0.0000000000
78636  -49.137  -9.403  46.596 0.0000000000
78618  -48.596  -8.717  47.958 0.0000000000
81649  -47.225  -5.649  51.270 0.0000000000
83031  -48.166  -5.738  49.882 0.0000000000
84264  -46.986  -4.896  50.236 0.0000000000
86823  -46.583  -3.547  49.841 0.0000000000
85536  -45.872  -3.023  50.664 0.0000000000
63484  -19.327  -17.785  60.736 0.0000000000
66506  -20.657  -16.818  61.315 0.0000000000
66521  -23.721  -17.273  59.972 0.0000000000
63518  -28.651  -20.095  57.337 0.0000000000
60751  -28.309  -20.691  58.638 0.0000000000
59418  -26.943  -20.868  57.505 0.0000000000
58072  -28.426  -21.860  56.921 0.0000000000
58088  -28.569  -22.575  55.415 0.0000000000
55008  -29.555  -22.505  56.808 0.0000000000
52437  -32.800  -25.750  55.013 0.0000000000
52464  -32.670  -26.000  53.586 0.0000000000
51221  -33.903  -26.298  53.950 0.0000000000
56564  -38.929  -23.408  54.991 0.0000000000
55051  -37.005  -24.241  54.554 0.0000000000
52455  -37.933  -25.510  53.439 0.0000000000
49934  -37.251  -26.292  52.690 0.0000000000
51247  -38.097  -25.896  52.888 0.0000000000
51259  -38.379  -26.675  51.074 0.0000000000
53755  -38.880  -24.762  51.595 0.0000000000
59513  -41.737  -20.761  51.452 0.0000000000
56616  -41.517  -22.155  51.015 0.0000000000
58167  -42.742  -21.307  50.585 0.0000000000
167914  -43.645  -20.332  50.354 0.0000000000
68148  -41.926  -16.171  53.788 0.0000000000
68170  -43.764  -15.646  53.521 0.0000000000
65136  -45.732  -15.760  50.639 0.0000000000
65134  -44.848  -16.219  51.344 0.0000000000
65149  -45.783  -17.037  50.254 0.0000000000
62288  -46.208  -18.685  49.327 0.0000000000
63693  -47.809  -17.625  48.915 0.0000000000
66717  -47.751  -16.295  49.205 0.0000000000
75734  -49.359  -11.718  49.855 0.0000000000
71390  -49.889  -13.324  48.445 0.0000000000
74333  -49.734  -11.928  47.957 0.0000000000
75756  -50.433  -11.557  46.926 0.0000000000
69704  -18.646  -15.357  58.645 0.0000000000
69682  -18.166  -14.948  59.439 0.0000000000
69656  -18.365  -14.783  61.245 0.0000000000
83088  -49.911  -5.646  45.731 0.0000000000
83090  -51.112  -4.733  45.538 0.0000000000
89561  -51.448  -1.299  47.056 0.0000000000
96239  -46.735  3.757  46.356 0.0000000000
97538  -47.115  4.503  47.468 0.0000000000
97577  -48.098  4.935  46.525 0.0000000000
96242  -51.732  4.265  45.173 0.0000000000
96241  -51.190  4.468  45.805 0.0000000000
101627  -52.273  8.609  39.778 0.0000000000
101673  -51.344  8.027  37.674 0.0000000000
100299  -51.882  7.739  39.254 0.0000000000
99041  -51.536  6.318  38.330 0.0000000000
97722  -52.899  6.525  39.493 0.0000000000
96385  -53.181  4.808  39.310 0.0000000000
110132  -56.121  14.278  31.550 0.0000000000
111490  -57.246  15.092  31.890 0.0000000000
113006  -57.037  15.428  30.658 0.0000000000
115940  -58.042  16.412  30.201 0.0000000000
77170  -49.291  -10.429  50.321 0.0000000000
78603  -48.474  -9.012  49.038 0.0000000000
78588  -48.444  -8.595  50.536 0.0000000000
80134  -47.175  -7.748  51.198 0.0000000000
82985  -45.813  -5.359  50.926 0.0000000000
68078  -19.317  -16.174  58.218 0.0000000000
68067  -21.263  -16.278  59.758 0.0000000000
66552  -23.867  -17.751  58.576 0.0000000000
58110  -39.083  -22.796  52.754 0.0000000000
56598  -39.510  -23.000  51.951 0.0000000000
60801  -39.864  -21.349  51.867 0.0000000000
60841  -40.876  -20.469  53.037 0.0000000000
62244  -42.090  -19.656  52.381 0.0000000000
72719  -43.978  -14.131  52.409 0.0000000000
68172  -44.776  -15.366  53.099 0.0000000000
69785  -45.512  -14.284  52.252 0.0000000000
69802  -46.146  -13.797  51.419 0.0000000000
68212  -47.142  -14.438  50.386 0.0000000000
68255  -48.030  -14.956  49.562 0.0000000000
71337  -48.200  -12.975  50.248 0.0000000000
74251  -49.560  -11.593  51.089 0.0000000000
68093  -18.316  -15.742  57.079 0.0000000000
85577  -48.943  -3.282  47.809 0.0000000000
84319  -50.345  -3.645  47.462 0.0000000000
86848  -49.688  -2.557  48.345 0.0000000000
89523  -49.680  -0.852  48.489 0.0000000000
92182  -49.798  0.568  48.077 0.0000000000
96288  -48.556  4.389  43.579 0.0000000000
97595  -48.793  5.746  45.622 0.0000000000
97632  -50.005  5.614  43.696 0.0000000000
98950  -51.466  4.892  44.087 0.0000000000
106137  -52.546  11.176  36.583 0.0000000000
104700  -51.845  10.261  36.544 0.0000000000
104665  -52.483  10.666  38.472 0.0000000000
104610  -53.238  9.985  39.838 0.0000000000
77157  -44.931  -9.789  51.286 0.0000000000
75693  -44.935  -10.980  50.972 0.0000000000
94885  -45.388  1.580  47.456 0.0000000000
94973  -46.968  3.408  43.288 0.0000000000
94986  -47.888  3.543  42.260 0.0000000000
95011  -49.041  3.282  40.678 0.0000000000
95028  -49.683  3.116  39.714 0.0000000000
106161  -52.903  11.143  34.007 0.0000000000
107408  -53.589  12.455  35.732 0.0000000000
107385  -55.137  12.161  36.519 0.0000000000
103178  -55.494  11.302  35.458 0.0000000000
108763  -57.775  13.632  32.001 0.0000000000
107474  -57.514  12.690  30.920 0.0000000000
78657  -50.324  -9.523  45.369 0.0000000000
80215  -48.909  -7.609  45.604 0.0000000000
83059  -48.878  -5.620  47.060 0.0000000000
80174  -48.093  -7.747  48.392 0.0000000000
81698  -47.825  -6.436  48.876 0.0000000000
84317  -48.579  -4.678  48.163 0.0000000000
85575  -47.598  -3.862  48.896 0.0000000000
88162  -46.618  -2.697  49.164 0.0000000000
80132  -44.923  -7.687  50.871 0.0000000000
83029  -44.645  -5.809  50.119 0.0000000000
85574  -44.534  -3.591  49.521 0.0000000000
64996  -17.993  -16.867  59.628 0.0000000000
64997  -18.702  -17.611  59.097 0.0000000000
59464  -24.655  -21.054  55.375 0.0000000000
66580  -23.698  -18.137  57.342 0.0000000000
66553  -24.697  -18.016  58.526 0.0000000000
63503  -26.310  -18.582  59.341 0.0000000000
59433  -26.269  -20.825  56.763 0.0000000000
56610  -29.429  -23.668  53.351 0.0000000000
55116  -30.674  -24.531  52.765 0.0000000000
55033  -34.337  -24.812  55.426 0.0000000000
55049  -35.690  -24.712  55.068 0.0000000000
52440  -35.024  -25.995  54.647 0.0000000000
49919  -35.359  -26.509  53.607 0.0000000000
49946  -35.438  -26.717  52.635 0.0000000000
53741  -40.086  -23.926  51.327 0.0000000000
66610  -40.496  -17.235  53.700 0.0000000000
63599  -42.267  -17.733  53.562 0.0000000000
63650  -43.184  -18.562  52.176 0.0000000000
65117  -44.716  -15.926  52.313 0.0000000000
65133  -44.501  -16.900  51.473 0.0000000000
63674  -44.559  -18.803  50.219 0.0000000000
167912  -44.938  -19.180  49.635 0.0000000000
59577  -46.248  -19.623  48.891 0.0000000000
63770  -49.409  -16.814  47.151 0.0000000000
68275  -48.932  -14.930  48.373 0.0000000000
68295  -49.836  -14.589  47.626 0.0000000000
66810  -49.810  -15.046  46.670 0.0000000000
69945  -50.707  -13.493  46.544 0.0000000000
66493  -17.771  -15.965  61.313 0.0000000000
94888  -47.649  2.509  47.871 0.0000000000
94890  -48.777  2.856  48.827 0.0000000000
93564  -49.836  1.986  47.619 0.0000000000
98896  -49.776  5.897  46.854 0.0000000000
94909  -50.135  3.420  47.234 0.0000000000
92236  -50.431  1.229  46.530 0.0000000000
93713  -49.645  2.745  38.506 0.0000000000
95042  -50.362  3.323  38.744 0.0000000000
103154  -51.084  8.850  36.434 0.0000000000
100336  -50.321  7.339  36.481 0.0000000000
97741  -50.687  5.467  37.347 0.0000000000
97731  -51.674  5.422  38.440 0.0000000000
96367  -52.326  4.488  40.197 0.0000000000
96368  -53.288  4.487  40.005 0.0000000000
66549  -16.404  -16.487  58.636 0.0000000000
77136  -47.474  -10.278  52.578 0.0000000000
78553  -47.302  -9.598  52.851 0.0000000000
78564  -45.709  -8.936  52.447 0.0000000000
62261  -38.275  -20.194  51.628 0.0000000000
63594  -39.014  -19.344  52.285 0.0000000000
63647  -39.124  -18.178  51.957 0.0000000000
77134  -46.083  -10.401  52.596 0.0000000000
75650  -46.365  -10.764  52.294 0.0000000000
77135  -46.889  -10.405  53.003 0.0000000000
90860  -46.254  -0.185  48.384 0.0000000000
90878  -46.882  -0.035  48.267 0.0000000000
92156  -46.175  0.634  48.295 0.0000000000
96342  -50.341  4.410  41.060 0.0000000000
96318  -50.491  4.595  41.620 0.0000000000
96343  -51.008  4.613  40.986 0.0000000000
96320  -52.260  4.328  41.739 0.0000000000
96344  -51.952  4.442  41.012 0.0000000000
103176  -54.984  10.707  35.803 0.0000000000
104701  -54.462  10.398  36.606 0.0000000000
108747  -55.722  13.584  32.997 0.0000000000
108732  -55.667  13.685  33.669 0.0000000000
110090  -55.242  13.592  34.716 0.0000000000
111455  -56.048  13.853  34.057 0.0000000000
111446  -57.353  13.724  34.414 0.0000000000
111457  -57.227  13.841  33.955 0.0000000000
77192  -49.442  -10.266  47.807 0.0000000000
78619  -48.980  -9.511  47.460 0.0000000000
78604  -48.894  -9.562  48.289 0.0000000000
82987  -46.911  -5.184  51.215 0.0000000000
82988  -47.341  -5.237  50.774 0.0000000000
84262  -46.434  -4.646  50.797 0.0000000000
85520  -46.337  -4.251  50.357 0.0000000000
85518  -45.927  -3.724  50.775 0.0000000000
69658  -19.927  -15.611  61.127 0.0000000000
69669  -20.171  -15.602  60.876 0.0000000000
64986  -24.421  -17.742  59.910 0.0000000000
62108  -23.765  -19.161  60.239 0.0000000000
60752  -28.973  -20.713  58.361 0.0000000000
62143  -28.885  -20.105  57.983 0.0000000000
59420  -28.850  -21.516  58.330 0.0000000000
59419  -27.816  -21.308  58.177 0.0000000000
58061  -28.787  -22.305  58.094 0.0000000000
56540  -28.871  -22.183  57.288 0.0000000000
56529  -29.458  -22.603  57.600 0.0000000000
53688  -33.199  -25.464  56.001 0.0000000000
53687  -32.387  -25.088  55.700 0.0000000000
52426  -33.162  -25.784  55.540 0.0000000000
52438  -33.007  -26.117  54.616 0.0000000000
51198  -33.625  -26.057  55.282 0.0000000000
55071  -38.264  -23.730  53.790 0.0000000000
55070  -38.496  -24.140  54.316 0.0000000000
53738  -38.142  -25.158  52.947 0.0000000000
52469  -38.081  -25.690  52.864 0.0000000000
52470  -38.268  -25.638  52.621 0.0000000000
52471  -38.481  -25.154  52.040 0.0000000000
53739  -38.423  -24.888  52.364 0.0000000000
60860  -42.520  -20.308  51.488 0.0000000000
59514  -42.142  -20.738  50.946 0.0000000000
59531  -42.652  -20.495  50.832 0.0000000000
167906  -43.325  -20.598  50.503 0.0000000000
60861  -43.298  -20.268  50.602 0.0000000000
69780  -42.282  -15.169  53.241 0.0000000000
69781  -43.149  -15.093  53.336 0.0000000000
65151  -46.687  -15.898  49.985 0.0000000000
65150  -46.270  -16.146  50.242 0.0000000000
65164  -47.306  -17.014  50.119 0.0000000000
65181  -48.305  -16.961  49.699 0.0000000000
66689  -48.210  -16.551  50.091 0.0000000000
75735  -49.377  -11.282  49.644 0.0000000000
74305  -49.846  -11.895  48.904 0.0000000000
75754  -49.580  -11.098  48.456 0.0000000000
75755  -49.969  -11.110  47.331 0.0000000000
69683  -18.741  -15.678  59.781 0.0000000000
69668  -19.370  -14.917  60.648 0.0000000000
83073  -49.572  -5.378  46.391 0.0000000000
83089  -50.293  -5.290  45.712 0.0000000000
83074  -50.239  -4.329  46.547 0.0000000000
90915  -51.209  -0.586  47.148 0.0000000000
90937  -51.193  -1.531  46.607 0.0000000000
90960  -50.731  -1.410  46.342 0.0000000000
90959  -50.389  -0.630  46.393 0.0000000000
96257  -47.283  4.398  45.598 0.0000000000
96240  -47.202  4.399  46.204 0.0000000000
103190  -51.263  9.232  34.826 0.0000000000
100281  -52.393  8.034  39.558 0.0000000000
101643  -51.876  8.538  39.579 0.0000000000
99042  -52.058  6.671  38.900 0.0000000000
77158  -49.240  -10.093  50.704 0.0000000000
77169  -49.148  -9.617  50.452 0.0000000000
78568  -48.612  -9.487  51.101 0.0000000000
80122  -46.834  -8.372  51.724 0.0000000000
80133  -46.782  -7.120  51.394 0.0000000000
81648  -46.772  -6.240  51.472 0.0000000000
81647  -45.839  -6.345  51.603 0.0000000000
68094  -19.070  -16.302  57.266 0.0000000000
66564  -22.953  -16.841  57.940 0.0000000000
62216  -38.386  -20.982  52.083 0.0000000000
59491  -38.352  -22.002  52.503 0.0000000000
59471  -38.602  -22.312  52.651 0.0000000000
59472  -39.208  -22.198  52.591 0.0000000000
59473  -39.618  -22.008  52.262 0.0000000000
60799  -39.418  -21.243  52.346 0.0000000000
62220  -40.380  -19.477  53.230 0.0000000000
60840  -40.549  -20.037  53.181 0.0000000000
62242  -40.796  -19.722  53.371 0.0000000000
62243  -41.428  -19.774  53.000 0.0000000000
72739  -44.603  -12.771  51.876 0.0000000000
71306  -44.783  -14.089  52.420 0.0000000000
72721  -45.275  -12.978  52.326 0.0000000000
72742  -46.488  -12.342  51.469 0.0000000000
71324  -46.345  -13.201  51.914 0.0000000000
69803  -46.674  -13.542  51.032 0.0000000000
69818  -46.342  -14.020  50.896 0.0000000000
71336  -47.389  -13.117  50.785 0.0000000000
69820  -47.619  -13.837  50.361 0.0000000000
72759  -48.095  -12.210  50.706 0.0000000000
75694  -49.197  -10.545  50.402 0.0000000000
74224  -48.621  -11.325  50.475 0.0000000000
77159  -50.128  -10.514  50.909 0.0000000000
86847  -48.774  -2.642  48.251 0.0000000000
90881  -48.733  0.130  49.001 0.0000000000
89522  -49.081  -0.835  48.982 0.0000000000
90882  -49.392  0.185  48.653 0.0000000000
90883  -49.909  0.002  48.398 0.0000000000
92161  -49.258  0.807  48.302 0.0000000000
97652  -49.070  4.511  42.939 0.0000000000
97631  -49.237  4.930  43.629 0.0000000000
98975  -51.630  4.718  43.241 0.0000000000
98963  -51.153  4.983  43.819 0.0000000000
98964  -51.962  4.679  43.354 0.0000000000
97597  -52.093  4.175  44.014 0.0000000000
168622  -54.256  4.322  43.113 0.0000000000
107396  -52.960  11.934  37.118 0.0000000000
106126  -52.795  11.275  37.691 0.0000000000
107367  -53.330  11.526  37.929 0.0000000000
103058  -53.392  9.447  39.938 0.0000000000
75672  -45.273  -10.927  51.507 0.0000000000
94985  -47.350  3.346  42.688 0.0000000000
93686  -48.490  2.785  40.381 0.0000000000
95027  -49.046  2.869  40.078 0.0000000000
106175  -53.367  11.468  33.229 0.0000000000
106174  -52.829  11.054  33.351 0.0000000000
106162  -53.413  11.777  34.395 0.0000000000
106148  -52.888  11.516  35.258 0.0000000000
107419  -53.827  12.387  34.820 0.0000000000
110048  -55.360  12.767  35.727 0.0000000000
110046  -54.669  12.818  36.255 0.0000000000
107398  -55.566  12.129  35.985 0.0000000000
104703  -55.249  11.330  36.340 0.0000000000
106139  -56.076  11.985  35.375 0.0000000000
104718  -55.629  11.159  34.863 0.0000000000
106151  -56.491  11.960  34.767 0.0000000000
107433  -57.133  12.646  33.485 0.0000000000
111491  -57.754  14.815  31.896 0.0000000000
110120  -57.806  14.197  32.089 0.0000000000
110121  -58.574  14.373  31.502 0.0000000000
108802  -57.795  13.459  30.280 0.0000000000
108782  -57.880  13.493  31.154 0.0000000000
75796  -50.983  -10.742  45.621 0.0000000000
77229  -51.313  -10.263  45.224 0.0000000000
77228  -50.779  -10.117  45.381 0.0000000000
78635  -48.676  -8.640  47.040 0.0000000000
78655  -48.883  -8.563  46.122 0.0000000000
80199  -48.626  -7.605  46.511 0.0000000000
81722  -48.692  -6.508  46.819 0.0000000000
80148  -48.411  -8.170  50.187 0.0000000000
80162  -48.113  -7.777  49.568 0.0000000000
83011  -47.884  -5.221  49.247 0.0000000000
81687  -48.166  -6.091  49.652 0.0000000000
83032  -48.127  -5.411  49.123 0.0000000000
83046  -48.496  -5.297  47.931 0.0000000000
84297  -48.319  -4.614  48.572 0.0000000000
85558  -48.427  -3.973  48.385 0.0000000000
85557  -47.785  -4.353  48.886 0.0000000000
86822  -46.337  -2.939  50.318 0.0000000000
88149  -46.519  -2.828  49.898 0.0000000000
64981  -18.212  -17.074  60.703 0.0000000000
63485  -20.173  -17.458  59.943 0.0000000000
68056  -21.724  -16.609  60.290 0.0000000000
66519  -22.141  -16.958  60.303 0.0000000000
59447  -24.020  -20.575  56.208 0.0000000000
59448  -24.618  -20.679  56.275 0.0000000000
65056  -24.050  -18.337  57.005 0.0000000000
66565  -24.103  -17.702  57.805 0.0000000000
62127  -26.642  -19.444  58.887 0.0000000000
60737  -26.269  -20.095  58.609 0.0000000000
59434  -27.347  -21.329  56.704 0.0000000000
59450  -26.485  -21.295  55.913 0.0000000000
59466  -26.810  -21.813  55.019 0.0000000000
59488  -26.656  -22.096  54.231 0.0000000000
56573  -29.233  -23.111  55.079 0.0000000000
58104  -28.636  -22.709  54.736 0.0000000000
56592  -28.893  -23.238  54.378 0.0000000000
56593  -29.294  -23.823  54.099 0.0000000000
53704  -31.524  -24.863  55.223 0.0000000000
53720  -30.852  -24.535  54.845 0.0000000000
55085  -31.124  -24.653  53.790 0.0000000000
55084  -30.784  -24.414  54.131 0.0000000000
55102  -31.223  -24.895  53.331 0.0000000000
53735  -32.014  -25.472  53.182 0.0000000000
52465  -33.325  -26.312  53.318 0.0000000000
52477  -32.998  -26.039  52.929 0.0000000000
52478  -33.505  -26.398  52.622 0.0000000000
52495  -33.635  -26.440  51.815 0.0000000000
52479  -34.185  -26.586  52.369 0.0000000000
52442  -37.048  -25.303  54.618 0.0000000000
55050  -36.525  -24.415  55.134 0.0000000000
51201  -36.326  -25.558  54.736 0.0000000000
52429  -35.329  -25.471  54.711 0.0000000000
51212  -35.900  -26.116  54.429 0.0000000000
51223  -35.273  -26.371  53.933 0.0000000000
51224  -35.778  -26.441  53.981 0.0000000000
51244  -36.903  -26.758  52.186 0.0000000000
51233  -36.134  -26.443  52.738 0.0000000000
52480  -36.091  -26.736  52.186 0.0000000000
51255  -35.492  -26.817  51.431 0.0000000000
52501  -38.734  -25.785  51.353 0.0000000000
51271  -38.263  -26.710  50.698 0.0000000000
52517  -39.156  -25.995  50.227 0.0000000000
58128  -40.057  -22.108  51.669 0.0000000000
55093  -39.774  -23.337  51.593 0.0000000000
56599  -40.346  -22.617  51.510 0.0000000000
65130  -40.510  -17.042  52.694 0.0000000000
66650  -40.799  -16.568  52.821 0.0000000000
66613  -42.781  -16.600  53.327 0.0000000000
65097  -42.479  -17.029  53.643 0.0000000000
63627  -42.781  -17.779  53.060 0.0000000000
65131  -43.591  -17.916  52.188 0.0000000000
68188  -44.917  -15.417  52.492 0.0000000000
66616  -44.497  -15.317  53.185 0.0000000000
65118  -44.922  -15.925  52.279 0.0000000000
65148  -45.012  -17.335  50.709 0.0000000000
65147  -44.601  -17.888  50.904 0.0000000000
65146  -44.181  -18.276  50.851 0.0000000000
63675  -44.954  -18.082  50.434 0.0000000000
167917  -44.702  -18.886  49.916 0.0000000000
62266  -45.201  -18.736  49.671 0.0000000000
62309  -46.556  -18.568  49.056 0.0000000000
167918  -45.984  -19.141  49.345 0.0000000000
60908  -47.047  -19.217  48.519 0.0000000000
63708  -48.597  -17.141  48.399 0.0000000000
65219  -49.232  -16.325  47.419 0.0000000000
69852  -48.721  -13.865  49.548 0.0000000000
68274  -48.272  -14.967  48.796 0.0000000000
69870  -49.018  -14.091  48.954 0.0000000000
71411  -49.783  -13.138  48.124 0.0000000000
69887  -49.805  -13.919  47.952 0.0000000000
66759  -49.699  -15.085  47.372 0.0000000000
69903  -50.776  -14.256  47.878 0.0000000000
68376  -50.330  -14.182  46.553 0.0000000000
69904  -50.852  -13.769  47.640 0.0000000000
75777  -50.507  -10.982  46.254 0.0000000000
74357  -50.827  -12.115  46.018 0.0000000000
75798  -50.984  -11.656  45.882 0.0000000000
66495  -18.512  -15.634  61.431 0.0000000000
69650  -17.950  -14.977  61.562 0.0000000000
66503  -17.889  -16.441  61.090 0.0000000000
66517  -17.428  -16.532  60.243 0.0000000000
85599  -50.847  -3.135  47.301 0.0000000000
84340  -50.894  -3.612  46.756 0.0000000000
84341  -51.487  -3.510  46.503 0.0000000000
94921  -45.433  2.014  46.725 0.0000000000
94887  -47.024  2.159  47.632 0.0000000000
96202  -48.186  3.791  47.579 0.0000000000
96181  -47.894  3.232  48.006 0.0000000000
96183  -48.823  3.354  48.745 0.0000000000
94891  -49.358  2.709  48.989 0.0000000000
94908  -49.514  2.901  47.865 0.0000000000
98930  -49.577  6.108  45.837 0.0000000000
98912  -49.315  6.124  46.577 0.0000000000
98913  -50.053  6.023  46.264 0.0000000000
96225  -50.377  4.278  46.360 0.0000000000
94934  -50.088  2.969  46.452 0.0000000000
94922  -50.227  2.833  47.242 0.0000000000
93600  -50.087  2.123  46.540 0.0000000000
95058  -50.281  3.294  37.879 0.0000000000
104684  -51.571  9.780  37.414 0.0000000000
104699  -51.361  9.515  36.498 0.0000000000
103131  -51.340  8.964  37.181 0.0000000000
101690  -50.815  7.866  36.930 0.0000000000
99059  -50.091  6.254  36.005 0.0000000000
99060  -50.371  6.338  36.718 0.0000000000
97750  -50.322  5.570  36.733 0.0000000000
99050  -51.052  6.289  37.748 0.0000000000
96383  -51.432  4.193  39.199 0.0000000000
78567  -48.215  -9.294  51.692 0.0000000000
80120  -45.292  -7.430  52.129 0.0000000000
62217  -38.866  -20.183  52.365 0.0000000000
60819  -39.587  -20.374  52.436 0.0000000000
62218  -39.625  -19.567  52.608 0.0000000000
63596  -39.636  -18.832  53.870 0.0000000000
63597  -40.332  -18.802  53.992 0.0000000000
74173  -45.869  -12.063  51.764 0.0000000000
72722  -45.828  -12.760  52.272 0.0000000000
74197  -46.004  -11.719  51.815 0.0000000000
74198  -46.287  -11.507  51.587 0.0000000000
74199  -46.901  -11.420  51.202 0.0000000000
74223  -47.704  -11.340  50.793 0.0000000000
75673  -47.303  -10.563  50.974 0.0000000000
77148  -47.837  -10.007  51.673 0.0000000000
88173  -47.187  -1.368  48.096 0.0000000000
89520  -47.607  -0.711  48.353 0.0000000000
90880  -47.961  0.215  49.069 0.0000000000
90862  -47.858  0.797  48.544 0.0000000000
97653  -49.775  4.849  42.652 0.0000000000
97677  -50.530  4.710  42.275 0.0000000000
97678  -50.997  4.728  42.495 0.0000000000
97656  -52.541  4.420  42.436 0.0000000000
168620  -53.101  4.290  42.425 0.0000000000
97679  -52.672  4.084  41.787 0.0000000000
106111  -54.497  11.149  37.581 0.0000000000
106110  -53.760  11.142  37.994 0.0000000000
104686  -54.462  10.367  36.937 0.0000000000
107432  -54.653  12.660  33.487 0.0000000000
107420  -54.537  12.757  34.498 0.0000000000
107409  -54.200  12.810  35.227 0.0000000000
110074  -55.111  13.608  34.938 0.0000000000
111426  -55.999  13.423  35.023 0.0000000000
110060  -56.570  13.188  35.257 0.0000000000
107410  -56.607  12.530  35.112 0.0000000000
108715  -57.053  13.086  34.897 0.0000000000
108733  -57.140  13.066  33.954 0.0000000000
108748  -57.432  13.401  32.990 0.0000000000
111520  -58.706  14.965  30.700 0.0000000000
108805  -58.959  14.110  31.077 0.0000000000
110148  -58.641  14.415  30.650 0.0000000000
107510  -56.816  12.105  29.288 0.0000000000
75776  -50.172  -10.717  46.731 0.0000000000
78637  -49.659  -9.850  46.113 0.0000000000
77207  -49.553  -10.033  46.899 0.0000000000
81685  -47.599  -6.872  50.555 0.0000000000
81697  -48.152  -6.761  49.720 0.0000000000
81670  -47.674  -5.815  50.499 0.0000000000
83010  -47.841  -5.344  50.107 0.0000000000
84278  -47.292  -4.940  49.886 0.0000000000
85539  -47.371  -4.636  49.462 0.0000000000
85538  -46.792  -4.460  49.809 0.0000000000
86810  -46.293  -3.589  50.378 0.0000000000
86821  -45.991  -2.664  50.313 0.0000000000
66504  -18.770  -16.245  61.346 0.0000000000
64971  -19.105  -17.357  61.183 0.0000000000
66505  -19.783  -16.624  61.390 0.0000000000
64972  -20.116  -17.428  61.280 0.0000000000
63474  -20.525  -18.095  61.052 0.0000000000
60748  -25.346  -19.952  57.889 0.0000000000
59409  -27.068  -20.686  58.599 0.0000000000
58087  -27.882  -22.074  55.913 0.0000000000
58073  -28.549  -22.501  56.176 0.0000000000
56557  -29.024  -23.032  55.853 0.0000000000
55064  -29.648  -23.450  55.603 0.0000000000
53722  -32.048  -25.548  54.412 0.0000000000
52463  -32.141  -25.678  53.921 0.0000000000
52452  -32.482  -25.874  54.349 0.0000000000
52453  -33.168  -26.389  54.045 0.0000000000
52454  -33.709  -26.386  53.548 0.0000000000
58091  -37.407  -23.856  54.073 0.0000000000
58090  -36.818  -23.726  54.300 0.0000000000
56563  -37.900  -23.935  54.251 0.0000000000
52443  -37.735  -25.382  54.247 0.0000000000
51226  -37.380  -25.854  53.895 0.0000000000
51225  -36.841  -26.159  53.836 0.0000000000
51245  -37.613  -26.739  52.567 0.0000000000
52485  -39.052  -25.106  51.471 0.0000000000
59494  -41.229  -21.086  51.466 0.0000000000
56600  -40.986  -21.951  51.318 0.0000000000
59495  -41.651  -21.094  51.165 0.0000000000
56617  -42.149  -21.721  50.708 0.0000000000
167913  -43.617  -21.017  50.325 0.0000000000
59575  -44.415  -20.301  49.711 0.0000000000
68209  -41.215  -16.048  52.405 0.0000000000
68187  -40.614  -15.846  53.588 0.0000000000
69779  -41.401  -15.694  53.619 0.0000000000
66598  -42.800  -16.247  53.272 0.0000000000
66614  -43.301  -16.089  53.274 0.0000000000
66652  -45.558  -15.362  51.179 0.0000000000
66651  -45.158  -15.732  51.539 0.0000000000
65135  -45.372  -16.022  50.726 0.0000000000
63677  -45.868  -18.139  49.584 0.0000000000
65163  -46.394  -17.512  49.703 0.0000000000
63692  -46.715  -18.032  49.331 0.0000000000
62311  -47.980  -18.015  49.180 0.0000000000
63694  -48.307  -18.049  49.089 0.0000000000
65182  -48.625  -16.873  49.127 0.0000000000
65183  -48.613  -16.729  48.397 0.0000000000
72796  -49.567  -12.507  50.326 0.0000000000
71389  -49.735  -13.423  49.103 0.0000000000
74304  -49.542  -12.014  49.567 0.0000000000
72846  -49.856  -12.609  48.364 0.0000000000
72847  -49.910  -12.611  47.802 0.0000000000
72823  -50.522  -12.864  47.643 0.0000000000
74334  -50.193  -12.017  47.458 0.0000000000
69726  -17.895  -15.060  57.689 0.0000000000
69703  -17.901  -14.858  58.674 0.0000000000
68043  -18.867  -15.362  61.375 0.0000000000
88193  -51.367  -2.246  47.194 0.0000000000
86880  -51.917  -3.107  46.182 0.0000000000
88210  -51.708  -2.685  46.187 0.0000000000
96238  -45.843  3.036  46.072 0.0000000000
97536  -46.588  4.427  47.658 0.0000000000
97575  -47.165  3.824  46.985 0.0000000000
97558  -47.920  4.527  47.047 0.0000000000
98881  -48.464  5.168  47.097 0.0000000000
97580  -51.604  5.044  45.405 0.0000000000
97579  -50.980  5.215  46.151 0.0000000000
103081  -51.753  9.342  39.221 0.0000000000
103109  -51.445  9.125  38.185 0.0000000000
101659  -51.542  8.391  38.849 0.0000000000
100317  -51.569  7.507  38.537 0.0000000000
100316  -51.361  6.906  38.190 0.0000000000
97732  -52.757  5.688  39.385 0.0000000000
110118  -56.181  14.099  32.427 0.0000000000
111473  -56.720  14.555  32.667 0.0000000000
111489  -56.707  14.918  31.919 0.0000000000
112995  -57.807  15.373  31.411 0.0000000000
113019  -57.360  15.861  30.141 0.0000000000
113008  -58.236  15.657  30.851 0.0000000000
113021  -58.637  15.731  30.210 0.0000000000
77181  -49.116  -9.538  49.851 0.0000000000
78589  -48.935  -8.721  50.115 0.0000000000
78578  -48.253  -8.823  51.085 0.0000000000
80135  -47.683  -8.329  50.974 0.0000000000
80146  -47.449  -7.162  50.764 0.0000000000
81669  -47.411  -6.286  50.945 0.0000000000
69705  -19.594  -15.786  59.071 0.0000000000
69685  -20.438  -16.318  60.290 0.0000000000
68066  -20.416  -16.207  59.384 0.0000000000
68082  -22.374  -17.386  59.505 0.0000000000
66535  -23.210  -16.921  59.860 0.0000000000
66536  -23.886  -17.730  59.400 0.0000000000
64999  -24.684  -17.910  59.277 0.0000000000
53671  -33.360  -25.012  56.108 0.0000000000
58108  -37.825  -23.494  53.344 0.0000000000
58109  -38.385  -23.442  53.299 0.0000000000
56581  -38.343  -23.428  53.129 0.0000000000
56597  -38.784  -23.512  52.382 0.0000000000
56582  -39.081  -23.063  52.571 0.0000000000
58111  -39.562  -22.455  52.228 0.0000000000
59474  -39.933  -21.626  51.779 0.0000000000
60820  -40.180  -20.307  52.590 0.0000000000
60821  -40.415  -20.755  51.890 0.0000000000
60822  -40.942  -20.832  51.672 0.0000000000
60842  -41.583  -20.438  52.026 0.0000000000
60859  -42.323  -20.124  52.080 0.0000000000
62263  -42.728  -19.662  52.050 0.0000000000
72738  -43.794  -13.979  52.082 0.0000000000
69782  -43.864  -15.226  53.283 0.0000000000
71305  -44.148  -14.529  52.608 0.0000000000
68173  -45.155  -14.847  52.445 0.0000000000
68189  -45.434  -14.977  52.187 0.0000000000
71323  -45.973  -13.327  52.283 0.0000000000
69801  -45.819  -14.007  51.975 0.0000000000
68190  -45.696  -14.670  51.676 0.0000000000
68210  -45.954  -14.599  51.037 0.0000000000
68211  -46.529  -14.674  50.569 0.0000000000
68233  -46.982  -14.999  50.225 0.0000000000
68234  -47.640  -14.822  50.198 0.0000000000
69836  -48.358  -13.826  50.060 0.0000000000
71353  -48.977  -12.904  50.214 0.0000000000
72776  -48.891  -12.177  50.325 0.0000000000
72797  -50.085  -12.607  50.931 0.0000000000
75714  -50.151  -11.201  50.693 0.0000000000
69727  -18.659  -15.710  57.786 0.0000000000
84318  -49.360  -3.992  47.518 0.0000000000
84339  -50.438  -3.989  47.203 0.0000000000
85578  -50.044  -3.216  48.016 0.0000000000
86849  -50.405  -2.558  48.213 0.0000000000
88176  -49.363  -1.759  48.625 0.0000000000
88177  -50.119  -1.776  48.491 0.0000000000
88178  -50.626  -1.930  48.153 0.0000000000
89525  -50.610  -1.456  47.776 0.0000000000
90898  -50.388  -0.183  48.015 0.0000000000
92198  -50.636  0.462  47.619 0.0000000000
96272  -48.053  4.491  44.625 0.0000000000
97611  -48.420  4.851  45.327 0.0000000000
96273  -48.748  4.771  44.177 0.0000000000
97612  -49.158  5.246  44.891 0.0000000000
98948  -50.651  6.262  44.715 0.0000000000
98962  -50.788  6.024  43.901 0.0000000000
98933  -51.647  5.544  44.878 0.0000000000
97596  -51.809  4.576  44.360 0.0000000000
104715  -52.198  10.547  35.532 0.0000000000
104714  -51.572  9.804  35.641 0.0000000000
104685  -52.206  10.511  37.536 0.0000000000
106093  -53.665  11.048  39.029 0.0000000000
104637  -52.895  10.310  39.210 0.0000000000
104636  -52.129  10.118  39.107 0.0000000000
103057  -52.744  9.551  40.057 0.0000000000
101612  -52.960  8.674  40.023 0.0000000000
77146  -44.807  -9.529  52.051 0.0000000000
77147  -45.063  -9.439  52.410 0.0000000000
78587  -44.797  -8.866  50.569 0.0000000000
72756  -43.273  -14.252  51.726 0.0000000000
72757  -44.029  -13.311  51.388 0.0000000000
74194  -44.537  -12.608  51.664 0.0000000000
74195  -45.152  -11.683  51.744 0.0000000000
77132  -44.987  -10.040  52.185 0.0000000000
92176  -44.420  1.077  47.762 0.0000000000
93513  -45.444  1.203  48.129 0.0000000000
94920  -44.737  1.532  47.080 0.0000000000
94932  -45.340  2.349  46.347 0.0000000000
96270  -46.170  3.382  44.798 0.0000000000
96286  -46.886  3.592  43.701 0.0000000000
96287  -47.593  3.840  43.458 0.0000000000
96299  -47.839  3.647  42.754 0.0000000000
96300  -48.509  3.904  42.610 0.0000000000
94996  -48.422  3.484  41.561 0.0000000000
96316  -48.982  4.065  41.851 0.0000000000
94997  -49.190  3.848  41.278 0.0000000000
95012  -49.890  3.849  40.686 0.0000000000
104746  -52.433  10.514  33.344 0.0000000000
104729  -52.394  10.620  34.453 0.0000000000
107407  -53.034  11.959  36.303 0.0000000000
107397  -53.475  12.320  36.682 0.0000000000
108712  -54.213  13.019  35.796 0.0000000000
108686  -54.339  12.547  36.670 0.0000000000
107384  -54.616  12.221  36.747 0.0000000000
106112  -55.167  11.433  36.599 0.0000000000
103158  -55.212  10.916  36.410 0.0000000000
104717  -55.151  10.837  35.097 0.0000000000
106164  -56.780  11.764  33.899 0.0000000000
111475  -57.381  14.138  32.970 0.0000000000
110119  -57.574  13.852  32.656 0.0000000000
108783  -58.425  13.931  31.225 0.0000000000
107459  -57.534  12.811  31.776 0.0000000000
78656  -49.500  -9.179  45.724 0.0000000000
78676  -49.337  -8.389  45.399 0.0000000000
80216  -49.735  -7.659  44.910 0.0000000000
81758  -49.304  -6.854  45.361 0.0000000000
83072  -49.084  -5.851  46.682 0.0000000000
81709  -48.256  -6.504  47.684 0.0000000000
83047  -48.846  -4.506  47.592 0.0000000000
84298  -48.715  -3.945  47.965 0.0000000000
85576  -48.180  -3.595  48.386 0.0000000000
86846  -47.678  -3.089  48.404 0.0000000000
86834  -47.106  -3.722  49.197 0.0000000000
86833  -46.988  -3.111  48.795 0.0000000000
86845  -47.332  -2.815  48.501 0.0000000000
90859  -45.579  -0.233  48.479 0.0000000000
78563  -44.918  -8.491  52.262 0.0000000000
80119  -44.722  -7.375  51.880 0.0000000000
81683  -44.786  -6.825  50.324 0.0000000000
81646  -45.241  -6.347  51.643 0.0000000000
83007  -45.326  -5.698  50.617 0.0000000000
84277  -45.499  -4.361  50.518 0.0000000000
85517  -45.794  -3.955  50.682 0.0000000000
85555  -44.814  -3.225  49.935 0.0000000000
92154  -44.687  0.411  48.137 0.0000000000
65014  -17.322  -16.941  58.422 0.0000000000
68046  -20.976  -16.502  61.138 0.0000000000
64973  -20.995  -17.494  61.204 0.0000000000
66537  -24.548  -17.839  58.963 0.0000000000
64987  -25.230  -17.935  59.675 0.0000000000
63492  -25.638  -18.474  59.775 0.0000000000
60766  -25.377  -20.472  57.188 0.0000000000
59408  -26.880  -20.701  58.180 0.0000000000
59432  -25.431  -20.685  56.664 0.0000000000
59449  -25.522  -20.955  56.021 0.0000000000
58103  -27.860  -22.269  54.850 0.0000000000
53683  -29.850  -23.414  56.127 0.0000000000
53702  -30.334  -23.770  55.606 0.0000000000
55083  -30.112  -24.054  54.571 0.0000000000
55100  -29.986  -24.192  53.831 0.0000000000
53736  -32.616  -25.776  53.113 0.0000000000
53752  -32.586  -25.710  52.561 0.0000000000
56546  -33.557  -24.431  55.608 0.0000000000
53672  -34.131  -25.129  55.778 0.0000000000
56561  -36.184  -24.197  54.778 0.0000000000
55034  -35.028  -24.993  55.184 0.0000000000
53690  -34.543  -25.678  55.162 0.0000000000
52428  -34.050  -26.063  55.446 0.0000000000
51210  -34.134  -26.218  54.933 0.0000000000
49918  -34.590  -26.369  53.798 0.0000000000
49931  -34.960  -26.691  53.282 0.0000000000
49920  -36.185  -26.319  53.361 0.0000000000
49932  -35.701  -26.576  52.985 0.0000000000
51232  -34.597  -26.733  52.890 0.0000000000
51242  -35.020  -26.691  52.196 0.0000000000
55107  -38.824  -24.319  51.726 0.0000000000
55122  -39.704  -24.325  51.368 0.0000000000
52486  -39.868  -24.841  51.065 0.0000000000
56615  -40.902  -22.628  51.311 0.0000000000
52487  -40.344  -24.366  50.858 0.0000000000
52503  -40.268  -24.858  50.655 0.0000000000
63648  -39.693  -17.999  52.282 0.0000000000
65113  -40.483  -17.616  53.093 0.0000000000
65095  -40.703  -17.743  53.629 0.0000000000
66611  -40.937  -16.664  53.972 0.0000000000
65096  -41.687  -17.046  53.688 0.0000000000
63598  -41.330  -18.152  53.532 0.0000000000
63626  -42.115  -18.754  52.987 0.0000000000
63649  -42.487  -19.134  52.315 0.0000000000
68171  -44.225  -15.550  53.528 0.0000000000
66615  -44.066  -15.840  53.795 0.0000000000
65116  -43.941  -16.510  52.222 0.0000000000
65132  -43.935  -17.782  51.677 0.0000000000
63651  -43.568  -18.626  50.854 0.0000000000
62265  -43.718  -19.556  50.479 0.0000000000
167910  -44.505  -19.430  49.859 0.0000000000
60906  -44.994  -19.913  49.479 0.0000000000
62267  -45.649  -18.909  49.484 0.0000000000
60907  -45.503  -19.472  49.415 0.0000000000
66718  -48.526  -15.941  48.576 0.0000000000
66739  -48.885  -15.771  48.084 0.0000000000
69871  -49.459  -14.069  48.370 0.0000000000
68294  -49.365  -14.808  48.002 0.0000000000
66740  -49.357  -15.478  47.703 0.0000000000
69971  -50.725  -13.725  45.756 0.0000000000
72849  -50.706  -12.537  46.947 0.0000000000
71450  -50.973  -13.015  46.439 0.0000000000
66502  -17.031  -16.089  60.649 0.0000000000
84357  -50.671  -3.920  46.659 0.0000000000
93515  -46.967  1.248  47.797 0.0000000000
93516  -47.518  1.433  48.140 0.0000000000
93517  -48.005  1.660  48.061 0.0000000000
96180  -47.348  3.074  47.784 0.0000000000
94889  -48.195  2.697  48.151 0.0000000000
93518  -48.599  1.996  48.140 0.0000000000
92180  -49.574  1.725  48.703 0.0000000000
93565  -49.713  1.160  47.828 0.0000000000
93585  -50.440  1.304  47.346 0.0000000000
97594  -48.190  5.368  45.933 0.0000000000
98911  -48.544  6.089  46.691 0.0000000000
97560  -49.070  4.975  47.123 0.0000000000
96224  -49.979  4.493  46.481 0.0000000000
96204  -49.718  3.939  47.015 0.0000000000
93584  -50.288  1.960  46.950 0.0000000000
92215  -50.793  1.257  46.958 0.0000000000
93704  -49.510  2.825  39.151 0.0000000000
95041  -49.827  2.967  39.021 0.0000000000
95029  -50.557  3.790  39.839 0.0000000000
103173  -51.080  9.184  35.760 0.0000000000
103189  -50.928  8.763  35.278 0.0000000000
101722  -50.532  8.202  35.206 0.0000000000
101691  -51.131  8.394  36.912 0.0000000000
101707  -50.535  7.990  36.095 0.0000000000
100350  -50.052  7.537  35.588 0.0000000000
96406  -50.252  4.957  36.838 0.0000000000
96397  -50.492  4.223  37.679 0.0000000000
96366  -51.342  4.210  40.283 0.0000000000
96346  -53.424  4.171  40.307 0.0000000000
95030  -53.385  4.053  39.615 0.0000000000
168614  -53.487  3.746  39.847 0.0000000000
49909  -34.069  -26.279  54.578 0.0000000000
49910  -34.463  -26.247  54.303 0.0000000000
49911  -34.940  -26.312  53.955 0.0000000000
49917  -34.006  -26.356  54.028 0.0000000000
49921  -36.868  -25.706  52.960 0.0000000000
49933  -36.599  -25.937  52.797 0.0000000000
49945  -35.019  -26.835  52.847 0.0000000000
49947  -37.086  -26.441  52.468 0.0000000000
49948  -37.667  -27.008  52.829 0.0000000000
49960  -38.320  -26.909  51.083 0.0000000000
51197  -33.038  -26.051  54.814 0.0000000000
51199  -33.868  -26.106  55.407 0.0000000000
51200  -36.126  -25.752  54.652 0.0000000000
51208  -33.141  -26.015  54.854 0.0000000000
51209  -33.588  -26.216  54.659 0.0000000000
51211  -34.980  -26.173  54.352 0.0000000000
51214  -37.245  -25.654  54.343 0.0000000000
51222  -34.295  -26.501  53.407 0.0000000000
51234  -36.593  -26.394  52.561 0.0000000000
51235  -37.289  -25.752  52.965 0.0000000000
51237  -38.253  -25.966  52.959 0.0000000000
51243  -35.878  -26.831  52.341 0.0000000000
51270  -38.235  -26.696  50.675 0.0000000000
52430  -36.065  -25.426  54.883 0.0000000000
52431  -36.534  -25.297  54.858 0.0000000000
52439  -34.559  -25.943  55.228 0.0000000000
52441  -35.800  -25.844  54.628 0.0000000000
52444  -38.285  -25.263  53.945 0.0000000000
52451  -32.059  -25.594  54.224 0.0000000000
52456  -38.249  -25.237  53.603 0.0000000000
52467  -36.027  -26.601  52.621 0.0000000000
52468  -36.106  -26.739  52.634 0.0000000000
52481  -36.435  -26.670  52.317 0.0000000000
52482  -37.763  -26.598  52.073 0.0000000000
53665  -29.822  -23.295  56.234 0.0000000000
53666  -30.039  -23.236  56.381 0.0000000000
53673  -34.655  -25.151  55.137 0.0000000000
53689  -34.061  -25.569  56.065 0.0000000000
53691  -35.392  -25.109  54.896 0.0000000000
53692  -36.349  -24.899  55.210 0.0000000000
53693  -36.784  -24.644  55.111 0.0000000000
53701  -29.924  -23.560  55.874 0.0000000000
53705  -32.098  -25.450  54.854 0.0000000000
53706  -34.241  -25.991  55.369 0.0000000000
53707  -34.458  -26.021  55.046 0.0000000000
53708  -36.816  -24.988  54.987 0.0000000000
53709  -37.286  -24.693  54.566 0.0000000000
53710  -38.156  -24.750  54.249 0.0000000000
53723  -38.138  -25.275  53.399 0.0000000000
53724  -38.305  -24.898  53.609 0.0000000000
53725  -38.150  -24.712  53.036 0.0000000000
53737  -38.097  -25.277  53.190 0.0000000000
53740  -39.916  -24.212  51.324 0.0000000000
53756  -39.646  -24.582  51.328 0.0000000000
53757  -40.281  -24.091  51.120 0.0000000000
55026  -29.649  -23.036  56.328 0.0000000000
55032  -33.458  -24.632  55.968 0.0000000000
55047  -29.483  -23.283  56.076 0.0000000000
55048  -34.820  -24.936  54.945 0.0000000000
55065  -29.900  -23.673  55.130 0.0000000000
55069  -37.927  -24.094  54.270 0.0000000000
55090  -38.224  -24.337  53.584 0.0000000000
55092  -39.016  -23.695  51.805 0.0000000000
55101  -30.641  -24.473  53.508 0.0000000000
55108  -39.642  -23.910  51.479 0.0000000000
55109  -40.408  -23.376  51.348 0.0000000000
55110  -41.098  -22.898  51.172 0.0000000000
55121  -39.379  -24.417  51.452 0.0000000000
56527  -28.791  -22.357  57.566 0.0000000000
56528  -29.048  -22.354  57.413 0.0000000000
56541  -29.129  -22.509  56.596 0.0000000000
56547  -34.317  -24.682  55.174 0.0000000000
56562  -36.856  -24.096  54.581 0.0000000000
56579  -38.848  -23.943  54.885 0.0000000000
56580  -39.011  -23.651  54.418 0.0000000000
58060  -28.607  -22.143  57.653 0.0000000000
58062  -29.539  -22.328  58.189 0.0000000000
58092  -38.187  -23.878  54.189 0.0000000000
58093  -38.866  -23.554  54.468 0.0000000000
58107  -37.241  -23.379  53.692 0.0000000000
58130  -41.356  -21.589  51.231 0.0000000000
58149  -41.845  -21.388  50.870 0.0000000000
58150  -42.438  -21.279  50.668 0.0000000000
58195  -43.574  -21.326  50.251 0.0000000000
58210  -43.906  -20.901  50.122 0.0000000000
59492  -38.779  -21.703  52.519 0.0000000000
59493  -40.537  -21.318  51.583 0.0000000000
59515  -42.951  -20.844  50.629 0.0000000000
59560  -45.685  -19.582  49.335 0.0000000000
59561  -45.946  -19.481  49.236 0.0000000000
59574  -43.697  -20.564  50.293 0.0000000000
59578  -47.285  -19.715  49.031 0.0000000000
60738  -27.308  -20.351  58.947 0.0000000000
60782  -23.608  -20.404  56.549 0.0000000000
60783  -24.186  -20.554  56.525 0.0000000000
60798  -39.060  -21.242  52.433 0.0000000000
60800  -39.833  -21.158  51.984 0.0000000000
60817  -38.367  -21.407  52.264 0.0000000000
60843  -42.043  -20.577  51.542 0.0000000000
60889  -46.481  -19.071  48.923 0.0000000000
60890  -47.025  -18.989  48.480 0.0000000000
60905  -44.587  -19.761  49.696 0.0000000000
60927  -47.958  -20.415  49.238 0.0000000000
62262  -38.520  -19.508  51.993 0.0000000000
62287  -45.020  -18.346  49.916 0.0000000000
62310  -46.988  -18.453  48.747 0.0000000000
62331  -47.778  -19.078  49.089 0.0000000000
63472  -19.318  -17.776  61.109 0.0000000000
63473  -19.674  -17.940  61.099 0.0000000000
63490  -24.175  -18.413  60.187 0.0000000000
63595  -40.088  -18.933  53.102 0.0000000000
63600  -42.659  -17.374  53.467 0.0000000000
63622  -39.784  -18.503  52.596 0.0000000000
63623  -40.069  -17.939  52.489 0.0000000000
63624  -40.588  -19.212  53.518 0.0000000000
63652  -45.407  -18.354  49.678 0.0000000000
63653  -45.581  -18.601  49.542 0.0000000000
63706  -48.534  -17.326  49.251 0.0000000000
63727  -48.535  -17.471  48.298 0.0000000000
63745  -49.250  -16.814  47.298 0.0000000000
64975  -22.083  -17.612  60.437 0.0000000000
64985  -23.603  -17.725  60.136 0.0000000000
65000  -25.378  -17.746  59.141 0.0000000000
65037  -24.413  -18.022  57.597 0.0000000000
65077  -41.923  -16.791  53.725 0.0000000000
65078  -42.108  -16.789  53.719 0.0000000000
65093  -39.340  -18.456  54.082 0.0000000000
65094  -39.796  -18.142  54.018 0.0000000000
65098  -42.915  -16.898  53.233 0.0000000000
65099  -43.262  -16.031  52.875 0.0000000000
65100  -43.940  -15.538  52.766 0.0000000000
65114  -40.651  -16.915  52.980 0.0000000000
65129  -39.920  -17.366  52.196 0.0000000000
65165  -47.015  -16.179  49.954 0.0000000000
65244  -49.448  -16.601  46.996 0.0000000000
65245  -49.481  -16.435  47.001 0.0000000000
66494  -18.131  -15.797  61.458 0.0000000000
66566  -24.587  -17.940  58.092 0.0000000000
66596  -41.907  -16.566  53.757 0.0000000000
66597  -42.362  -16.502  53.611 0.0000000000
66612  -41.464  -16.252  54.113 0.0000000000
66630  -40.399  -16.578  53.709 0.0000000000
66631  -40.177  -16.521  53.584 0.0000000000
66632  -44.761  -15.618  52.588 0.0000000000
66633  -44.989  -15.759  52.234 0.0000000000
66653  -46.042  -15.357  50.612 0.0000000000
66669  -46.558  -15.470  50.205 0.0000000000
66670  -47.112  -15.583  50.030 0.0000000000
66716  -48.275  -16.586  49.758 0.0000000000
66760  -49.996  -14.513  47.286 0.0000000000
66783  -49.896  -14.743  46.963 0.0000000000
66838  -49.727  -15.218  46.504 0.0000000000
68033  -17.731  -15.314  61.628 0.0000000000
68034  -18.276  -15.240  61.499 0.0000000000
68045  -20.410  -16.093  61.164 0.0000000000
68054  -20.648  -15.925  60.885 0.0000000000
68055  -21.188  -16.314  60.637 0.0000000000
68068  -21.949  -16.774  59.981 0.0000000000
68069  -22.716  -16.623  59.926 0.0000000000
68149  -42.389  -15.978  53.531 0.0000000000
68150  -43.071  -15.867  53.281 0.0000000000
68166  -40.326  -16.480  54.133 0.0000000000
68167  -40.788  -15.952  54.236 0.0000000000
68168  -41.779  -15.786  53.867 0.0000000000
68169  -42.713  -15.541  53.365 0.0000000000
68186  -40.064  -16.174  54.116 0.0000000000
68208  -40.501  -16.280  52.248 0.0000000000
68320  -50.137  -14.610  47.988 0.0000000000
68321  -50.318  -14.311  47.626 0.0000000000
68346  -50.272  -14.024  47.097 0.0000000000
68347  -50.486  -13.652  46.900 0.0000000000
68377  -50.360  -13.907  46.811 0.0000000000
69670  -20.675  -15.964  60.730 0.0000000000
69783  -44.400  -15.055  53.106 0.0000000000
69784  -45.009  -14.668  52.497 0.0000000000
69800  -42.133  -14.768  52.986 0.0000000000
69819  -46.921  -13.911  50.670 0.0000000000
69837  -48.977  -13.287  50.083 0.0000000000
69888  -50.670  -13.981  48.114 0.0000000000
69889  -51.036  -13.571  48.016 0.0000000000
69905  -50.806  -13.562  47.271 0.0000000000
69923  -50.830  -13.827  46.877 0.0000000000
69924  -50.659  -13.412  46.979 0.0000000000
69944  -50.768  -13.714  46.089 0.0000000000
69972  -50.984  -13.286  45.964 0.0000000000
71303  -42.812  -14.612  53.039 0.0000000000
71304  -43.534  -14.622  52.795 0.0000000000
71307  -45.419  -13.684  52.326 0.0000000000
71322  -43.188  -14.537  52.608 0.0000000000
71325  -46.797  -13.064  51.417 0.0000000000
71354  -49.509  -12.863  50.619 0.0000000000
71370  -49.329  -13.178  49.731 0.0000000000
71371  -49.502  -12.776  50.444 0.0000000000
71391  -50.676  -12.978  47.738 0.0000000000
71392  -50.722  -12.993  47.767 0.0000000000
71413  -50.765  -13.162  47.551 0.0000000000
71414  -50.827  -12.867  46.807 0.0000000000
71430  -51.010  -13.308  47.000 0.0000000000
71431  -50.888  -12.979  46.711 0.0000000000
71469  -51.152  -12.925  45.934 0.0000000000
72720  -44.598  -13.370  52.168 0.0000000000
72737  -42.831  -14.576  52.378 0.0000000000
72740  -46.098  -12.730  52.233 0.0000000000
72755  -42.898  -14.358  52.041 0.0000000000
72777  -49.622  -12.488  51.138 0.0000000000
72820  -49.502  -12.622  49.643 0.0000000000
72821  -49.963  -12.658  49.099 0.0000000000
72822  -50.277  -12.704  47.652 0.0000000000
72848  -50.542  -12.754  47.481 0.0000000000
72868  -50.879  -12.452  46.285 0.0000000000
72869  -50.936  -12.190  46.074 0.0000000000
72886  -51.210  -11.971  45.976 0.0000000000
74172  -45.261  -12.106  51.933 0.0000000000
74196  -45.203  -11.797  51.672 0.0000000000
74221  -44.512  -12.094  51.335 0.0000000000
74222  -44.958  -11.883  51.722 0.0000000000
74252  -50.082  -11.847  51.075 0.0000000000
74278  -49.371  -11.998  50.054 0.0000000000
74279  -50.132  -12.013  50.655 0.0000000000
74306  -50.369  -12.482  47.513 0.0000000000
74307  -50.369  -12.411  47.456 0.0000000000
74335  -50.485  -12.003  47.083 0.0000000000
74336  -50.630  -12.118  46.517 0.0000000000
74358  -51.078  -11.863  45.934 0.0000000000
75627  -45.767  -11.156  51.839 0.0000000000
75628  -46.017  -11.029  52.103 0.0000000000
75648  -45.395  -10.699  51.716 0.0000000000
75649  -45.554  -11.101  51.736 0.0000000000
75651  -46.672  -10.734  52.173 0.0000000000
75671  -44.857  -11.545  51.149 0.0000000000
75692  -44.745  -11.564  51.053 0.0000000000
75695  -50.018  -10.928  51.201 0.0000000000
75713  -49.456  -11.644  50.270 0.0000000000
75757  -50.501  -11.817  46.731 0.0000000000
75778  -50.648  -11.678  46.148 0.0000000000
75779  -50.865  -11.904  45.935 0.0000000000
75797  -51.331  -10.982  45.669 0.0000000000
77119  -45.731  -10.684  52.300 0.0000000000
77133  -45.394  -10.168  52.515 0.0000000000
77208  -50.121  -10.403  46.110 0.0000000000
78552  -46.505  -9.693  52.801 0.0000000000
78577  -47.733  -8.693  51.412 0.0000000000
78579  -48.812  -9.270  50.771 0.0000000000
78677  -50.059  -8.572  45.041 0.0000000000
80147  -47.856  -7.747  50.468 0.0000000000
81666  -45.223  -6.651  50.830 0.0000000000
81667  -45.117  -6.326  50.598 0.0000000000
81668  -47.061  -6.820  51.311 0.0000000000
81684  -44.929  -6.352  50.456 0.0000000000
81686  -47.984  -6.374  50.253 0.0000000000
81723  -49.098  -6.000  46.344 0.0000000000
81740  -48.827  -6.656  45.987 0.0000000000
81741  -49.538  -6.104  45.698 0.0000000000
82986  -46.304  -5.365  51.187 0.0000000000
82989  -47.329  -5.069  50.267 0.0000000000
83008  -45.224  -6.195  50.637 0.0000000000
83009  -47.557  -5.582  50.612 0.0000000000
83030  -45.040  -6.077  50.488 0.0000000000
83061  -50.163  -4.225  47.467 0.0000000000
83075  -50.892  -4.273  46.398 0.0000000000
84260  -45.853  -4.373  50.777 0.0000000000
84263  -46.748  -4.773  50.629 0.0000000000
84320  -50.519  -3.379  47.333 0.0000000000
84338  -50.071  -4.120  47.521 0.0000000000
84359  -51.954  -3.873  46.220 0.0000000000
85519  -46.119  -3.975  50.579 0.0000000000
85521  -46.641  -4.575  50.143 0.0000000000
85535  -45.623  -3.477  50.478 0.0000000000
85537  -46.450  -4.164  50.026 0.0000000000
85556  -47.232  -4.213  49.371 0.0000000000
85579  -50.513  -3.099  47.727 0.0000000000
85600  -51.292  -3.212  46.806 0.0000000000
85623  -51.752  -3.355  46.358 0.0000000000
85624  -52.389  -3.613  46.289 0.0000000000
86809  -46.141  -3.175  50.762 0.0000000000
86811  -46.322  -3.862  50.176 0.0000000000
86820  -45.479  -2.687  49.879 0.0000000000
86824  -46.776  -4.001  49.611 0.0000000000
86850  -50.746  -2.619  47.749 0.0000000000
86865  -51.530  -2.964  46.834 0.0000000000
88174  -47.398  -2.114  48.229 0.0000000000
88179  -50.971  -2.068  47.667 0.0000000000
88194  -51.490  -2.503  46.623 0.0000000000
89524  -50.230  -1.017  48.132 0.0000000000
89539  -50.466  -0.882  47.659 0.0000000000
89540  -51.027  -1.336  47.357 0.0000000000
89541  -51.483  -1.830  47.040 0.0000000000
89562  -51.374  -1.905  46.682 0.0000000000
89583  -51.061  -1.816  46.333 0.0000000000
89584  -51.406  -2.266  46.188 0.0000000000
90858  -45.061  -0.227  48.479 0.0000000000
90861  -47.641  0.777  48.541 0.0000000000
90863  -48.412  0.766  48.470 0.0000000000
90864  -48.965  0.682  48.440 0.0000000000
90877  -44.286  0.132  47.857 0.0000000000
90879  -47.466  0.361  48.452 0.0000000000
90899  -50.742  -0.403  47.499 0.0000000000
90916  -51.337  -1.120  46.850 0.0000000000
90936  -51.091  -0.463  46.735 0.0000000000
92157  -47.099  0.676  48.117 0.0000000000
92158  -47.640  0.971  48.367 0.0000000000
92160  -48.973  1.325  48.232 0.0000000000
92177  -44.824  1.009  48.119 0.0000000000
92178  -47.252  0.535  48.300 0.0000000000
92181  -49.373  0.904  48.325 0.0000000000
92197  -44.075  1.257  47.482 0.0000000000
92199  -51.085  -0.049  47.466 0.0000000000
92216  -51.199  0.880  47.214 0.0000000000
92217  -51.251  0.181  47.223 0.0000000000
92237  -51.133  0.732  46.755 0.0000000000
93514  -45.912  1.205  48.073 0.0000000000
93538  -45.196  1.448  47.865 0.0000000000
93539  -46.437  1.565  47.672 0.0000000000
93540  -46.982  1.639  47.664 0.0000000000
93541  -49.311  2.204  48.429 0.0000000000
93542  -49.503  1.912  48.615 0.0000000000
93543  -49.328  1.082  48.235 0.0000000000
93563  -45.005  1.518  47.503 0.0000000000
94862  -47.139  1.714  47.674 0.0000000000
94863  -47.473  1.791  47.768 0.0000000000
94864  -47.893  2.018  47.919 0.0000000000
94865  -48.326  2.280  48.103 0.0000000000
94886  -46.116  1.920  47.367 0.0000000000
94904  -44.769  1.497  47.304 0.0000000000
94905  -45.377  1.719  47.162 0.0000000000
94906  -46.264  2.669  47.189 0.0000000000
94907  -49.083  3.192  48.824 0.0000000000
94923  -50.155  3.540  46.660 0.0000000000
94931  -44.763  1.658  46.669 0.0000000000
94944  -44.856  1.915  46.291 0.0000000000
94950  -51.967  3.472  45.105 0.0000000000
94976  -53.927  3.504  43.055 0.0000000000
94984  -46.726  2.990  42.947 0.0000000000
94987  -52.973  3.720  42.307 0.0000000000
96182  -48.492  3.202  48.162 0.0000000000
96199  -47.136  3.733  47.054 0.0000000000
96200  -47.250  3.915  47.253 0.0000000000
96201  -47.644  3.832  47.512 0.0000000000
96203  -48.854  3.510  47.708 0.0000000000
96205  -50.068  3.770  46.789 0.0000000000
96223  -46.793  3.552  46.962 0.0000000000
96256  -46.179  3.456  45.438 0.0000000000
96258  -47.989  4.726  45.459 0.0000000000
96302  -51.588  4.562  42.364 0.0000000000
96319  -51.352  4.525  41.958 0.0000000000
96369  -53.520  4.058  40.001 0.0000000000
97537  -46.665  4.575  47.641 0.0000000000
97539  -47.985  4.457  47.161 0.0000000000
97541  -49.188  4.386  47.185 0.0000000000
97556  -46.587  4.464  47.601 0.0000000000
97557  -46.969  4.608  47.539 0.0000000000
97559  -48.213  5.063  47.043 0.0000000000
97561  -49.656  4.964  46.744 0.0000000000
97576  -47.585  4.207  46.712 0.0000000000
97578  -50.267  5.536  46.387 0.0000000000
97593  -47.591  4.741  46.140 0.0000000000
97613  -49.716  5.960  44.414 0.0000000000
97614  -52.197  4.648  43.481 0.0000000000
97633  -50.813  5.089  43.509 0.0000000000
97634  -51.275  4.848  43.345 0.0000000000
97635  -52.503  4.965  43.155 0.0000000000
97637  -53.828  4.380  43.285 0.0000000000
97655  -51.507  4.709  42.766 0.0000000000
97657  -53.378  5.083  42.723 0.0000000000
97676  -50.108  4.689  42.020 0.0000000000
98882  -48.825  5.129  47.169 0.0000000000
98893  -48.168  5.281  46.859 0.0000000000
98894  -48.321  5.659  47.002 0.0000000000
98895  -49.032  5.707  47.164 0.0000000000
98910  -47.976  5.852  46.605 0.0000000000
98914  -50.875  6.066  46.123 0.0000000000
98915  -51.414  5.719  45.660 0.0000000000
98928  -48.219  6.062  46.313 0.0000000000
98929  -48.741  6.170  46.038 0.0000000000
98931  -50.388  6.175  45.574 0.0000000000
98946  -49.162  5.999  45.449 0.0000000000
98947  -49.786  6.154  45.012 0.0000000000
98949  -51.350  5.937  44.365 0.0000000000
98961  -50.167  6.158  44.295 0.0000000000
98965  -52.613  5.041  43.102 0.0000000000
98976  -52.245  4.743  42.979 0.0000000000
98977  -52.859  5.149  42.882 0.0000000000
100268  -53.417  8.378  40.074 0.0000000000
100269  -53.781  8.744  40.206 0.0000000000
100270  -54.345  8.335  40.155 0.0000000000
100282  -53.134  7.919  39.538 0.0000000000
100326  -51.327  7.392  37.956 0.0000000000
100335  -49.863  6.850  35.925 0.0000000000
101613  -53.261  8.783  40.098 0.0000000000
101614  -54.084  8.983  40.096 0.0000000000
101615  -54.134  8.532  40.230 0.0000000000
101628  -52.749  8.654  39.891 0.0000000000
101629  -53.512  9.074  40.067 0.0000000000
101630  -54.187  8.660  39.987 0.0000000000
101672  -51.019  7.683  37.331 0.0000000000
103033  -52.915  9.070  40.108 0.0000000000
103034  -53.221  9.063  40.102 0.0000000000
103056  -52.161  9.105  39.929 0.0000000000
103059  -53.910  9.013  39.819 0.0000000000
103082  -52.274  9.717  39.604 0.0000000000
103083  -53.529  9.693  39.520 0.0000000000
103084  -53.671  9.392  39.170 0.0000000000
103134  -55.211  10.856  36.295 0.0000000000
103153  -50.881  8.333  36.436 0.0000000000
103157  -54.737  10.644  36.304 0.0000000000
103159  -55.295  11.123  35.844 0.0000000000
103172  -50.802  8.582  35.871 0.0000000000
103177  -55.259  10.981  35.650 0.0000000000
104611  -53.424  9.828  39.675 0.0000000000
104666  -54.389  10.464  37.585 0.0000000000
104667  -54.847  11.135  36.692 0.0000000000
104668  -55.617  11.183  36.866 0.0000000000
104687  -54.965  10.822  36.563 0.0000000000
104688  -55.536  11.030  36.812 0.0000000000
104702  -54.722  10.679  36.518 0.0000000000
104704  -55.564  11.549  35.682 0.0000000000
104719  -55.927  11.574  35.117 0.0000000000
104730  -54.966  10.526  34.678 0.0000000000
106094  -54.062  10.800  38.567 0.0000000000
106109  -53.234  11.366  38.412 0.0000000000
106113  -55.820  11.174  37.046 0.0000000000
106127  -55.502  11.900  36.500 0.0000000000
106128  -55.396  11.615  36.588 0.0000000000
106138  -55.641  11.958  35.893 0.0000000000
106149  -53.394  12.074  35.056 0.0000000000
106150  -56.281  11.425  34.462 0.0000000000
107369  -54.219  11.869  37.297 0.0000000000
107370  -54.696  11.737  36.849 0.0000000000
107382  -53.196  11.730  37.737 0.0000000000
107383  -53.478  12.085  37.299 0.0000000000
107386  -55.437  12.135  36.261 0.0000000000
108674  -53.772  12.132  37.346 0.0000000000
108675  -53.980  12.206  37.269 0.0000000000
108685  -53.862  12.378  36.991 0.0000000000
108687  -54.784  12.646  36.367 0.0000000000
108688  -55.205  12.553  36.109 0.0000000000
108698  -53.971  12.806  36.416 0.0000000000
108699  -54.612  12.935  36.082 0.0000000000
108701  -55.785  12.608  35.596 0.0000000000
108702  -56.631  12.915  35.285 0.0000000000
108713  -54.893  13.247  35.155 0.0000000000
108714  -55.113  13.232  35.329 0.0000000000
108716  -57.627  13.528  34.456 0.0000000000
108734  -57.391  13.616  33.892 0.0000000000
108749  -57.293  13.525  33.611 0.0000000000
108764  -58.332  14.016  31.492 0.0000000000
108765  -58.917  14.082  31.261 0.0000000000
108766  -58.786  13.760  31.705 0.0000000000
108784  -58.899  14.135  31.277 0.0000000000
108785  -59.016  13.962  31.195 0.0000000000
108804  -58.814  14.148  31.012 0.0000000000
110047  -54.877  12.823  36.027 0.0000000000
110057  -54.882  12.884  36.008 0.0000000000
110058  -55.275  13.034  35.516 0.0000000000
110059  -55.984  13.097  35.422 0.0000000000
110075  -55.330  13.555  34.895 0.0000000000
110076  -56.985  13.336  34.995 0.0000000000
110077  -57.172  13.611  34.542 0.0000000000
110091  -55.664  13.746  34.108 0.0000000000
110092  -56.095  13.900  33.631 0.0000000000
110093  -57.495  13.847  34.247 0.0000000000
110101  -55.811  13.914  33.089 0.0000000000
110103  -57.469  13.775  32.922 0.0000000000
110122  -58.966  14.377  31.508 0.0000000000
110133  -58.039  14.840  31.767 0.0000000000
110134  -58.683  14.818  31.233 0.0000000000
110135  -59.024  14.112  31.221 0.0000000000
110147  -58.505  14.146  30.506 0.0000000000
110149  -58.980  14.319  31.037 0.0000000000
111428  -56.886  13.397  35.074 0.0000000000
111443  -55.975  13.738  34.369 0.0000000000
111444  -56.558  13.557  34.442 0.0000000000
111445  -57.112  13.578  34.781 0.0000000000
111456  -56.476  13.959  33.600 0.0000000000
111458  -57.418  14.100  33.737 0.0000000000
111472  -56.439  14.391  32.521 0.0000000000
111474  -57.140  14.505  32.880 0.0000000000
111488  -56.434  14.671  31.771 0.0000000000
111492  -59.103  14.933  31.555 0.0000000000
111493  -59.113  14.872  31.483 0.0000000000
111504  -57.033  15.217  31.291 0.0000000000
111506  -58.774  15.111  30.870 0.0000000000
111507  -58.827  14.637  31.444 0.0000000000
111519  -58.482  15.205  31.005 0.0000000000
111521  -58.833  14.749  31.042 0.0000000000
112996  -58.067  15.312  31.403 0.0000000000
113005  -56.724  15.263  30.542 0.0000000000
113007  -57.574  15.624  30.870 0.0000000000
113009  -58.382  15.944  30.376 0.0000000000
113020  -58.520  15.408  30.689 0.0000000000
114541  -57.982  16.115  30.567 0.0000000000
114542  -58.273  15.984  30.631 0.0000000000
114551  -57.799  16.209  30.259 0.0000000000
115941  -58.179  16.195  30.381 0.0000000000
115950  -58.057  16.542  30.039 0.0000000000
167907  -44.452  -19.199  50.055 0.0000000000
167908  -44.260  -19.428  50.152 0.0000000000
167909  -43.625  -19.924  50.435 0.0000000000
167911  -44.772  -19.460  49.651 0.0000000000
167915  -43.923  -19.956  50.221 0.0000000000
167916  -44.552  -19.030  49.987 0.0000000000
167919  -46.002  -19.311  49.292 0.0000000000
168611  -53.428  3.991  42.633 0.0000000000
168613  -52.919  3.863  42.337 0.0000000000
168617  -54.051  3.962  42.970 0.0000000000
168619  -54.102  4.500  42.917 0.0000000000
168621  -53.845  4.783  42.593 0.0000000000
168623  -53.884  5.016  42.976 0.0000000000
168662  -53.914  8.281  40.342 0.0000000000
