#!ascii label  , from subject _151 vox2ras=TkReg
1904
123640  -42.598  23.623  19.869 0.0000000000
116263  -53.419  18.148  4.795 0.0000000000
131444  -42.534  31.454  15.800 0.0000000000
121264  -49.263  22.584  12.574 0.0000000000
118722  -48.954  20.752  22.158 0.0000000000
127399  -50.210  27.696  8.581 0.0000000000
134480  -49.078  34.647  4.602 0.0000000000
137048  -44.863  37.777  10.024 0.0000000000
114609  -39.203  18.316  26.691 0.0000000000
121239  -42.794  22.724  14.175 0.0000000000
122519  -46.049  23.300  8.417 0.0000000000
128392  -44.454  28.389  14.538 0.0000000000
136980  -49.808  38.078  15.368 0.0000000000
135305  -47.380  34.884  9.649 0.0000000000
137070  -54.149  36.755  10.074 0.0000000000
137099  -47.633  37.761  7.370 0.0000000000
138720  -50.055  39.790  13.159 0.0000000000
120177  -51.536  22.017  1.806 0.0000000000
124792  -38.747  25.832  24.635 0.0000000000
128301  -46.738  29.080  22.787 0.0000000000
127329  -54.006  27.266  15.179 0.0000000000
122421  -48.395  22.815  17.179 0.0000000000
116122  -43.805  18.513  17.480 0.0000000000
113150  -41.710  16.720  22.195 0.0000000000
122561  -51.048  23.470  3.217 0.0000000000
127465  -54.323  28.558  2.492 0.0000000000
130463  -47.011  30.569  12.727 0.0000000000
129527  -48.089  29.400  4.877 0.0000000000
133602  -50.854  32.766  -1.463 0.0000000000
134536  -44.462  34.388  0.089 0.0000000000
134464  -42.940  34.688  5.354 0.0000000000
123670  -41.569  24.018  17.112 0.0000000000
126187  -42.469  26.020  13.901 0.0000000000
126161  -43.080  26.790  17.640 0.0000000000
136968  -52.405  37.786  16.573 0.0000000000
136106  -52.274  36.795  13.243 0.0000000000
137897  -53.938  38.275  13.452 0.0000000000
137939  -51.685  38.883  10.881 0.0000000000
118931  -52.625  20.258  3.702 0.0000000000
126056  -36.713  27.300  23.431 0.0000000000
127199  -40.202  27.454  24.133 0.0000000000
121176  -48.891  21.594  19.402 0.0000000000
117517  -46.400  19.825  17.162 0.0000000000
116081  -46.337  18.605  19.876 0.0000000000
114634  -40.694  17.708  24.191 0.0000000000
116093  -35.429  18.460  19.246 0.0000000000
119928  -34.498  21.564  20.589 0.0000000000
117445  -32.114  19.596  20.475 0.0000000000
121310  -51.073  22.199  9.500 0.0000000000
126249  -47.023  25.933  8.175 0.0000000000
122544  -47.737  23.433  5.878 0.0000000000
126276  -49.479  26.331  5.339 0.0000000000
126306  -51.848  26.410  2.824 0.0000000000
127429  -52.616  28.234  6.472 0.0000000000
130366  -47.111  31.640  20.757 0.0000000000
130393  -48.977  31.340  18.644 0.0000000000
130441  -44.765  30.565  14.352 0.0000000000
134449  -49.068  34.883  7.170 0.0000000000
133515  -46.256  33.050  6.688 0.0000000000
132540  -48.014  32.418  3.584 0.0000000000
130588  -49.763  30.987  0.924 0.0000000000
133562  -48.833  33.665  1.314 0.0000000000
133598  -47.417  33.895  -2.008 0.0000000000
134504  -47.628  34.595  1.984 0.0000000000
137081  -46.035  37.912  8.447 0.0000000000
136211  -44.831  36.723  5.910 0.0000000000
137095  -43.423  37.544  7.366 0.0000000000
135335  -41.452  35.610  6.651 0.0000000000
137077  -41.987  37.417  8.303 0.0000000000
121260  -45.678  22.184  13.035 0.0000000000
120079  -47.330  21.365  9.930 0.0000000000
122485  -44.050  23.329  11.385 0.0000000000
126217  -44.669  26.127  11.371 0.0000000000
127352  -46.701  27.900  11.798 0.0000000000
136088  -44.699  35.982  14.558 0.0000000000
134392  -44.474  34.538  12.277 0.0000000000
136122  -48.595  36.419  12.259 0.0000000000
136174  -51.303  35.850  9.455 0.0000000000
135341  -52.203  36.281  6.625 0.0000000000
136215  -49.160  36.696  5.368 0.0000000000
137085  -50.504  37.815  7.864 0.0000000000
137962  -49.149  38.569  10.473 0.0000000000
137909  -47.200  38.786  12.164 0.0000000000
122582  -50.133  23.455  1.232 0.0000000000
123613  -40.995  24.839  21.489 0.0000000000
126106  -44.650  26.453  21.426 0.0000000000
126031  -43.468  27.088  24.556 0.0000000000
129323  -45.087  29.872  23.447 0.0000000000
130363  -44.183  30.515  20.117 0.0000000000
130387  -41.454  30.816  18.601 0.0000000000
134370  -42.491  33.957  16.764 0.0000000000
124905  -51.500  24.993  14.169 0.0000000000
124875  -50.802  25.382  17.105 0.0000000000
122448  -48.281  23.300  14.534 0.0000000000
121221  -46.353  22.291  15.538 0.0000000000
119994  -43.253  20.851  16.072 0.0000000000
118681  -48.570  20.915  25.017 0.0000000000
117393  -42.567  20.037  26.460 0.0000000000
117415  -44.536  18.804  25.068 0.0000000000
116048  -45.943  18.511  22.740 0.0000000000
113222  -42.803  16.764  20.063 0.0000000000
121172  -39.641  22.444  19.248 0.0000000000
117610  -54.477  19.967  5.826 0.0000000000
120110  -49.447  21.398  7.801 0.0000000000
120137  -51.714  20.894  5.452 0.0000000000
120149  -54.124  20.883  4.681 0.0000000000
121394  -54.853  22.838  2.599 0.0000000000
125041  -53.115  25.364  1.316 0.0000000000
127472  -51.397  27.435  0.262 0.0000000000
128353  -45.631  28.583  18.819 0.0000000000
129396  -47.863  30.000  15.107 0.0000000000
130489  -49.258  29.989  11.372 0.0000000000
132473  -44.014  32.382  10.351 0.0000000000
129446  -46.008  29.945  8.869 0.0000000000
129507  -50.724  29.126  7.565 0.0000000000
129528  -51.568  29.445  4.016 0.0000000000
130603  -53.390  30.694  0.315 0.0000000000
128542  -50.312  29.163  -0.393 0.0000000000
134478  -45.969  34.905  3.867 0.0000000000
134489  -43.306  34.204  3.264 0.0000000000
131556  -41.425  31.880  3.288 0.0000000000
132517  -39.976  32.435  4.488 0.0000000000
133510  -38.877  32.659  6.489 0.0000000000
123649  -42.302  23.388  18.519 0.0000000000
124874  -42.097  25.330  17.505 0.0000000000
123651  -43.167  24.946  19.094 0.0000000000
136985  -54.252  37.196  15.600 0.0000000000
138714  -53.035  39.430  14.567 0.0000000000
117637  -52.372  19.122  3.891 0.0000000000
119932  -49.089  21.400  20.964 0.0000000000
118749  -47.744  20.129  19.589 0.0000000000
118720  -47.986  20.048  21.301 0.0000000000
114711  -34.920  17.500  19.477 0.0000000000
117469  -33.861  19.351  19.571 0.0000000000
122473  -50.703  23.376  12.241 0.0000000000
121283  -50.366  22.436  11.342 0.0000000000
127397  -48.338  26.968  8.257 0.0000000000
126257  -48.040  26.050  6.728 0.0000000000
126259  -49.333  27.153  7.145 0.0000000000
126277  -50.315  27.085  5.794 0.0000000000
127409  -51.055  27.850  7.810 0.0000000000
130412  -44.952  30.494  17.661 0.0000000000
131445  -46.667  31.337  17.741 0.0000000000
130429  -43.759  30.429  15.169 0.0000000000
134468  -49.668  35.014  5.575 0.0000000000
133528  -48.118  34.032  6.023 0.0000000000
133546  -48.638  33.794  3.695 0.0000000000
132564  -48.755  32.902  2.035 0.0000000000
133555  -48.744  33.679  2.562 0.0000000000
134505  -48.347  34.240  1.773 0.0000000000
134494  -48.481  34.434  3.333 0.0000000000
137065  -45.359  37.666  9.214 0.0000000000
137080  -44.926  37.657  8.290 0.0000000000
137079  -43.911  37.643  8.251 0.0000000000
137078  -42.938  37.539  8.256 0.0000000000
137063  -43.449  37.540  9.174 0.0000000000
121258  -43.921  22.550  13.200 0.0000000000
120048  -44.907  22.102  12.124 0.0000000000
122471  -43.222  23.248  13.024 0.0000000000
126188  -42.904  26.824  14.470 0.0000000000
126194  -43.100  26.373  13.281 0.0000000000
127349  -44.443  27.205  12.490 0.0000000000
126205  -45.335  27.182  11.828 0.0000000000
128400  -45.553  28.619  13.591 0.0000000000
136989  -47.182  37.264  14.785 0.0000000000
136091  -47.831  36.909  14.023 0.0000000000
136998  -48.708  37.101  13.807 0.0000000000
136163  -54.244  36.347  11.412 0.0000000000
136144  -51.939  36.524  11.369 0.0000000000
136176  -53.706  36.266  9.731 0.0000000000
135320  -52.188  35.718  7.803 0.0000000000
137088  -53.346  37.077  7.879 0.0000000000
137103  -52.005  37.598  6.996 0.0000000000
137984  -52.552  38.046  8.490 0.0000000000
138738  -50.611  39.460  12.466 0.0000000000
137963  -50.159  38.653  10.271 0.0000000000
138762  -49.323  39.049  11.887 0.0000000000
137961  -48.275  38.451  10.682 0.0000000000
138736  -48.684  39.252  12.459 0.0000000000
121389  -50.381  22.648  1.323 0.0000000000
124829  -39.630  25.223  23.180 0.0000000000
124832  -42.293  25.605  22.863 0.0000000000
124794  -40.634  25.976  24.853 0.0000000000
127222  -41.541  27.576  22.625 0.0000000000
128253  -43.043  28.013  24.089 0.0000000000
128283  -43.759  28.903  22.788 0.0000000000
129337  -44.733  30.220  22.010 0.0000000000
128312  -43.268  29.295  20.937 0.0000000000
132422  -39.955  32.572  18.229 0.0000000000
132425  -42.153  32.409  18.315 0.0000000000
134353  -42.353  34.776  18.029 0.0000000000
136067  -43.894  36.347  17.246 0.0000000000
136064  -43.657  36.653  18.326 0.0000000000
124915  -53.592  25.927  13.345 0.0000000000
124897  -52.942  26.365  14.782 0.0000000000
124866  -50.782  25.198  18.184 0.0000000000
123672  -49.356  24.238  16.495 0.0000000000
123682  -49.507  24.313  15.438 0.0000000000
123671  -48.640  23.774  16.249 0.0000000000
122437  -46.636  22.780  15.188 0.0000000000
121210  -47.361  22.218  16.529 0.0000000000
116123  -44.881  18.623  17.628 0.0000000000
118796  -44.799  20.183  16.089 0.0000000000
117500  -43.823  19.401  16.859 0.0000000000
117402  -40.661  19.271  26.310 0.0000000000
116031  -42.049  18.347  24.647 0.0000000000
114655  -42.959  17.560  23.420 0.0000000000
116034  -45.186  18.540  23.753 0.0000000000
114672  -44.165  17.413  22.332 0.0000000000
114684  -44.258  17.275  21.333 0.0000000000
113174  -42.810  16.774  21.294 0.0000000000
122396  -38.541  23.372  19.756 0.0000000000
121170  -37.559  22.674  19.535 0.0000000000
117603  -54.911  19.717  6.914 0.0000000000
120091  -46.657  21.760  9.358 0.0000000000
120093  -48.313  21.351  8.871 0.0000000000
120122  -47.705  21.827  7.473 0.0000000000
122554  -49.428  23.509  4.189 0.0000000000
121354  -49.115  22.035  5.119 0.0000000000
120156  -50.738  21.879  3.961 0.0000000000
120147  -52.316  21.004  4.647 0.0000000000
121372  -53.475  22.545  3.496 0.0000000000
120172  -55.096  22.350  3.802 0.0000000000
122563  -53.733  23.458  3.190 0.0000000000
127455  -53.067  27.811  3.119 0.0000000000
125028  -53.243  25.172  1.769 0.0000000000
126329  -53.627  26.777  1.348 0.0000000000
126328  -53.005  26.281  0.914 0.0000000000
127474  -53.685  27.483  1.238 0.0000000000
127225  -45.480  27.533  22.381 0.0000000000
127258  -45.294  27.574  20.311 0.0000000000
128330  -46.689  29.106  20.493 0.0000000000
131448  -49.158  32.128  16.140 0.0000000000
130423  -48.588  30.893  16.401 0.0000000000
130445  -48.636  30.751  14.763 0.0000000000
129410  -48.915  29.974  13.192 0.0000000000
130474  -47.956  30.214  11.958 0.0000000000
135284  -46.193  35.255  11.235 0.0000000000
133464  -44.123  33.508  11.225 0.0000000000
134428  -45.398  33.973  9.859 0.0000000000
131526  -46.390  31.490  5.709 0.0000000000
131517  -45.518  31.419  7.244 0.0000000000
129503  -46.589  30.095  6.306 0.0000000000
129470  -47.865  29.449  8.505 0.0000000000
128472  -48.564  28.937  6.136 0.0000000000
128483  -51.325  29.035  5.514 0.0000000000
128503  -49.486  29.077  3.869 0.0000000000
131589  -51.265  32.022  0.160 0.0000000000
130601  -52.504  31.168  0.696 0.0000000000
132598  -52.445  32.291  -0.550 0.0000000000
129586  -51.466  29.839  -0.510 0.0000000000
130625  -50.596  31.286  -1.382 0.0000000000
129583  -49.277  30.127  -0.572 0.0000000000
131613  -49.279  31.752  -1.688 0.0000000000
134538  -45.971  34.398  -0.386 0.0000000000
132574  -46.337  32.675  0.017 0.0000000000
136204  -48.341  37.067  5.742 0.0000000000
136214  -47.945  36.420  5.117 0.0000000000
136213  -46.826  36.428  5.455 0.0000000000
134465  -43.742  34.892  5.128 0.0000000000
134466  -44.458  34.995  4.986 0.0000000000
134475  -43.137  34.358  4.269 0.0000000000
133553  -42.070  33.355  2.384 0.0000000000
133545  -41.737  33.483  3.416 0.0000000000
133543  -40.603  32.700  3.539 0.0000000000
133535  -41.504  33.634  4.464 0.0000000000
135325  -40.424  35.437  7.420 0.0000000000
133512  -40.577  33.768  6.459 0.0000000000
133503  -39.747  33.797  7.465 0.0000000000
133502  -38.745  32.952  7.236 0.0000000000
122444  -41.584  23.407  15.771 0.0000000000
123696  -42.258  24.314  13.777 0.0000000000
124893  -41.586  24.874  15.852 0.0000000000
126169  -42.323  26.305  16.016 0.0000000000
127318  -43.551  27.704  16.306 0.0000000000
136992  -50.673  37.686  14.599 0.0000000000
136994  -52.724  37.174  14.950 0.0000000000
136128  -54.113  36.665  13.147 0.0000000000
137031  -54.196  37.460  11.473 0.0000000000
137940  -52.667  38.588  10.907 0.0000000000
137912  -53.041  38.739  11.924 0.0000000000
138722  -51.914  39.632  13.357 0.0000000000
118941  -51.974  20.838  2.843 0.0000000000
127174  -37.612  26.969  24.489 0.0000000000
127161  -39.826  27.118  25.294 0.0000000000
127219  -38.697  27.338  23.527 0.0000000000
121201  -49.045  22.771  18.105 0.0000000000
121199  -47.741  21.744  17.246 0.0000000000
119968  -47.847  20.676  18.322 0.0000000000
117473  -46.702  19.349  18.806 0.0000000000
114736  -45.370  18.111  18.914 0.0000000000
116014  -39.619  18.485  25.334 0.0000000000
113129  -39.052  16.826  23.161 0.0000000000
117471  -36.052  19.490  19.153 0.0000000000
119941  -35.840  21.465  19.795 0.0000000000
118743  -34.480  20.153  19.652 0.0000000000
119927  -33.515  21.154  20.532 0.0000000000
123757  -46.148  24.324  8.403 0.0000000000
122528  -47.035  23.378  7.214 0.0000000000
124977  -47.415  25.302  7.205 0.0000000000
124998  -48.156  24.920  5.391 0.0000000000
125009  -49.832  25.530  4.024 0.0000000000
123810  -51.402  25.124  2.815 0.0000000000
125010  -50.478  26.119  3.692 0.0000000000
127438  -52.035  27.597  4.807 0.0000000000
128506  -53.738  28.681  4.298 0.0000000000
130359  -47.978  31.188  22.384 0.0000000000
129347  -48.210  30.658  20.627 0.0000000000
131408  -48.581  32.113  19.768 0.0000000000
131452  -47.739  31.902  16.185 0.0000000000
130453  -45.917  30.623  13.555 0.0000000000
135316  -48.652  35.091  8.574 0.0000000000
134446  -46.848  34.281  8.168 0.0000000000
133516  -47.267  33.960  6.903 0.0000000000
132519  -46.993  32.750  5.254 0.0000000000
130563  -47.247  30.823  4.202 0.0000000000
129549  -48.603  30.439  2.662 0.0000000000
130578  -48.739  31.171  2.167 0.0000000000
131579  -49.479  32.055  0.980 0.0000000000
133573  -49.717  33.858  -0.201 0.0000000000
133599  -48.508  33.767  -1.927 0.0000000000
134525  -48.708  34.313  -0.376 0.0000000000
134523  -46.746  34.629  0.031 0.0000000000
134511  -45.689  34.576  1.116 0.0000000000
137098  -46.530  37.817  7.461 0.0000000000
136202  -46.397  36.998  6.041 0.0000000000
137097  -45.437  37.740  7.397 0.0000000000
137121  -44.405  37.118  6.091 0.0000000000
135345  -42.822  36.078  5.990 0.0000000000
134454  -41.894  34.859  6.193 0.0000000000
136198  -42.578  36.684  6.459 0.0000000000
137093  -41.541  37.109  7.625 0.0000000000
137092  -40.744  36.883  7.812 0.0000000000
121262  -47.343  22.105  12.896 0.0000000000
120052  -47.930  21.544  11.596 0.0000000000
120050  -46.042  21.633  11.744 0.0000000000
121294  -45.310  22.473  10.753 0.0000000000
122497  -45.125  23.430  10.284 0.0000000000
124923  -42.747  24.720  12.779 0.0000000000
124935  -43.895  25.213  11.627 0.0000000000
124949  -45.271  25.359  10.153 0.0000000000
126228  -45.982  26.038  9.771 0.0000000000
126229  -46.728  26.845  10.200 0.0000000000
127376  -47.991  27.557  10.178 0.0000000000
134378  -43.213  34.404  14.432 0.0000000000
133446  -42.631  33.000  13.673 0.0000000000
135251  -45.280  35.941  13.662 0.0000000000
136120  -46.827  36.073  12.379 0.0000000000
135286  -47.913  35.892  11.128 0.0000000000
136124  -50.863  36.728  12.374 0.0000000000
136142  -49.552  36.333  11.305 0.0000000000
135307  -49.006  35.575  9.493 0.0000000000
135318  -50.366  35.432  8.078 0.0000000000
135329  -50.744  35.435  7.108 0.0000000000
135351  -50.289  35.551  5.622 0.0000000000
135360  -49.040  35.300  4.430 0.0000000000
137125  -50.903  36.723  5.979 0.0000000000
137115  -50.292  37.275  6.337 0.0000000000
137084  -49.409  37.840  7.971 0.0000000000
137973  -51.668  38.362  9.237 0.0000000000
137981  -50.037  38.164  8.678 0.0000000000
137083  -48.339  37.926  8.107 0.0000000000
137969  -47.476  38.113  9.356 0.0000000000
137050  -46.536  37.903  9.883 0.0000000000
137933  -45.779  38.403  11.530 0.0000000000
123632  -42.122  24.073  20.551 0.0000000000
124851  -43.601  25.201  20.679 0.0000000000
124842  -43.267  25.273  21.615 0.0000000000
126061  -44.278  26.693  23.229 0.0000000000
127203  -45.405  27.765  23.558 0.0000000000
126010  -41.632  27.088  25.302 0.0000000000
128255  -44.567  28.581  24.944 0.0000000000
129312  -46.964  29.944  24.393 0.0000000000
131376  -46.865  31.244  23.128 0.0000000000
130375  -45.878  31.043  19.987 0.0000000000
130389  -43.916  30.549  18.290 0.0000000000
128327  -41.740  29.250  19.301 0.0000000000
130372  -42.681  30.819  19.165 0.0000000000
131417  -42.637  31.512  18.397 0.0000000000
132442  -42.342  32.263  16.475 0.0000000000
136080  -43.783  35.779  15.741 0.0000000000
136976  -45.688  37.219  15.949 0.0000000000
136966  -47.506  38.088  16.547 0.0000000000
123698  -52.280  24.789  13.019 0.0000000000
122459  -50.377  23.732  13.263 0.0000000000
126152  -52.073  26.615  17.541 0.0000000000
126162  -52.224  26.619  16.509 0.0000000000
124895  -51.393  25.364  14.890 0.0000000000
123690  -49.994  24.263  14.666 0.0000000000
122457  -48.787  23.118  13.873 0.0000000000
121232  -46.938  22.713  14.366 0.0000000000
121230  -45.297  22.313  14.631 0.0000000000
121229  -44.245  22.327  14.623 0.0000000000
119995  -45.878  21.057  16.022 0.0000000000
120007  -44.661  21.301  15.408 0.0000000000
121218  -43.060  21.862  15.231 0.0000000000
121208  -42.114  21.993  16.813 0.0000000000
118667  -44.249  20.762  26.673 0.0000000000
116016  -41.582  18.896  25.409 0.0000000000
117405  -43.131  19.543  25.718 0.0000000000
118678  -45.162  20.125  26.021 0.0000000000
117408  -46.985  19.648  24.878 0.0000000000
117418  -47.445  19.661  23.974 0.0000000000
118707  -48.005  20.038  22.262 0.0000000000
117436  -46.789  19.043  21.366 0.0000000000
114699  -45.091  17.730  20.250 0.0000000000
114733  -42.888  17.704  18.684 0.0000000000
122399  -41.376  22.777  19.698 0.0000000000
122384  -40.380  23.668  20.242 0.0000000000
123629  -39.272  24.388  21.108 0.0000000000
123610  -38.070  24.539  22.127 0.0000000000
124816  -37.266  25.375  23.972 0.0000000000
114862  -53.891  18.674  7.758 0.0000000000
116243  -54.525  18.597  6.507 0.0000000000
116253  -54.330  18.640  5.549 0.0000000000
120067  -48.939  21.619  10.437 0.0000000000
120094  -49.329  21.469  8.736 0.0000000000
121343  -48.078  22.057  6.364 0.0000000000
120135  -49.512  21.549  5.843 0.0000000000
120126  -52.032  21.058  6.489 0.0000000000
118914  -53.298  20.481  5.727 0.0000000000
120139  -54.219  20.717  5.026 0.0000000000
117627  -53.517  19.286  4.612 0.0000000000
118932  -53.749  20.586  4.203 0.0000000000
120170  -53.924  21.639  2.801 0.0000000000
120178  -52.492  22.089  2.094 0.0000000000
123812  -53.351  24.806  2.499 0.0000000000
123826  -53.850  24.127  1.657 0.0000000000
122584  -52.100  23.558  1.315 0.0000000000
123824  -51.977  24.598  1.157 0.0000000000
125048  -50.754  25.484  0.857 0.0000000000
125047  -50.159  25.979  0.864 0.0000000000
126141  -43.814  26.281  19.467 0.0000000000
127297  -44.404  27.575  18.306 0.0000000000
128380  -45.390  28.754  16.969 0.0000000000
129367  -47.318  29.733  18.831 0.0000000000
129383  -46.795  29.526  17.567 0.0000000000
129400  -46.339  29.311  14.931 0.0000000000
128401  -46.669  28.984  13.514 0.0000000000
128407  -48.447  29.242  12.048 0.0000000000
128447  -49.910  28.485  10.000 0.0000000000
131466  -42.908  31.751  13.040 0.0000000000
130460  -43.849  30.898  11.914 0.0000000000
130471  -44.518  30.570  11.190 0.0000000000
132491  -45.173  32.636  8.535 0.0000000000
130495  -44.701  30.914  9.226 0.0000000000
130486  -46.515  30.130  10.625 0.0000000000
129430  -47.457  29.832  10.102 0.0000000000
129450  -50.180  29.469  9.455 0.0000000000
127401  -51.365  28.693  8.880 0.0000000000
128466  -52.081  28.668  7.330 0.0000000000
129542  -53.275  29.657  3.609 0.0000000000
129551  -50.395  29.574  2.220 0.0000000000
129553  -52.914  29.933  2.443 0.0000000000
129564  -54.201  29.672  1.785 0.0000000000
129573  -52.692  29.385  0.399 0.0000000000
128531  -51.061  28.607  -0.254 0.0000000000
131601  -48.123  32.112  -1.034 0.0000000000
135359  -47.873  35.362  4.310 0.0000000000
134479  -46.894  34.757  3.865 0.0000000000
134502  -45.473  34.450  2.064 0.0000000000
135348  -45.224  35.540  5.335 0.0000000000
134477  -44.965  34.899  4.176 0.0000000000
134509  -43.741  34.363  1.247 0.0000000000
132558  -42.907  33.324  1.507 0.0000000000
132537  -42.899  32.523  2.567 0.0000000000
131547  -42.235  31.664  4.167 0.0000000000
133513  -41.195  34.043  6.124 0.0000000000
133522  -39.568  32.593  5.430 0.0000000000
137932  -44.884  38.537  11.507 0.0000000000
137956  -43.539  38.234  10.720 0.0000000000
137955  -42.674  38.360  10.606 0.0000000000
137044  -41.175  37.928  9.899 0.0000000000
137074  -39.728  36.834  8.648 0.0000000000
123650  -42.495  24.133  18.895 0.0000000000
123641  -43.129  24.582  19.838 0.0000000000
116262  -52.945  18.437  4.186 0.0000000000
121149  -50.153  21.787  21.850 0.0000000000
121158  -49.622  21.763  21.047 0.0000000000
119919  -48.928  21.130  21.346 0.0000000000
118733  -48.362  20.648  20.714 0.0000000000
118721  -48.624  20.671  21.638 0.0000000000
113213  -34.557  16.713  19.770 0.0000000000
121265  -49.988  22.704  12.168 0.0000000000
121282  -49.474  22.197  11.737 0.0000000000
127398  -49.034  27.286  8.166 0.0000000000
127407  -49.237  27.191  7.490 0.0000000000
127408  -49.951  27.398  7.399 0.0000000000
130420  -44.971  30.456  16.548 0.0000000000
130428  -42.924  30.900  15.034 0.0000000000
134467  -48.948  34.465  5.654 0.0000000000
137064  -44.414  37.546  9.175 0.0000000000
137047  -43.944  37.724  10.032 0.0000000000
121240  -43.490  22.566  13.836 0.0000000000
122456  -42.805  23.049  13.665 0.0000000000
127327  -43.944  27.999  14.621 0.0000000000
127335  -43.540  27.382  14.079 0.0000000000
127336  -44.129  28.008  13.873 0.0000000000
127342  -44.715  27.926  13.145 0.0000000000
128399  -44.749  28.493  13.949 0.0000000000
136979  -48.525  37.908  15.620 0.0000000000
136990  -48.374  37.296  14.492 0.0000000000
136991  -49.528  37.614  14.551 0.0000000000
136177  -54.200  36.329  10.573 0.0000000000
136162  -53.843  35.911  10.910 0.0000000000
136185  -53.468  36.435  8.399 0.0000000000
137069  -53.679  37.283  9.041 0.0000000000
137087  -52.765  37.771  8.099 0.0000000000
137975  -53.238  37.843  9.123 0.0000000000
138763  -50.201  39.172  11.764 0.0000000000
138737  -49.666  39.426  12.478 0.0000000000
138761  -48.854  38.965  11.971 0.0000000000
138719  -49.101  39.780  13.175 0.0000000000
118948  -51.143  21.194  2.047 0.0000000000
118947  -50.414  20.873  1.790 0.0000000000
120176  -50.474  21.708  1.484 0.0000000000
124818  -39.076  25.278  24.016 0.0000000000
124819  -40.158  25.658  24.098 0.0000000000
124793  -39.762  25.831  24.875 0.0000000000
127236  -41.971  27.976  21.341 0.0000000000
127223  -42.438  28.028  22.439 0.0000000000
127237  -42.572  28.295  21.785 0.0000000000
128299  -43.541  29.114  21.688 0.0000000000
128298  -42.850  28.621  21.230 0.0000000000
135228  -42.639  35.627  18.280 0.0000000000
127330  -54.295  26.838  14.822 0.0000000000
126190  -53.803  26.401  14.280 0.0000000000
126180  -53.298  26.788  15.137 0.0000000000
122430  -48.070  23.148  16.550 0.0000000000
122429  -47.409  22.787  16.176 0.0000000000
121211  -48.058  22.633  16.985 0.0000000000
116134  -44.334  19.021  17.050 0.0000000000
117499  -43.208  19.343  17.264 0.0000000000
116121  -43.025  18.759  17.725 0.0000000000
116005  -39.656  18.764  26.211 0.0000000000
114654  -41.998  17.429  23.380 0.0000000000
114670  -42.373  17.102  22.529 0.0000000000
114656  -43.752  17.555  23.092 0.0000000000
114671  -43.261  17.293  22.463 0.0000000000
114682  -42.825  16.968  21.882 0.0000000000
113173  -42.169  16.686  21.569 0.0000000000
118746  -37.691  20.954  18.743 0.0000000000
119943  -37.740  21.687  18.949 0.0000000000
120127  -52.711  21.124  6.785 0.0000000000
121320  -46.122  22.484  8.890 0.0000000000
120107  -46.778  21.892  8.701 0.0000000000
121332  -46.566  22.460  8.191 0.0000000000
122560  -50.115  23.516  3.714 0.0000000000
121369  -49.979  22.832  4.026 0.0000000000
121370  -50.736  22.519  3.643 0.0000000000
121371  -52.010  22.491  3.385 0.0000000000
122562  -52.339  23.611  3.009 0.0000000000
127456  -53.728  28.306  2.886 0.0000000000
126308  -53.976  27.540  2.222 0.0000000000
127464  -54.477  27.930  2.024 0.0000000000
128522  -54.096  28.699  1.472 0.0000000000
128300  -46.117  28.312  22.039 0.0000000000
128313  -46.028  28.354  20.941 0.0000000000
128314  -46.752  29.062  21.617 0.0000000000
131469  -48.351  31.245  14.292 0.0000000000
131454  -48.776  31.546  15.341 0.0000000000
131470  -48.690  31.070  14.053 0.0000000000
130456  -48.697  30.668  13.821 0.0000000000
130464  -48.248  30.630  12.837 0.0000000000
135296  -47.134  35.050  10.362 0.0000000000
134419  -45.859  34.738  10.689 0.0000000000
134420  -46.483  34.676  10.225 0.0000000000
130552  -46.658  30.759  5.357 0.0000000000
130539  -46.224  30.756  6.126 0.0000000000
129515  -47.161  29.920  5.472 0.0000000000
129504  -47.312  29.554  6.525 0.0000000000
129516  -47.993  29.230  5.882 0.0000000000
128492  -49.041  28.917  4.593 0.0000000000
132597  -51.556  33.030  -0.975 0.0000000000
132578  -51.965  32.499  -0.262 0.0000000000
132610  -51.350  32.559  -1.447 0.0000000000
131616  -51.711  31.806  -1.468 0.0000000000
131615  -50.950  31.919  -1.508 0.0000000000
130624  -49.800  31.160  -1.345 0.0000000000
132608  -49.708  32.467  -1.739 0.0000000000
134537  -45.090  34.404  -0.075 0.0000000000
132592  -45.675  33.858  -0.543 0.0000000000
133571  -44.459  33.874  -0.193 0.0000000000
133570  -43.870  33.963  -0.062 0.0000000000
137113  -48.036  37.441  6.479 0.0000000000
136203  -47.411  36.984  5.892 0.0000000000
134474  -42.315  34.005  4.365 0.0000000000
133544  -41.001  33.177  3.473 0.0000000000
136189  -40.064  35.876  7.749 0.0000000000
134445  -40.118  34.698  7.525 0.0000000000
123688  -41.498  24.147  15.336 0.0000000000
123680  -41.526  24.118  16.224 0.0000000000
126149  -42.691  26.090  18.091 0.0000000000
126160  -42.466  26.204  17.067 0.0000000000
126170  -42.917  26.954  16.675 0.0000000000
127308  -43.584  27.387  17.351 0.0000000000
136982  -52.095  37.751  15.627 0.0000000000
136983  -53.017  37.307  15.820 0.0000000000
137898  -54.340  37.579  13.982 0.0000000000
136095  -54.246  36.816  14.580 0.0000000000
137017  -54.446  36.979  13.080 0.0000000000
137016  -54.315  37.393  12.348 0.0000000000
137914  -54.245  37.665  13.024 0.0000000000
137913  -53.822  38.085  12.316 0.0000000000
138741  -53.285  38.812  12.978 0.0000000000
138713  -52.177  39.656  14.270 0.0000000000
138723  -52.752  39.317  13.628 0.0000000000
138721  -50.989  39.720  13.224 0.0000000000
118930  -51.514  19.963  3.416 0.0000000000
127196  -37.091  27.313  24.091 0.0000000000
127197  -38.087  27.316  24.114 0.0000000000
126057  -37.362  27.300  23.517 0.0000000000
122401  -49.546  22.810  19.184 0.0000000000
121190  -48.804  21.862  18.794 0.0000000000
119984  -48.409  21.570  18.282 0.0000000000
119969  -48.425  20.982  18.907 0.0000000000
117459  -47.370  19.566  20.021 0.0000000000
117474  -47.251  19.708  19.209 0.0000000000
117458  -46.824  19.147  19.570 0.0000000000
116115  -45.535  18.465  18.443 0.0000000000
116097  -45.735  18.344  19.308 0.0000000000
114713  -36.886  17.434  19.326 0.0000000000
116094  -36.479  18.441  18.931 0.0000000000
117470  -34.943  19.436  19.356 0.0000000000
117457  -33.626  19.824  19.834 0.0000000000
118728  -33.079  20.425  20.347 0.0000000000
124966  -46.754  25.259  8.027 0.0000000000
124976  -47.020  24.800  7.487 0.0000000000
124967  -47.182  25.763  7.841 0.0000000000
126265  -48.765  26.139  6.055 0.0000000000
126264  -48.332  25.759  6.195 0.0000000000
124999  -48.680  25.522  5.038 0.0000000000
125008  -49.136  25.012  4.297 0.0000000000
125000  -49.394  25.908  4.746 0.0000000000
126285  -49.795  26.146  4.645 0.0000000000
127428  -52.100  27.662  6.094 0.0000000000
127437  -51.295  27.282  4.812 0.0000000000
127448  -52.939  28.100  4.056 0.0000000000
127439  -52.786  28.212  5.411 0.0000000000
131391  -47.915  31.508  21.797 0.0000000000
131401  -48.298  31.901  20.834 0.0000000000
131407  -47.775  31.923  20.452 0.0000000000
130431  -45.995  30.844  15.745 0.0000000000
131446  -47.478  31.707  17.130 0.0000000000
130432  -46.908  31.522  15.931 0.0000000000
130443  -46.915  31.398  15.001 0.0000000000
130442  -45.953  30.842  14.649 0.0000000000
134448  -48.387  34.763  7.666 0.0000000000
134447  -47.487  34.429  7.815 0.0000000000
134456  -47.921  34.444  7.110 0.0000000000
132529  -47.924  33.246  4.472 0.0000000000
133527  -47.295  33.335  5.537 0.0000000000
132528  -47.417  32.596  4.575 0.0000000000
132527  -46.970  31.990  4.840 0.0000000000
131552  -47.447  31.703  3.828 0.0000000000
130570  -48.160  30.892  2.827 0.0000000000
131561  -47.909  31.762  3.085 0.0000000000
131578  -48.972  32.106  1.718 0.0000000000
132565  -49.229  32.906  1.222 0.0000000000
132576  -49.865  32.978  0.505 0.0000000000
133563  -49.383  33.548  0.678 0.0000000000
134526  -49.139  34.091  -0.854 0.0000000000
133572  -49.101  34.062  0.446 0.0000000000
134513  -47.625  34.597  0.848 0.0000000000
134512  -46.696  34.783  1.005 0.0000000000
137096  -44.390  37.682  7.328 0.0000000000
137109  -43.875  37.345  6.497 0.0000000000
136199  -43.293  36.953  6.259 0.0000000000
137108  -43.094  37.255  6.724 0.0000000000
137094  -42.456  37.305  7.335 0.0000000000
137076  -41.057  37.352  8.357 0.0000000000
121261  -46.509  22.106  13.001 0.0000000000
120035  -46.680  21.678  12.343 0.0000000000
120034  -45.874  21.854  12.403 0.0000000000
121279  -44.487  22.464  11.951 0.0000000000
121280  -45.051  22.274  11.419 0.0000000000
121293  -44.650  22.729  11.209 0.0000000000
122496  -44.613  23.380  10.809 0.0000000000
124904  -42.053  25.227  14.372 0.0000000000
123708  -42.646  24.199  13.084 0.0000000000
124911  -42.557  25.183  13.329 0.0000000000
126203  -43.904  26.338  12.113 0.0000000000
126216  -44.260  25.734  11.518 0.0000000000
124948  -44.912  24.818  10.392 0.0000000000
124937  -44.973  25.881  10.827 0.0000000000
127363  -46.325  27.447  11.360 0.0000000000
126219  -46.401  27.205  10.876 0.0000000000
127364  -47.138  27.706  10.995 0.0000000000
127375  -47.255  27.342  10.338 0.0000000000
127365  -47.863  28.050  10.865 0.0000000000
135246  -44.348  35.779  14.734 0.0000000000
135249  -43.867  35.035  13.748 0.0000000000
136089  -45.389  36.296  14.185 0.0000000000
136102  -47.627  36.577  13.187 0.0000000000
136101  -46.487  36.271  13.089 0.0000000000
136121  -47.502  36.172  12.121 0.0000000000
137001  -51.516  37.330  13.871 0.0000000000
136105  -51.270  36.985  13.114 0.0000000000
136160  -51.702  36.203  10.319 0.0000000000
136143  -50.715  36.473  11.349 0.0000000000
136159  -50.490  36.214  10.361 0.0000000000
136158  -49.354  36.046  10.262 0.0000000000
136173  -50.281  35.837  9.586 0.0000000000
135308  -49.965  35.524  9.013 0.0000000000
135309  -50.834  35.639  8.769 0.0000000000
135331  -52.357  35.911  6.989 0.0000000000
135319  -51.276  35.611  7.862 0.0000000000
135330  -51.657  35.603  6.960 0.0000000000
135339  -50.963  35.666  6.269 0.0000000000
135340  -51.699  35.944  6.264 0.0000000000
135362  -50.616  36.131  5.446 0.0000000000
136206  -51.598  36.477  6.274 0.0000000000
137086  -51.594  37.846  7.821 0.0000000000
137102  -50.940  37.588  7.011 0.0000000000
137101  -49.853  37.620  7.080 0.0000000000
137965  -52.189  38.415  10.002 0.0000000000
137971  -49.561  38.423  9.545 0.0000000000
137980  -48.970  38.218  8.793 0.0000000000
137979  -48.079  38.204  8.856 0.0000000000
137970  -48.409  38.292  9.727 0.0000000000
137935  -47.735  38.542  11.377 0.0000000000
137960  -47.322  38.142  10.372 0.0000000000
137934  -46.752  38.391  11.434 0.0000000000
137959  -46.240  38.068  10.692 0.0000000000
121388  -49.656  22.535  1.366 0.0000000000
123822  -49.791  24.282  1.208 0.0000000000
123614  -41.883  24.711  21.353 0.0000000000
123615  -42.614  24.685  21.252 0.0000000000
124841  -42.477  25.320  21.906 0.0000000000
126059  -42.736  26.485  24.252 0.0000000000
126060  -43.462  26.437  23.562 0.0000000000
126032  -44.101  27.055  24.079 0.0000000000
127202  -44.781  27.320  23.919 0.0000000000
127176  -39.923  27.454  24.974 0.0000000000
126009  -40.960  26.953  25.572 0.0000000000
127177  -40.912  27.520  24.896 0.0000000000
128265  -43.723  28.552  23.812 0.0000000000
128254  -43.576  28.283  24.693 0.0000000000
129310  -45.187  29.365  24.778 0.0000000000
128257  -45.988  29.180  25.082 0.0000000000
129311  -46.154  30.062  24.520 0.0000000000
130338  -47.026  30.657  24.121 0.0000000000
129324  -46.036  30.368  23.823 0.0000000000
129345  -44.720  30.382  21.278 0.0000000000
130357  -45.328  30.739  21.595 0.0000000000
130364  -44.973  30.708  20.657 0.0000000000
130374  -44.821  30.780  19.652 0.0000000000
130373  -43.690  30.737  19.327 0.0000000000
131415  -40.899  31.642  18.495 0.0000000000
128351  -41.254  29.347  18.748 0.0000000000
129366  -41.618  29.993  18.858 0.0000000000
129351  -42.208  30.074  19.406 0.0000000000
130371  -42.027  30.573  18.946 0.0000000000
133429  -42.113  33.239  17.801 0.0000000000
132440  -42.372  32.310  17.565 0.0000000000
133434  -42.291  33.019  16.947 0.0000000000
135240  -42.907  34.841  16.003 0.0000000000
135241  -43.343  35.474  16.274 0.0000000000
136068  -44.741  36.825  17.388 0.0000000000
136074  -44.590  36.582  16.345 0.0000000000
136964  -45.751  37.356  16.486 0.0000000000
136965  -46.509  37.693  16.530 0.0000000000
124927  -54.260  25.616  12.543 0.0000000000
124906  -52.239  25.329  13.942 0.0000000000
124913  -52.607  25.217  13.302 0.0000000000
123692  -51.611  24.767  13.649 0.0000000000
123697  -51.300  24.178  12.930 0.0000000000
123691  -50.781  24.557  14.089 0.0000000000
124867  -51.418  25.953  17.941 0.0000000000
124876  -51.470  26.081  16.826 0.0000000000
124885  -51.732  26.113  15.783 0.0000000000
124884  -50.895  25.549  16.009 0.0000000000
122440  -48.788  23.815  15.161 0.0000000000
122449  -49.282  23.682  14.479 0.0000000000
121245  -48.041  22.638  13.592 0.0000000000
121233  -47.588  22.814  14.234 0.0000000000
121231  -46.272  22.536  14.627 0.0000000000
121220  -45.034  21.971  15.180 0.0000000000
118799  -47.324  20.762  17.384 0.0000000000
119997  -47.320  21.236  16.970 0.0000000000
118798  -46.720  20.373  17.031 0.0000000000
118795  -43.857  20.245  16.213 0.0000000000
118808  -44.415  20.665  15.690 0.0000000000
120006  -43.707  21.111  15.535 0.0000000000
120005  -42.970  21.376  15.771 0.0000000000
121217  -42.350  22.054  15.812 0.0000000000
119993  -42.711  21.191  16.529 0.0000000000
118688  -48.823  20.748  24.369 0.0000000000
117392  -41.505  19.986  26.799 0.0000000000
118666  -43.080  20.435  27.020 0.0000000000
117394  -43.595  20.047  26.302 0.0000000000
116029  -40.218  18.259  24.780 0.0000000000
116030  -41.116  18.237  24.874 0.0000000000
116032  -43.090  18.264  24.384 0.0000000000
116017  -42.583  18.993  25.132 0.0000000000
116018  -43.625  18.819  25.173 0.0000000000
117406  -44.391  19.444  25.614 0.0000000000
117407  -45.744  19.512  25.172 0.0000000000
117416  -45.107  18.905  24.688 0.0000000000
116035  -45.700  18.539  23.338 0.0000000000
117417  -46.311  18.960  23.821 0.0000000000
117426  -47.360  19.472  22.945 0.0000000000
117425  -46.652  19.016  22.427 0.0000000000
117437  -47.335  19.578  21.875 0.0000000000
116061  -46.080  18.590  21.734 0.0000000000
114697  -43.695  16.975  20.632 0.0000000000
114698  -44.381  17.281  20.390 0.0000000000
114721  -44.538  17.504  19.406 0.0000000000
114720  -43.509  17.129  19.605 0.0000000000
119945  -39.766  21.622  18.972 0.0000000000
119965  -40.504  20.689  18.652 0.0000000000
121173  -40.611  22.189  19.380 0.0000000000
121174  -41.519  22.025  19.408 0.0000000000
122398  -40.495  22.999  19.676 0.0000000000
122385  -41.300  23.482  20.158 0.0000000000
122395  -37.797  23.364  20.090 0.0000000000
122382  -38.433  23.896  20.494 0.0000000000
118731  -35.437  21.201  19.877 0.0000000000
119930  -36.191  22.010  20.019 0.0000000000
121155  -35.216  22.316  20.800 0.0000000000
122349  -36.195  23.842  22.415 0.0000000000
123597  -36.887  24.379  22.811 0.0000000000
123580  -36.677  24.791  23.541 0.0000000000
124815  -36.264  25.257  24.104 0.0000000000
116226  -53.868  19.250  8.232 0.0000000000
118908  -54.734  20.027  6.595 0.0000000000
116234  -54.997  19.124  6.619 0.0000000000
116244  -54.923  18.910  6.007 0.0000000000
116254  -54.769  18.876  5.749 0.0000000000
117618  -54.809  19.092  5.726 0.0000000000
120066  -48.081  21.336  10.618 0.0000000000
120080  -48.210  21.332  9.743 0.0000000000
120109  -48.412  21.503  7.992 0.0000000000
122535  -47.420  23.451  6.602 0.0000000000
121342  -47.570  22.439  6.880 0.0000000000
121352  -47.717  22.694  6.204 0.0000000000
120145  -49.878  21.696  5.099 0.0000000000
120136  -50.724  21.309  5.666 0.0000000000
120125  -50.660  21.303  6.632 0.0000000000
118913  -52.455  20.671  6.026 0.0000000000
118921  -52.526  20.651  5.373 0.0000000000
120148  -53.774  21.054  4.754 0.0000000000
118923  -54.273  20.282  4.882 0.0000000000
121384  -55.158  22.658  3.146 0.0000000000
120171  -54.656  22.054  3.420 0.0000000000
121383  -54.557  22.323  2.767 0.0000000000
120179  -53.298  21.986  2.323 0.0000000000
121393  -54.173  22.803  2.361 0.0000000000
125026  -51.618  25.636  2.707 0.0000000000
123811  -52.165  24.791  2.630 0.0000000000
125027  -52.589  25.744  2.330 0.0000000000
125042  -53.938  24.896  1.607 0.0000000000
123825  -53.052  24.353  1.365 0.0000000000
122585  -53.078  23.464  1.558 0.0000000000
126327  -51.711  26.390  0.626 0.0000000000
125049  -51.881  25.423  0.977 0.0000000000
126326  -50.638  26.505  0.482 0.0000000000
126105  -44.007  25.880  21.510 0.0000000000
124857  -43.505  25.479  19.759 0.0000000000
126126  -44.100  26.122  20.502 0.0000000000
128329  -45.797  28.519  19.884 0.0000000000
127279  -45.142  27.925  19.237 0.0000000000
127298  -45.021  28.125  18.656 0.0000000000
128369  -44.821  28.358  17.517 0.0000000000
128370  -45.735  28.768  17.823 0.0000000000
129355  -48.271  30.601  19.381 0.0000000000
129389  -47.790  30.195  15.955 0.0000000000
129384  -47.882  30.285  16.984 0.0000000000
129388  -46.973  29.623  16.384 0.0000000000
129394  -46.139  29.280  15.704 0.0000000000
129395  -47.064  29.585  15.435 0.0000000000
128394  -46.160  29.149  14.242 0.0000000000
129401  -47.137  29.470  14.488 0.0000000000
129413  -49.090  29.704  12.262 0.0000000000
129412  -48.610  29.486  12.713 0.0000000000
129416  -49.195  29.489  11.595 0.0000000000
128434  -49.246  28.592  10.552 0.0000000000
128419  -49.368  29.131  11.124 0.0000000000
134382  -43.674  34.319  13.135 0.0000000000
133452  -42.694  32.768  13.126 0.0000000000
133453  -43.110  33.260  12.737 0.0000000000
133474  -44.341  33.261  10.592 0.0000000000
132467  -43.652  32.358  11.224 0.0000000000
131483  -43.735  31.684  10.807 0.0000000000
130461  -44.634  30.502  12.188 0.0000000000
130483  -43.919  31.245  10.515 0.0000000000
133506  -46.294  33.783  7.938 0.0000000000
133496  -45.510  33.276  8.679 0.0000000000
133505  -45.691  32.931  7.782 0.0000000000
129468  -45.991  30.055  7.960 0.0000000000
131508  -45.056  31.406  8.381 0.0000000000
130508  -45.347  30.665  8.496 0.0000000000
130496  -45.268  30.402  9.491 0.0000000000
130497  -46.110  29.983  9.784 0.0000000000
129429  -46.747  29.861  9.953 0.0000000000
129447  -46.985  29.608  9.288 0.0000000000
129492  -48.704  29.216  7.823 0.0000000000
129471  -49.024  29.525  8.701 0.0000000000
129472  -50.050  29.478  8.872 0.0000000000
129473  -50.819  29.314  8.994 0.0000000000
129494  -50.800  29.274  8.371 0.0000000000
128465  -51.840  28.915  7.939 0.0000000000
129508  -51.457  29.183  7.940 0.0000000000
128494  -51.022  29.250  4.454 0.0000000000
129529  -52.515  29.523  4.287 0.0000000000
129550  -49.198  30.033  2.152 0.0000000000
129561  -50.049  30.101  1.409 0.0000000000
131591  -52.994  31.530  0.360 0.0000000000
130590  -51.878  30.638  1.122 0.0000000000
131581  -53.530  30.999  0.842 0.0000000000
130581  -53.855  30.210  1.779 0.0000000000
130592  -53.629  30.511  1.040 0.0000000000
129574  -53.652  29.716  0.841 0.0000000000
129588  -52.904  30.121  0.282 0.0000000000
128543  -50.849  29.372  -0.489 0.0000000000
128530  -50.004  28.388  -0.032 0.0000000000
127471  -50.349  27.487  0.218 0.0000000000
128529  -49.220  28.520  0.097 0.0000000000
134553  -47.968  34.183  -1.791 0.0000000000
132607  -48.581  32.603  -1.950 0.0000000000
132606  -47.958  33.319  -1.973 0.0000000000
132575  -47.244  32.108  0.214 0.0000000000
136222  -49.674  36.127  4.993 0.0000000000
135368  -48.413  34.844  3.807 0.0000000000
136221  -48.805  36.050  4.719 0.0000000000
135358  -46.670  35.300  4.479 0.0000000000
134492  -46.290  34.551  3.011 0.0000000000
136201  -45.472  37.077  6.079 0.0000000000
136212  -45.827  36.429  5.686 0.0000000000
134476  -43.961  34.614  4.165 0.0000000000
134490  -44.188  34.450  3.154 0.0000000000
134501  -44.410  34.405  2.127 0.0000000000
134500  -43.427  34.078  2.217 0.0000000000
133561  -43.121  33.734  1.392 0.0000000000
133554  -42.800  33.581  2.043 0.0000000000
132547  -41.381  32.871  2.415 0.0000000000
132536  -41.790  32.477  2.639 0.0000000000
131557  -42.496  32.103  3.381 0.0000000000
132526  -40.143  32.162  3.948 0.0000000000
131555  -40.633  31.813  3.518 0.0000000000
132525  -39.394  31.677  4.451 0.0000000000
134462  -41.529  34.280  5.940 0.0000000000
134453  -41.208  34.629  6.510 0.0000000000
133511  -39.488  32.868  6.235 0.0000000000
132505  -38.682  32.309  5.848 0.0000000000
137930  -43.229  38.890  11.226 0.0000000000
137954  -41.790  38.451  10.519 0.0000000000
137060  -40.607  37.506  9.147 0.0000000000
123660  -41.916  23.875  18.002 0.0000000000
124873  -41.773  24.559  17.518 0.0000000000
123661  -42.112  24.632  18.096 0.0000000000
124864  -42.611  25.167  18.445 0.0000000000
136984  -53.770  36.992  15.895 0.0000000000
137890  -54.369  37.712  15.883 0.0000000000
138724  -53.506  38.899  14.010 0.0000000000
138715  -53.726  38.961  15.004 0.0000000000
139579  -52.548  39.935  15.065 0.0000000000
126080  -36.194  27.185  22.866 0.0000000000
126081  -37.005  27.200  22.769 0.0000000000
121159  -50.171  22.454  20.939 0.0000000000
119949  -48.777  21.313  20.138 0.0000000000
118750  -48.208  20.616  19.835 0.0000000000
118732  -47.844  20.098  20.402 0.0000000000
117447  -46.930  18.971  20.423 0.0000000000
116092  -34.405  18.443  19.385 0.0000000000
122474  -51.396  23.578  11.810 0.0000000000
122486  -51.098  23.092  11.505 0.0000000000
121284  -51.162  22.745  10.927 0.0000000000
121296  -50.724  22.267  10.334 0.0000000000
126250  -47.706  26.426  8.041 0.0000000000
126251  -48.448  26.853  7.944 0.0000000000
126258  -48.726  26.790  7.246 0.0000000000
126266  -49.569  27.011  6.490 0.0000000000
126267  -50.226  27.292  6.396 0.0000000000
127418  -50.950  27.445  6.652 0.0000000000
127419  -51.979  27.900  7.167 0.0000000000
130392  -46.645  31.357  19.286 0.0000000000
131419  -47.682  31.821  19.498 0.0000000000
131439  -46.558  31.251  18.207 0.0000000000
130421  -46.201  31.142  16.912 0.0000000000
130430  -44.878  30.496  15.448 0.0000000000
134458  -49.410  34.872  6.438 0.0000000000
134457  -48.569  34.534  6.657 0.0000000000
133537  -48.340  33.785  4.794 0.0000000000
132541  -48.215  33.144  3.983 0.0000000000
132553  -48.731  32.799  3.098 0.0000000000
134514  -48.429  34.299  0.633 0.0000000000
137066  -46.086  37.841  9.337 0.0000000000
137062  -42.495  37.543  9.180 0.0000000000
121259  -44.713  22.309  12.882 0.0000000000
120033  -45.193  22.074  12.421 0.0000000000
121278  -43.910  22.681  12.586 0.0000000000
122484  -43.569  23.274  12.099 0.0000000000
126193  -42.664  25.856  13.358 0.0000000000
127341  -43.916  27.250  13.131 0.0000000000
126204  -44.816  26.842  11.859 0.0000000000
127350  -45.092  27.491  12.366 0.0000000000
127343  -45.416  28.110  12.765 0.0000000000
128404  -46.041  28.458  12.855 0.0000000000
136988  -46.602  37.158  14.918 0.0000000000
136090  -46.600  36.871  14.300 0.0000000000
136092  -48.394  37.028  13.902 0.0000000000
136103  -48.703  36.849  13.270 0.0000000000
136126  -53.060  36.465  12.560 0.0000000000
136125  -52.103  36.651  12.363 0.0000000000
136145  -53.034  36.249  11.577 0.0000000000
136161  -52.936  36.018  10.449 0.0000000000
136175  -52.623  35.874  9.015 0.0000000000
135310  -51.688  35.702  8.573 0.0000000000
136184  -52.950  36.013  7.721 0.0000000000
136193  -52.670  36.455  7.121 0.0000000000
137117  -52.108  37.014  6.671 0.0000000000
137104  -52.727  37.063  7.228 0.0000000000
137983  -52.098  38.128  8.488 0.0000000000
138764  -51.153  39.174  11.716 0.0000000000
137938  -50.690  38.953  10.962 0.0000000000
137937  -49.725  38.825  11.149 0.0000000000
137936  -48.734  38.747  11.465 0.0000000000
137911  -48.606  38.919  12.015 0.0000000000
137910  -48.112  38.849  12.081 0.0000000000
120175  -49.951  22.061  1.327 0.0000000000
124839  -40.809  25.335  22.308 0.0000000000
124840  -41.666  25.358  22.102 0.0000000000
124831  -41.470  25.622  23.088 0.0000000000
124821  -42.102  26.015  23.762 0.0000000000
126058  -42.013  26.372  24.578 0.0000000000
127200  -41.269  27.594  23.924 0.0000000000
127201  -42.305  27.763  23.554 0.0000000000
128264  -43.064  28.285  23.158 0.0000000000
128284  -44.253  29.133  23.509 0.0000000000
129336  -44.239  29.547  22.288 0.0000000000
129344  -43.964  29.945  20.924 0.0000000000
132424  -41.553  32.450  18.514 0.0000000000
131416  -41.816  31.700  18.608 0.0000000000
133412  -41.608  33.356  18.353 0.0000000000
134365  -42.144  34.153  17.816 0.0000000000
135234  -42.767  34.929  17.237 0.0000000000
135235  -43.293  35.770  17.215 0.0000000000
136065  -44.482  36.944  18.076 0.0000000000
126207  -54.038  26.079  12.884 0.0000000000
124908  -53.675  26.054  13.811 0.0000000000
124907  -53.165  25.934  14.172 0.0000000000
123663  -50.158  24.648  17.317 0.0000000000
123673  -50.162  24.862  16.267 0.0000000000
123681  -48.853  23.995  15.780 0.0000000000
122439  -48.119  23.582  15.534 0.0000000000
122447  -47.448  23.180  14.856 0.0000000000
122438  -47.242  22.955  15.581 0.0000000000
121222  -47.108  22.582  15.944 0.0000000000
120009  -46.275  21.773  15.885 0.0000000000
117502  -46.134  19.455  17.350 0.0000000000
117516  -46.027  19.740  16.802 0.0000000000
116135  -44.858  19.231  16.990 0.0000000000
117514  -44.459  19.610  16.603 0.0000000000
118783  -43.383  19.954  16.827 0.0000000000
118794  -43.196  20.502  16.561 0.0000000000
118782  -42.802  20.273  17.212 0.0000000000
114652  -40.241  17.256  23.585 0.0000000000
114635  -41.563  17.730  24.141 0.0000000000
114636  -42.355  17.779  24.061 0.0000000000
116033  -44.269  18.441  24.461 0.0000000000
116045  -43.735  17.905  23.764 0.0000000000
116046  -44.480  17.963  23.285 0.0000000000
116059  -44.878  17.746  22.531 0.0000000000
116060  -45.418  17.970  22.034 0.0000000000
114673  -44.793  17.510  21.905 0.0000000000
114683  -43.457  17.049  21.528 0.0000000000
113199  -43.097  16.767  20.736 0.0000000000
118763  -39.052  20.224  18.453 0.0000000000
119963  -38.926  21.022  18.678 0.0000000000
119944  -38.807  21.806  18.877 0.0000000000
121171  -38.616  22.651  19.147 0.0000000000
121157  -37.151  23.000  20.164 0.0000000000
117602  -54.424  19.943  7.506 0.0000000000
118899  -54.564  20.252  6.963 0.0000000000
118907  -54.139  20.286  6.347 0.0000000000
120078  -46.493  21.619  10.115 0.0000000000
120092  -47.427  21.502  9.103 0.0000000000
120108  -47.382  21.698  8.194 0.0000000000
122553  -48.737  23.452  4.612 0.0000000000
121361  -48.717  22.694  4.952 0.0000000000
121362  -49.558  22.452  4.540 0.0000000000
121363  -50.284  22.194  4.112 0.0000000000
120146  -50.759  21.525  4.597 0.0000000000
120157  -51.551  21.732  3.934 0.0000000000
120158  -53.062  21.659  4.057 0.0000000000
120159  -54.459  21.729  4.136 0.0000000000
121373  -54.673  22.718  3.740 0.0000000000
122564  -54.615  23.495  3.146 0.0000000000
126297  -52.730  27.582  3.296 0.0000000000
126307  -53.006  27.078  2.359 0.0000000000
126318  -53.608  26.321  1.519 0.0000000000
125050  -52.661  25.555  1.008 0.0000000000
127473  -52.573  27.393  0.611 0.0000000000
126107  -45.195  27.010  21.470 0.0000000000
126127  -44.863  26.829  20.651 0.0000000000
127238  -45.552  27.652  21.343 0.0000000000
128354  -46.500  29.203  19.420 0.0000000000
130424  -49.184  31.711  16.796 0.0000000000
130415  -48.821  31.133  17.471 0.0000000000
130434  -48.829  31.357  15.807 0.0000000000
130433  -48.413  30.604  15.476 0.0000000000
130444  -48.319  30.328  14.914 0.0000000000
129402  -48.229  29.857  14.384 0.0000000000
129403  -48.625  30.179  13.908 0.0000000000
130465  -48.987  30.302  12.748 0.0000000000
130475  -48.969  30.409  12.009 0.0000000000
135283  -45.615  35.056  11.489 0.0000000000
134391  -43.826  33.865  12.040 0.0000000000
134406  -45.205  34.675  11.445 0.0000000000
134418  -45.126  34.120  10.434 0.0000000000
133484  -44.558  33.010  9.945 0.0000000000
132508  -46.264  32.208  6.107 0.0000000000
132507  -45.697  32.199  6.827 0.0000000000
131525  -45.925  31.490  6.432 0.0000000000
130524  -46.164  30.439  6.786 0.0000000000
129490  -46.469  29.919  7.274 0.0000000000
129469  -46.777  29.664  8.232 0.0000000000
129491  -47.569  29.455  7.520 0.0000000000
129505  -48.408  29.154  6.776 0.0000000000
129506  -49.580  29.076  7.200 0.0000000000
128474  -50.453  28.917  6.546 0.0000000000
128482  -49.829  28.818  5.518 0.0000000000
128493  -50.165  28.954  4.619 0.0000000000
128505  -50.956  29.342  3.905 0.0000000000
130599  -50.669  31.339  0.506 0.0000000000
130589  -50.774  30.579  0.848 0.0000000000
132579  -52.864  32.205  -0.001 0.0000000000
132599  -53.164  31.896  -0.177 0.0000000000
130615  -53.022  30.760  -0.327 0.0000000000
130614  -52.195  30.767  -0.701 0.0000000000
130613  -51.284  30.857  -1.147 0.0000000000
129585  -50.632  29.900  -0.746 0.0000000000
129584  -49.727  29.730  -0.583 0.0000000000
130611  -49.499  30.514  -0.981 0.0000000000
130623  -49.187  31.122  -1.224 0.0000000000
133597  -46.838  34.226  -1.581 0.0000000000
133588  -46.737  33.818  -1.462 0.0000000000
132593  -46.294  33.573  -0.628 0.0000000000
135350  -47.127  35.874  4.887 0.0000000000
135349  -46.264  35.745  5.160 0.0000000000
135347  -44.243  35.753  5.555 0.0000000000
134499  -42.782  33.792  2.597 0.0000000000
134488  -42.526  33.859  3.342 0.0000000000
133552  -41.157  33.131  2.710 0.0000000000
132535  -40.827  32.433  2.938 0.0000000000
133551  -40.779  32.869  2.912 0.0000000000
133534  -40.769  33.114  4.332 0.0000000000
135334  -40.907  35.257  6.929 0.0000000000
134452  -40.640  34.656  7.048 0.0000000000
133504  -40.332  34.192  7.190 0.0000000000
133495  -39.402  34.176  8.081 0.0000000000
133494  -38.950  33.765  8.150 0.0000000000
122445  -41.684  23.371  14.914 0.0000000000
122455  -42.297  23.409  14.166 0.0000000000
123689  -41.721  24.218  14.498 0.0000000000
124903  -41.717  24.823  15.067 0.0000000000
124894  -41.899  25.557  15.424 0.0000000000
124883  -41.897  25.571  16.436 0.0000000000
126177  -42.342  26.207  14.939 0.0000000000
126178  -42.882  26.978  15.590 0.0000000000
127326  -43.516  27.645  15.177 0.0000000000
128385  -43.762  28.058  15.765 0.0000000000
136981  -50.991  38.018  15.446 0.0000000000
136993  -51.784  37.579  14.720 0.0000000000
137002  -52.476  37.008  14.082 0.0000000000
136084  -53.504  36.813  15.148 0.0000000000
136093  -53.250  36.645  14.329 0.0000000000
136127  -53.722  36.481  12.842 0.0000000000
136147  -54.211  36.529  12.369 0.0000000000
137032  -54.473  36.861  11.918 0.0000000000
137052  -53.964  37.420  10.379 0.0000000000
137966  -53.202  38.012  9.898 0.0000000000
137941  -53.531  38.092  11.125 0.0000000000
138765  -52.124  39.063  11.748 0.0000000000
138740  -52.499  39.278  12.653 0.0000000000
138739  -51.567  39.438  12.507 0.0000000000
126026  -38.113  26.431  24.618 0.0000000000
126027  -39.435  26.618  25.176 0.0000000000
127175  -38.927  27.151  24.989 0.0000000000
127198  -39.199  27.399  24.297 0.0000000000
127220  -39.479  27.332  23.371 0.0000000000
126082  -37.930  27.172  22.946 0.0000000000
126083  -38.828  27.221  22.671 0.0000000000
127221  -40.381  27.324  22.895 0.0000000000
121200  -48.419  22.246  17.689 0.0000000000
119983  -47.894  21.172  17.795 0.0000000000
118785  -47.244  20.320  17.865 0.0000000000
118769  -48.092  20.455  19.260 0.0000000000
117490  -47.095  19.829  18.470 0.0000000000
116125  -46.322  19.321  17.818 0.0000000000
116124  -45.791  18.966  17.756 0.0000000000
116114  -45.008  18.305  18.176 0.0000000000
114741  -44.432  18.154  17.994 0.0000000000
116004  -38.961  18.400  25.809 0.0000000000
116013  -38.959  18.191  24.956 0.0000000000
116027  -39.046  17.943  24.519 0.0000000000
114632  -39.244  17.665  24.180 0.0000000000
114651  -39.532  17.239  23.676 0.0000000000
113130  -39.775  16.799  23.059 0.0000000000
117472  -36.863  19.461  18.678 0.0000000000
118745  -36.935  20.548  18.858 0.0000000000
118744  -35.635  20.615  19.514 0.0000000000
118730  -34.877  20.962  19.978 0.0000000000
118729  -33.816  20.500  19.983 0.0000000000
122527  -46.494  23.351  7.807 0.0000000000
123764  -46.751  24.258  7.647 0.0000000000
123765  -47.224  24.279  7.111 0.0000000000
123773  -47.551  24.378  6.384 0.0000000000
124987  -48.003  25.282  6.028 0.0000000000
123781  -47.967  24.326  5.654 0.0000000000
123790  -48.860  24.405  4.421 0.0000000000
123791  -49.536  24.411  3.950 0.0000000000
123798  -50.295  24.407  3.469 0.0000000000
123799  -51.245  24.509  2.971 0.0000000000
125017  -50.472  25.013  3.353 0.0000000000
125018  -50.833  25.577  3.170 0.0000000000
126295  -51.035  26.443  3.352 0.0000000000
126286  -50.632  26.716  4.511 0.0000000000
126287  -51.434  27.275  4.452 0.0000000000
126296  -51.939  27.278  3.715 0.0000000000
127449  -53.657  28.556  3.778 0.0000000000
128507  -54.105  28.903  3.729 0.0000000000
129326  -47.799  30.551  22.964 0.0000000000
129346  -47.482  29.812  21.144 0.0000000000
129339  -47.868  30.648  21.804 0.0000000000
130377  -48.725  31.660  19.897 0.0000000000
130394  -49.216  32.066  18.906 0.0000000000
131440  -47.317  31.643  18.369 0.0000000000
131441  -48.426  32.244  17.718 0.0000000000
131442  -49.131  32.217  17.218 0.0000000000
131447  -48.530  32.227  16.635 0.0000000000
131468  -47.790  31.445  14.700 0.0000000000
130454  -47.378  31.079  13.880 0.0000000000
135306  -47.964  35.124  9.475 0.0000000000
134431  -47.477  34.768  9.193 0.0000000000
134440  -47.887  34.743  8.581 0.0000000000
133507  -46.946  34.155  7.679 0.0000000000
133517  -47.965  34.281  6.644 0.0000000000
133526  -46.660  32.750  5.738 0.0000000000
132518  -46.767  32.195  5.315 0.0000000000
130562  -46.904  31.026  4.769 0.0000000000
129526  -47.493  30.023  4.406 0.0000000000
129538  -48.366  29.761  3.470 0.0000000000
130569  -47.628  30.818  3.422 0.0000000000
130579  -49.283  30.783  1.661 0.0000000000
131571  -48.609  32.159  2.407 0.0000000000
131588  -50.305  32.083  0.483 0.0000000000
132577  -50.741  32.944  -0.327 0.0000000000
133591  -50.477  33.315  -1.210 0.0000000000
133600  -49.541  33.226  -1.808 0.0000000000
133590  -49.393  33.822  -1.215 0.0000000000
134541  -48.637  34.101  -1.354 0.0000000000
134540  -47.829  34.418  -1.149 0.0000000000
134524  -47.693  34.545  -0.210 0.0000000000
134539  -46.846  34.549  -1.017 0.0000000000
134522  -45.825  34.603  0.289 0.0000000000
134521  -44.935  34.543  0.448 0.0000000000
137112  -46.980  37.363  6.677 0.0000000000
137111  -45.937  37.467  6.637 0.0000000000
136200  -45.052  37.109  6.088 0.0000000000
137110  -44.882  37.354  6.397 0.0000000000
136210  -43.852  36.683  5.901 0.0000000000
135346  -43.406  35.731  5.759 0.0000000000
135337  -42.898  35.398  5.999 0.0000000000
134455  -42.534  34.855  6.032 0.0000000000
135336  -42.272  35.730  6.223 0.0000000000
136197  -41.860  36.307  6.642 0.0000000000
136192  -41.910  36.828  7.002 0.0000000000
136191  -41.266  36.419  7.209 0.0000000000
136190  -40.458  36.230  7.639 0.0000000000
136183  -40.210  36.688  7.966 0.0000000000
121263  -48.235  22.174  12.584 0.0000000000
121281  -48.773  21.988  11.971 0.0000000000
120036  -47.430  21.680  12.234 0.0000000000
120051  -46.885  21.386  11.626 0.0000000000
120065  -47.125  21.258  10.787 0.0000000000
120049  -45.245  21.915  11.892 0.0000000000
120064  -46.146  21.644  10.920 0.0000000000
121295  -45.882  22.075  10.257 0.0000000000
121319  -45.634  22.804  9.356 0.0000000000
122509  -45.374  23.491  9.613 0.0000000000
122470  -42.606  23.632  13.501 0.0000000000
123709  -42.981  24.144  12.432 0.0000000000
123721  -43.521  24.251  11.757 0.0000000000
124924  -43.029  25.298  12.424 0.0000000000
123722  -44.232  24.285  11.167 0.0000000000
123733  -44.749  24.259  10.573 0.0000000000
123734  -45.186  24.310  10.047 0.0000000000
123746  -45.567  24.360  9.216 0.0000000000
123747  -45.944  24.806  8.939 0.0000000000
124959  -46.272  25.237  8.824 0.0000000000
126241  -46.687  26.097  8.918 0.0000000000
126218  -45.626  26.653  11.043 0.0000000000
126242  -47.393  26.928  9.362 0.0000000000
127386  -48.209  27.296  8.871 0.0000000000
127387  -49.237  27.896  9.522 0.0000000000
133441  -42.577  33.363  14.707 0.0000000000
131451  -42.499  31.544  14.793 0.0000000000
133442  -42.863  33.890  14.432 0.0000000000
135256  -44.059  34.807  13.178 0.0000000000
135257  -44.600  35.080  12.954 0.0000000000
136100  -45.703  36.062  13.387 0.0000000000
135259  -45.981  35.969  12.954 0.0000000000
135269  -45.394  35.180  12.110 0.0000000000
135271  -46.989  35.945  12.046 0.0000000000
135285  -47.269  35.701  11.405 0.0000000000
135297  -48.163  35.651  10.486 0.0000000000
137000  -50.457  37.389  13.768 0.0000000000
137015  -50.381  37.115  13.108 0.0000000000
136123  -49.686  36.641  12.363 0.0000000000
136157  -48.691  35.930  10.543 0.0000000000
135298  -48.794  35.856  10.189 0.0000000000
135317  -49.489  35.303  8.389 0.0000000000
135327  -49.068  35.107  7.808 0.0000000000
135328  -49.776  35.197  7.321 0.0000000000
135338  -50.181  35.269  6.353 0.0000000000
134481  -49.658  35.344  5.060 0.0000000000
135361  -50.119  35.853  5.187 0.0000000000
136223  -50.380  36.214  5.345 0.0000000000
136216  -50.137  36.577  5.449 0.0000000000
137116  -51.193  36.944  6.322 0.0000000000
137123  -49.896  37.025  5.766 0.0000000000
137114  -49.191  37.344  6.224 0.0000000000
137100  -48.739  37.670  7.197 0.0000000000
137974  -52.677  38.149  8.969 0.0000000000
137982  -51.105  38.152  8.561 0.0000000000
137964  -51.174  38.597  10.129 0.0000000000
137972  -50.626  38.417  9.394 0.0000000000
137082  -47.245  38.084  8.375 0.0000000000
137067  -46.738  37.963  9.172 0.0000000000
137051  -47.035  37.957  9.694 0.0000000000
137049  -45.735  37.861  9.997 0.0000000000
137958  -45.312  38.064  10.796 0.0000000000
123633  -43.001  24.440  20.692 0.0000000000
124833  -43.030  25.758  22.654 0.0000000000
126085  -43.758  26.078  22.469 0.0000000000
126086  -44.496  26.417  22.293 0.0000000000
127224  -44.946  27.033  22.933 0.0000000000
128285  -46.019  28.413  23.174 0.0000000000
126028  -40.422  26.486  25.246 0.0000000000
126029  -41.378  26.525  25.129 0.0000000000
126030  -42.440  26.995  24.985 0.0000000000
127178  -42.229  27.521  24.768 0.0000000000
127179  -43.476  27.753  24.874 0.0000000000
127180  -44.477  27.748  24.769 0.0000000000
128256  -45.459  28.695  25.031 0.0000000000
128268  -46.264  29.183  24.759 0.0000000000
129325  -47.311  29.817  23.467 0.0000000000
129313  -47.441  30.420  23.696 0.0000000000
131377  -47.284  31.363  22.989 0.0000000000
131399  -46.762  31.516  21.885 0.0000000000
130344  -45.457  30.584  22.473 0.0000000000
130358  -46.067  31.174  22.145 0.0000000000
130365  -46.266  31.320  21.064 0.0000000000
130391  -45.735  30.910  19.072 0.0000000000
130390  -44.811  30.691  18.699 0.0000000000
130410  -43.263  30.604  16.787 0.0000000000
128311  -42.787  29.118  20.384 0.0000000000
129352  -43.068  30.021  19.951 0.0000000000
129353  -43.684  30.324  20.083 0.0000000000
130388  -42.134  31.092  18.710 0.0000000000
131405  -43.073  31.117  18.938 0.0000000000
131406  -43.274  31.021  18.632 0.0000000000
131437  -42.703  31.256  17.063 0.0000000000
134372  -42.813  34.164  15.392 0.0000000000
135245  -43.635  35.304  15.059 0.0000000000
136081  -44.448  36.125  15.288 0.0000000000
136073  -43.843  36.067  16.346 0.0000000000
136082  -45.565  36.834  15.389 0.0000000000
136977  -46.363  37.309  15.579 0.0000000000
136978  -47.407  37.599  15.587 0.0000000000
137875  -47.580  38.279  17.066 0.0000000000
124926  -53.720  25.623  12.579 0.0000000000
123712  -53.127  24.919  12.235 0.0000000000
123711  -52.066  24.127  11.933 0.0000000000
123710  -51.363  23.818  12.243 0.0000000000
122472  -49.951  23.163  12.736 0.0000000000
124896  -52.376  26.018  14.919 0.0000000000
123683  -50.416  24.862  15.226 0.0000000000
122450  -50.006  23.874  14.020 0.0000000000
122458  -49.481  23.299  13.447 0.0000000000
121246  -48.784  22.736  13.233 0.0000000000
121244  -47.132  22.448  13.646 0.0000000000
121243  -46.334  22.374  13.756 0.0000000000
121242  -45.461  22.306  13.807 0.0000000000
121241  -44.498  22.366  13.827 0.0000000000
121228  -43.304  22.354  14.666 0.0000000000
119996  -46.465  21.317  16.275 0.0000000000
120008  -45.694  21.443  15.704 0.0000000000
118797  -45.742  20.497  16.271 0.0000000000
118809  -45.157  20.800  15.758 0.0000000000
121219  -43.984  21.913  15.166 0.0000000000
121227  -42.407  22.613  14.862 0.0000000000
121216  -41.788  22.705  16.244 0.0000000000
121197  -41.986  22.789  17.601 0.0000000000
122419  -42.211  22.996  18.150 0.0000000000
122400  -42.066  22.749  19.538 0.0000000000
118709  -49.078  20.820  22.681 0.0000000000
118656  -44.117  21.198  27.344 0.0000000000
118668  -45.655  20.854  26.470 0.0000000000
116015  -40.513  18.878  25.682 0.0000000000
117404  -42.079  19.494  25.942 0.0000000000
118677  -44.495  20.096  26.157 0.0000000000
118679  -46.428  20.178  25.785 0.0000000000
118687  -48.149  20.145  24.199 0.0000000000
118696  -48.041  20.044  23.232 0.0000000000
116070  -46.276  18.552  20.765 0.0000000000
116069  -45.582  18.128  21.021 0.0000000000
116080  -45.712  18.207  20.115 0.0000000000
114722  -45.253  17.903  19.411 0.0000000000
114734  -43.891  17.703  18.419 0.0000000000
113197  -41.619  16.603  20.713 0.0000000000
113221  -41.980  16.784  19.965 0.0000000000
114718  -41.504  17.221  19.261 0.0000000000
114719  -42.432  17.182  19.347 0.0000000000
116113  -43.200  18.234  18.107 0.0000000000
122386  -41.986  23.266  20.042 0.0000000000
123631  -41.181  24.186  20.765 0.0000000000
123630  -40.239  24.310  20.923 0.0000000000
122397  -39.525  23.240  19.625 0.0000000000
123612  -40.096  24.860  21.709 0.0000000000
123599  -38.682  24.887  22.990 0.0000000000
123582  -38.256  25.060  23.462 0.0000000000
119942  -36.622  21.665  19.455 0.0000000000
121169  -36.762  22.419  19.959 0.0000000000
123609  -37.211  24.096  22.163 0.0000000000
123598  -37.776  24.670  22.834 0.0000000000
124817  -38.144  25.392  23.997 0.0000000000
124790  -37.083  25.902  24.373 0.0000000000
126025  -36.908  26.456  24.535 0.0000000000
127173  -36.590  26.987  24.388 0.0000000000
124814  -35.322  25.527  24.126 0.0000000000
127171  -35.392  26.932  24.036 0.0000000000
127217  -35.917  27.209  23.365 0.0000000000
114872  -53.814  18.345  7.196 0.0000000000
116233  -54.514  19.054  7.315 0.0000000000
114883  -53.671  18.026  6.298 0.0000000000
120053  -48.816  21.700  11.249 0.0000000000
120068  -49.833  21.872  10.401 0.0000000000
120082  -50.112  21.818  9.537 0.0000000000
120081  -49.133  21.548  9.615 0.0000000000
121333  -47.016  22.419  7.530 0.0000000000
120123  -48.434  21.621  7.053 0.0000000000
121353  -48.355  22.333  5.634 0.0000000000
118905  -52.487  20.853  6.355 0.0000000000
118922  -53.138  20.632  5.076 0.0000000000
120138  -53.833  20.670  5.206 0.0000000000
118915  -54.204  20.290  5.444 0.0000000000
117617  -54.537  19.612  5.388 0.0000000000
117626  -53.012  18.937  4.135 0.0000000000
117638  -53.087  19.804  4.089 0.0000000000
118943  -54.060  21.393  3.598 0.0000000000
118942  -53.333  20.865  3.160 0.0000000000
120169  -52.866  21.407  2.478 0.0000000000
118949  -51.925  21.585  2.327 0.0000000000
122573  -52.353  24.209  2.820 0.0000000000
122575  -53.877  24.119  2.874 0.0000000000
123801  -54.655  23.648  2.782 0.0000000000
125030  -54.518  24.552  2.118 0.0000000000
123827  -54.307  23.892  1.981 0.0000000000
122586  -53.882  23.390  1.938 0.0000000000
121391  -52.264  22.745  1.629 0.0000000000
121390  -51.257  22.702  1.426 0.0000000000
122583  -51.074  23.562  1.232 0.0000000000
123823  -50.789  24.510  1.112 0.0000000000
123832  -51.184  25.054  0.985 0.0000000000
125039  -50.216  24.878  1.033 0.0000000000
124865  -43.253  25.767  18.880 0.0000000000
126150  -43.556  26.661  18.510 0.0000000000
127257  -44.837  27.075  20.087 0.0000000000
126151  -44.190  26.888  19.133 0.0000000000
127296  -43.654  27.101  17.950 0.0000000000
127309  -44.107  27.972  17.121 0.0000000000
128379  -44.525  28.415  16.550 0.0000000000
128386  -44.292  28.377  15.451 0.0000000000
129354  -47.476  29.832  19.988 0.0000000000
128371  -46.375  29.166  18.485 0.0000000000
129368  -48.093  30.419  18.151 0.0000000000
129382  -45.964  29.074  17.254 0.0000000000
128387  -45.294  28.783  16.023 0.0000000000
128393  -45.340  28.850  14.804 0.0000000000
128405  -46.853  28.470  12.553 0.0000000000
129409  -48.295  29.526  13.411 0.0000000000
128406  -47.871  28.940  12.486 0.0000000000
128416  -47.306  28.291  11.888 0.0000000000
128433  -48.443  28.324  10.806 0.0000000000
127377  -48.708  28.142  10.247 0.0000000000
127388  -50.372  28.236  9.368 0.0000000000
130439  -42.883  31.153  14.437 0.0000000000
130440  -43.518  30.758  14.017 0.0000000000
131459  -43.261  31.237  13.280 0.0000000000
132459  -43.344  32.460  12.090 0.0000000000
131467  -43.407  31.369  12.556 0.0000000000
130451  -43.815  30.790  12.862 0.0000000000
130452  -44.698  30.539  13.248 0.0000000000
130462  -45.742  30.427  12.482 0.0000000000
133497  -45.789  33.852  9.075 0.0000000000
132481  -44.581  32.483  9.455 0.0000000000
132499  -45.315  32.164  7.726 0.0000000000
132490  -44.892  32.022  8.505 0.0000000000
131500  -44.295  31.793  9.600 0.0000000000
130484  -44.348  30.819  10.161 0.0000000000
130472  -45.554  30.335  11.442 0.0000000000
130473  -46.746  30.282  11.706 0.0000000000
130487  -47.707  30.126  10.972 0.0000000000
129431  -48.590  29.856  10.271 0.0000000000
129448  -48.218  29.602  9.416 0.0000000000
129449  -49.347  29.663  9.514 0.0000000000
129432  -49.743  29.520  10.329 0.0000000000
128436  -50.411  29.064  10.113 0.0000000000
128448  -50.470  28.721  9.842 0.0000000000
127400  -51.037  28.220  8.723 0.0000000000
127410  -51.651  28.544  7.994 0.0000000000
127411  -51.979  28.673  7.615 0.0000000000
128476  -52.426  28.610  6.621 0.0000000000
128475  -51.745  28.934  6.997 0.0000000000
129543  -53.995  29.283  3.920 0.0000000000
129555  -54.276  29.275  3.145 0.0000000000
129539  -49.758  29.486  3.131 0.0000000000
129540  -50.954  29.436  3.263 0.0000000000
129562  -51.123  29.943  1.512 0.0000000000
129563  -52.154  30.182  1.765 0.0000000000
129541  -52.163  29.622  3.357 0.0000000000
129554  -53.964  29.788  2.678 0.0000000000
128523  -54.479  28.865  2.161 0.0000000000
128533  -53.239  28.514  0.758 0.0000000000
128532  -52.140  28.423  0.281 0.0000000000
129572  -51.960  29.239  -0.110 0.0000000000
131602  -48.571  31.614  -1.208 0.0000000000
132594  -47.559  32.894  -1.026 0.0000000000
131586  -48.036  31.551  -0.272 0.0000000000
134493  -47.521  34.591  3.191 0.0000000000
134503  -46.581  34.552  2.018 0.0000000000
134510  -44.676  34.517  1.197 0.0000000000
135357  -45.824  35.210  4.673 0.0000000000
134491  -45.217  34.483  3.071 0.0000000000
134520  -44.135  34.427  0.509 0.0000000000
133569  -43.505  34.051  0.485 0.0000000000
132559  -43.344  33.350  0.936 0.0000000000
132549  -43.529  32.733  1.708 0.0000000000
133560  -42.656  33.351  1.800 0.0000000000
132548  -42.417  32.967  1.818 0.0000000000
131558  -43.627  32.145  3.484 0.0000000000
131535  -41.140  31.397  5.075 0.0000000000
133525  -41.541  33.882  5.044 0.0000000000
133524  -41.164  33.730  5.359 0.0000000000
133523  -40.211  32.824  5.193 0.0000000000
132496  -38.010  32.258  6.937 0.0000000000
139586  -49.523  40.252  13.763 0.0000000000
138735  -47.658  39.313  12.685 0.0000000000
138734  -46.712  39.421  12.679 0.0000000000
137908  -46.242  38.815  12.211 0.0000000000
138760  -44.572  39.258  11.954 0.0000000000
137931  -44.032  38.689  11.426 0.0000000000
137957  -44.413  38.111  10.803 0.0000000000
137046  -43.020  37.749  10.022 0.0000000000
137045  -42.093  37.789  10.003 0.0000000000
137061  -41.551  37.560  9.166 0.0000000000
137075  -40.169  37.065  8.407 0.0000000000
113131  -40.439  16.845  22.979 0.0000000000
113198  -42.423  16.653  20.716 0.0000000000
113223  -43.291  16.831  20.240 0.0000000000
114633  -39.902  17.753  24.151 0.0000000000
114685  -44.926  17.650  21.163 0.0000000000
114735  -44.878  17.952  18.561 0.0000000000
114742  -44.778  18.250  18.090 0.0000000000
116006  -40.243  19.169  26.602 0.0000000000
116019  -44.234  18.765  25.184 0.0000000000
116028  -39.486  18.119  24.624 0.0000000000
116047  -45.282  18.213  22.958 0.0000000000
116098  -46.247  18.790  19.050 0.0000000000
116116  -46.254  19.006  18.315 0.0000000000
117395  -44.182  20.073  26.226 0.0000000000
117409  -47.650  19.931  24.638 0.0000000000
117446  -32.701  19.974  20.420 0.0000000000
117448  -47.442  19.492  20.905 0.0000000000
117468  -33.269  18.951  19.587 0.0000000000
117489  -46.680  19.508  18.159 0.0000000000
117501  -45.478  19.279  17.175 0.0000000000
117503  -46.662  19.849  17.605 0.0000000000
117504  -46.941  19.855  18.011 0.0000000000
117515  -45.237  19.690  16.575 0.0000000000
117611  -54.795  19.601  6.156 0.0000000000
118665  -42.153  20.292  27.161 0.0000000000
118708  -48.573  20.464  22.562 0.0000000000
118742  -33.920  19.970  19.737 0.0000000000
118768  -47.714  20.269  18.788 0.0000000000
118784  -46.861  20.191  17.500 0.0000000000
118810  -45.613  20.950  15.915 0.0000000000
119863  -44.372  21.360  27.159 0.0000000000
119904  -49.530  21.215  22.740 0.0000000000
119920  -49.388  21.220  21.803 0.0000000000
119929  -35.477  21.743  20.260 0.0000000000
119931  -48.710  21.088  20.969 0.0000000000
119946  -40.747  21.361  19.016 0.0000000000
119950  -49.275  21.653  20.474 0.0000000000
120032  -44.814  22.213  12.326 0.0000000000
120054  -49.547  21.847  11.073 0.0000000000
120063  -45.543  21.916  11.328 0.0000000000
120160  -55.106  22.385  3.999 0.0000000000
121148  -49.735  21.585  21.551 0.0000000000
121207  -41.787  22.698  17.086 0.0000000000
121209  -46.607  21.930  16.054 0.0000000000
121226  -41.841  22.786  15.468 0.0000000000
121308  -45.556  22.724  9.983 0.0000000000
121309  -46.035  22.205  9.636 0.0000000000
121374  -55.137  22.770  3.585 0.0000000000
121382  -53.879  22.251  2.424 0.0000000000
121392  -53.298  22.659  1.979 0.0000000000
122383  -39.411  23.837  20.329 0.0000000000
122428  -41.764  23.289  17.437 0.0000000000
122436  -41.578  23.365  16.635 0.0000000000
122446  -46.852  22.954  14.929 0.0000000000
122518  -45.578  23.355  8.921 0.0000000000
122545  -48.264  23.439  5.271 0.0000000000
122565  -55.125  23.252  3.065 0.0000000000
122574  -52.997  24.194  2.869 0.0000000000
122576  -55.004  23.252  2.720 0.0000000000
122587  -54.463  23.355  2.374 0.0000000000
123579  -35.970  24.703  23.538 0.0000000000
123581  -37.516  24.921  23.470 0.0000000000
123596  -36.085  24.331  23.004 0.0000000000
123699  -52.847  25.197  12.911 0.0000000000
123756  -45.737  23.846  8.666 0.0000000000
123782  -48.334  24.372  5.004 0.0000000000
123800  -51.985  24.249  2.796 0.0000000000
123802  -54.861  23.454  2.753 0.0000000000
123813  -54.265  24.382  2.429 0.0000000000
123814  -54.476  23.887  2.413 0.0000000000
123833  -51.431  24.883  1.070 0.0000000000
124788  -35.280  26.108  24.400 0.0000000000
124791  -37.886  25.820  24.320 0.0000000000
124820  -41.224  25.916  24.177 0.0000000000
124822  -42.754  26.023  23.453 0.0000000000
124830  -40.568  25.530  23.228 0.0000000000
124838  -40.060  25.187  22.496 0.0000000000
124882  -41.637  24.790  16.775 0.0000000000
124912  -42.778  25.709  13.055 0.0000000000
124914  -53.064  25.529  13.284 0.0000000000
124925  -53.199  25.362  12.738 0.0000000000
124936  -44.585  25.234  10.928 0.0000000000
124958  -45.853  25.261  9.348 0.0000000000
124988  -48.460  25.653  5.859 0.0000000000
125029  -54.426  24.914  1.962 0.0000000000
125040  -52.419  25.235  1.116 0.0000000000
125043  -54.450  24.522  1.888 0.0000000000
126007  -39.750  26.948  25.382 0.0000000000
126008  -40.185  26.914  25.419 0.0000000000
126023  -35.180  26.553  24.162 0.0000000000
126055  -36.344  27.293  23.386 0.0000000000
126087  -45.031  26.794  22.110 0.0000000000
126128  -45.262  27.215  20.933 0.0000000000
126142  -44.470  26.687  19.873 0.0000000000
126181  -53.807  26.886  14.805 0.0000000000
126182  -54.635  26.537  14.910 0.0000000000
126189  -53.282  26.408  14.588 0.0000000000
126195  -53.907  26.138  13.398 0.0000000000
126196  -54.201  26.080  13.366 0.0000000000
126206  -53.831  26.069  12.988 0.0000000000
126230  -47.326  27.150  10.037 0.0000000000
126240  -46.218  25.655  9.243 0.0000000000
126275  -48.938  26.010  5.470 0.0000000000
126305  -51.249  26.051  2.932 0.0000000000
126319  -53.934  27.112  1.756 0.0000000000
127160  -39.486  27.011  25.352 0.0000000000
127162  -40.543  27.218  25.326 0.0000000000
127163  -41.258  27.253  25.293 0.0000000000
127172  -35.799  27.019  24.253 0.0000000000
127181  -45.239  27.958  24.449 0.0000000000
127194  -35.617  27.090  23.737 0.0000000000
127195  -36.268  27.301  23.823 0.0000000000
127218  -36.183  27.282  23.373 0.0000000000
127278  -44.713  27.281  19.495 0.0000000000
127319  -43.983  28.148  16.549 0.0000000000
127322  -54.583  27.304  15.511 0.0000000000
127337  -53.963  26.872  14.731 0.0000000000
127338  -54.027  26.617  14.510 0.0000000000
127351  -45.919  27.699  12.086 0.0000000000
127389  -50.944  28.594  9.287 0.0000000000
127390  -51.184  28.787  9.230 0.0000000000
127417  -50.153  27.364  6.726 0.0000000000
127420  -52.171  28.458  7.224 0.0000000000
127427  -51.215  27.348  5.457 0.0000000000
127447  -52.319  27.641  4.214 0.0000000000
127457  -54.219  28.666  2.806 0.0000000000
128266  -44.375  29.009  24.368 0.0000000000
128267  -45.804  28.580  24.212 0.0000000000
128282  -43.050  28.527  22.165 0.0000000000
128286  -46.619  29.161  23.931 0.0000000000
128297  -42.345  28.463  20.649 0.0000000000
128328  -42.367  29.428  19.795 0.0000000000
128352  -45.066  28.329  18.236 0.0000000000
128378  -43.944  28.244  16.137 0.0000000000
128402  -47.468  29.067  13.159 0.0000000000
128417  -47.989  28.512  11.516 0.0000000000
128418  -48.903  28.968  11.465 0.0000000000
128435  -49.883  29.002  10.533 0.0000000000
128449  -50.875  28.933  9.549 0.0000000000
128450  -51.325  28.926  9.155 0.0000000000
128459  -51.609  28.941  8.656 0.0000000000
128473  -49.251  28.841  6.307 0.0000000000
128481  -48.752  28.897  5.542 0.0000000000
128495  -53.516  28.688  4.947 0.0000000000
128496  -54.009  28.974  4.627 0.0000000000
128504  -50.371  29.183  3.857 0.0000000000
128508  -54.335  29.039  3.288 0.0000000000
128514  -54.217  28.803  3.101 0.0000000000
128515  -54.397  28.956  2.789 0.0000000000
128541  -49.706  28.994  -0.232 0.0000000000
129305  -45.239  29.038  25.186 0.0000000000
129306  -45.741  29.324  25.054 0.0000000000
129307  -46.233  29.497  24.815 0.0000000000
129322  -44.325  29.361  23.004 0.0000000000
129338  -47.338  29.861  22.319 0.0000000000
129343  -43.243  29.624  20.547 0.0000000000
129365  -40.854  29.896  18.339 0.0000000000
129387  -46.050  29.216  16.652 0.0000000000
129408  -47.582  29.388  13.795 0.0000000000
129414  -49.323  29.826  11.890 0.0000000000
129417  -49.319  29.606  11.241 0.0000000000
129433  -50.513  29.184  9.931 0.0000000000
129451  -50.694  29.194  9.527 0.0000000000
129452  -51.126  29.042  9.343 0.0000000000
129474  -51.286  29.115  9.081 0.0000000000
129489  -46.059  30.159  7.560 0.0000000000
129493  -49.836  29.196  8.124 0.0000000000
129495  -51.437  29.165  8.550 0.0000000000
129514  -46.612  30.347  5.797 0.0000000000
129517  -51.824  29.353  4.713 0.0000000000
129537  -47.590  30.273  3.823 0.0000000000
129544  -54.237  29.148  3.522 0.0000000000
129552  -51.608  29.719  2.406 0.0000000000
129560  -49.559  30.446  1.539 0.0000000000
129565  -54.370  29.355  2.519 0.0000000000
129570  -48.917  29.564  -0.158 0.0000000000
129571  -49.376  29.194  -0.224 0.0000000000
129587  -52.395  30.044  -0.153 0.0000000000
130337  -46.579  30.622  23.918 0.0000000000
130339  -47.266  30.552  23.944 0.0000000000
130345  -46.268  30.781  23.143 0.0000000000
130346  -47.001  31.136  23.602 0.0000000000
130347  -47.562  31.016  23.401 0.0000000000
130367  -48.309  31.371  21.280 0.0000000000
130376  -46.887  31.563  20.177 0.0000000000
130378  -49.029  32.166  19.444 0.0000000000
130411  -43.869  30.394  17.277 0.0000000000
130413  -45.926  30.848  18.133 0.0000000000
130414  -46.419  31.181  18.612 0.0000000000
130416  -49.394  31.918  17.878 0.0000000000
130418  -43.094  30.749  16.017 0.0000000000
130419  -43.929  30.393  16.212 0.0000000000
130422  -47.083  31.585  16.510 0.0000000000
130455  -48.553  30.918  13.617 0.0000000000
130466  -49.320  30.025  12.230 0.0000000000
130470  -43.850  31.054  11.031 0.0000000000
130476  -49.331  30.081  11.958 0.0000000000
130485  -45.343  30.319  10.448 0.0000000000
130488  -48.817  30.157  11.159 0.0000000000
130507  -44.892  31.109  8.778 0.0000000000
130523  -45.786  30.550  7.474 0.0000000000
130538  -45.842  30.903  6.776 0.0000000000
130553  -47.108  30.506  4.856 0.0000000000
130580  -53.602  30.159  2.027 0.0000000000
130587  -49.243  31.413  1.510 0.0000000000
130591  -53.153  30.586  1.266 0.0000000000
130600  -51.547  31.255  0.567 0.0000000000
130602  -53.037  31.091  0.713 0.0000000000
130610  -48.910  30.631  -0.710 0.0000000000
130612  -50.241  30.509  -1.161 0.0000000000
130626  -51.161  31.475  -1.411 0.0000000000
131378  -47.706  31.380  22.608 0.0000000000
131389  -46.771  31.349  22.602 0.0000000000
131390  -47.368  31.529  22.230 0.0000000000
131400  -47.420  31.685  21.314 0.0000000000
131409  -49.012  32.303  19.079 0.0000000000
131414  -40.435  32.089  18.326 0.0000000000
131418  -43.240  30.945  17.892 0.0000000000
131420  -48.459  32.187  18.802 0.0000000000
131421  -49.088  32.288  18.274 0.0000000000
131438  -43.170  30.721  17.309 0.0000000000
131453  -48.523  32.038  15.720 0.0000000000
131458  -42.804  31.550  13.895 0.0000000000
131460  -47.745  31.684  15.409 0.0000000000
131461  -48.387  31.526  15.016 0.0000000000
131462  -48.641  31.153  14.547 0.0000000000
131475  -43.170  31.914  12.440 0.0000000000
131476  -43.536  31.653  11.728 0.0000000000
131492  -43.989  31.582  10.085 0.0000000000
131493  -44.337  31.302  9.614 0.0000000000
131501  -44.647  31.567  9.072 0.0000000000
131509  -45.367  31.115  7.881 0.0000000000
131516  -45.266  31.586  7.865 0.0000000000
131539  -46.785  31.509  5.081 0.0000000000
131551  -47.078  31.614  4.515 0.0000000000
131562  -48.323  31.647  2.642 0.0000000000
131570  -48.365  32.182  2.843 0.0000000000
131580  -53.318  31.086  0.670 0.0000000000
131590  -52.243  31.848  0.261 0.0000000000
131592  -53.336  31.269  0.343 0.0000000000
131603  -52.092  31.391  -1.170 0.0000000000
131604  -52.662  31.634  -0.724 0.0000000000
131605  -53.313  31.314  -0.186 0.0000000000
131614  -50.133  31.853  -1.497 0.0000000000
131617  -52.274  31.847  -1.281 0.0000000000
132445  -42.301  32.351  15.341 0.0000000000
132450  -42.483  32.357  14.308 0.0000000000
132453  -42.658  32.298  13.462 0.0000000000
132458  -42.863  32.405  12.776 0.0000000000
132474  -44.353  32.787  10.081 0.0000000000
132480  -44.135  32.064  9.838 0.0000000000
132482  -45.029  32.995  9.062 0.0000000000
132498  -45.106  31.806  8.108 0.0000000000
132506  -39.250  32.504  5.549 0.0000000000
132552  -48.292  32.319  3.143 0.0000000000
132571  -43.658  33.771  0.344 0.0000000000
132572  -44.051  33.548  0.235 0.0000000000
132580  -53.225  31.834  0.112 0.0000000000
132595  -48.200  32.295  -1.440 0.0000000000
132596  -50.833  33.298  -0.850 0.0000000000
132609  -50.572  32.437  -1.534 0.0000000000
132611  -52.220  32.378  -1.265 0.0000000000
133413  -41.901  32.881  18.313 0.0000000000
133428  -41.918  33.684  18.074 0.0000000000
133436  -42.386  33.206  15.949 0.0000000000
133447  -42.943  33.744  13.836 0.0000000000
133463  -43.734  33.165  11.526 0.0000000000
133473  -43.921  32.788  10.927 0.0000000000
133475  -44.777  33.674  10.331 0.0000000000
133485  -45.043  33.476  9.688 0.0000000000
133486  -45.526  33.925  9.583 0.0000000000
133514  -45.692  32.610  7.223 0.0000000000
133533  -40.324  32.613  4.239 0.0000000000
133536  -47.730  33.283  4.794 0.0000000000
133574  -50.308  33.529  -0.770 0.0000000000
133584  -43.992  34.247  0.065 0.0000000000
133585  -44.447  34.178  -0.139 0.0000000000
133586  -45.248  34.098  -0.344 0.0000000000
133587  -46.248  34.126  -0.868 0.0000000000
133589  -48.842  33.927  -1.536 0.0000000000
133592  -50.981  32.985  -1.342 0.0000000000
133601  -50.379  32.916  -1.552 0.0000000000
134373  -43.188  34.668  15.076 0.0000000000
134377  -42.844  33.971  14.747 0.0000000000
134383  -44.189  34.698  12.888 0.0000000000
134393  -45.012  34.795  12.074 0.0000000000
134404  -44.003  33.640  11.505 0.0000000000
134405  -44.426  33.964  11.250 0.0000000000
134407  -45.705  34.973  11.198 0.0000000000
134417  -44.643  33.782  10.637 0.0000000000
134429  -45.935  34.289  9.774 0.0000000000
134430  -46.879  34.627  9.540 0.0000000000
134438  -46.464  34.270  8.843 0.0000000000
134439  -47.173  34.538  8.684 0.0000000000
134463  -41.930  34.270  5.329 0.0000000000
134542  -49.068  34.033  -1.140 0.0000000000
134552  -47.298  34.327  -1.660 0.0000000000
134554  -48.354  34.093  -1.796 0.0000000000
135211  -42.595  36.080  18.862 0.0000000000
135229  -43.315  36.152  17.771 0.0000000000
135244  -43.120  34.760  15.391 0.0000000000
135250  -44.619  35.685  13.985 0.0000000000
135258  -45.436  35.645  13.075 0.0000000000
135268  -44.879  34.889  12.367 0.0000000000
135270  -46.316  35.793  12.277 0.0000000000
135295  -46.432  34.926  10.628 0.0000000000
135326  -40.888  35.818  7.146 0.0000000000
135352  -50.947  35.942  5.649 0.0000000000
135353  -51.335  36.208  5.924 0.0000000000
135369  -48.748  34.692  3.914 0.0000000000
136069  -45.334  37.136  16.967 0.0000000000
136075  -45.241  37.052  16.414 0.0000000000
136083  -46.287  37.044  15.051 0.0000000000
136085  -54.079  36.744  15.190 0.0000000000
136086  -54.274  36.918  15.058 0.0000000000
136094  -53.900  36.595  14.491 0.0000000000
136104  -49.421  36.935  13.007 0.0000000000
136107  -53.112  36.582  13.462 0.0000000000
136108  -53.759  36.550  13.687 0.0000000000
136109  -54.200  36.750  13.842 0.0000000000
136140  -47.780  36.000  11.456 0.0000000000
136141  -48.443  36.096  11.194 0.0000000000
136146  -53.814  36.133  11.946 0.0000000000
136172  -49.658  35.765  9.588 0.0000000000
136194  -53.141  36.664  7.601 0.0000000000
136205  -51.248  36.606  6.107 0.0000000000
136207  -52.341  36.739  6.749 0.0000000000
136209  -43.187  36.467  6.058 0.0000000000
136217  -50.932  36.424  5.769 0.0000000000
136218  -51.299  36.363  5.963 0.0000000000
136224  -50.639  36.238  5.497 0.0000000000
136959  -47.259  38.222  17.213 0.0000000000
136969  -53.270  37.489  16.589 0.0000000000
136995  -54.373  37.168  14.736 0.0000000000
136999  -49.420  37.204  13.585 0.0000000000
137003  -54.424  37.004  14.046 0.0000000000
137014  -49.936  36.994  12.850 0.0000000000
137053  -54.442  36.818  10.912 0.0000000000
137068  -53.179  37.822  8.755 0.0000000000
137105  -53.139  36.957  7.530 0.0000000000
137118  -52.438  36.972  6.844 0.0000000000
137122  -44.676  37.115  6.100 0.0000000000
137124  -50.582  36.848  5.883 0.0000000000
137895  -54.324  37.713  15.052 0.0000000000
