#!ascii label  , from subject _151 vox2ras=TkReg
1322
138694  -53.053  39.278  17.575 0.0000000000
152972  -47.395  56.961  10.567 0.0000000000
145055  -41.796  46.887  10.536 0.0000000000
143239  -51.485  44.353  7.279 0.0000000000
150611  -51.298  53.591  5.534 0.0000000000
146773  -46.493  48.389  3.472 0.0000000000
142451  -49.664  43.364  -0.093 0.0000000000
143278  -44.914  44.626  5.685 0.0000000000
135210  -42.141  35.727  19.113 0.0000000000
139517  -47.735  40.708  18.665 0.0000000000
155473  -41.764  59.439  4.714 0.0000000000
151345  -44.199  54.506  4.928 0.0000000000
153095  -48.028  57.646  1.578 0.0000000000
144982  -47.634  46.521  16.529 0.0000000000
149872  -41.598  52.483  7.439 0.0000000000
146710  -47.536  48.547  9.550 0.0000000000
145002  -51.441  46.615  14.072 0.0000000000
142262  -46.808  43.752  11.426 0.0000000000
141369  -42.120  41.795  10.515 0.0000000000
139578  -51.724  40.237  14.744 0.0000000000
149928  -51.209  52.192  1.667 0.0000000000
146787  -50.654  49.010  1.434 0.0000000000
146027  -48.920  47.209  -0.277 0.0000000000
142437  -45.153  42.966  0.716 0.0000000000
137801  -45.166  38.573  20.459 0.0000000000
140472  -44.404  40.835  17.225 0.0000000000
157513  -42.364  62.565  2.709 0.0000000000
152190  -46.838  55.174  3.127 0.0000000000
144056  -44.876  45.966  16.381 0.0000000000
145007  -44.866  46.208  13.190 0.0000000000
154680  -43.309  58.642  8.460 0.0000000000
151271  -44.312  54.742  9.703 0.0000000000
144218  -50.214  45.471  5.102 0.0000000000
145111  -46.890  47.025  6.164 0.0000000000
145935  -50.814  47.112  8.132 0.0000000000
146672  -50.748  48.723  11.610 0.0000000000
144161  -51.221  46.310  10.193 0.0000000000
144137  -49.103  45.354  13.028 0.0000000000
143196  -48.802  44.968  9.520 0.0000000000
142331  -43.104  43.893  8.509 0.0000000000
151298  -50.023  54.780  8.948 0.0000000000
150585  -46.988  53.625  7.482 0.0000000000
149133  -49.166  51.802  4.177 0.0000000000
145174  -49.267  46.560  1.570 0.0000000000
142398  -50.913  43.028  3.358 0.0000000000
143281  -48.201  44.328  5.780 0.0000000000
142394  -46.910  43.711  2.948 0.0000000000
142391  -43.622  43.495  2.643 0.0000000000
136957  -45.535  37.442  17.511 0.0000000000
137844  -48.836  38.628  18.860 0.0000000000
138657  -51.524  39.591  19.550 0.0000000000
156791  -40.009  61.951  4.644 0.0000000000
156123  -42.268  60.785  5.736 0.0000000000
155431  -45.257  59.685  7.810 0.0000000000
152126  -47.202  56.077  8.275 0.0000000000
151325  -49.184  54.788  6.277 0.0000000000
151363  -50.400  54.664  3.549 0.0000000000
151385  -50.543  54.480  0.690 0.0000000000
153976  -50.375  58.031  0.164 0.0000000000
143144  -45.248  44.330  17.756 0.0000000000
142191  -48.911  43.690  18.128 0.0000000000
143127  -51.236  44.928  18.680 0.0000000000
147509  -41.190  49.457  8.832 0.0000000000
148329  -44.106  50.862  4.928 0.0000000000
146719  -44.365  48.957  7.960 0.0000000000
145901  -44.404  47.999  10.365 0.0000000000
145010  -47.800  47.422  13.321 0.0000000000
145840  -51.155  47.904  16.023 0.0000000000
142232  -52.532  43.900  16.894 0.0000000000
142240  -49.738  43.372  15.696 0.0000000000
141339  -47.863  42.518  14.209 0.0000000000
139592  -45.438  40.497  12.498 0.0000000000
143209  -46.508  44.267  8.919 0.0000000000
141371  -44.248  41.980  11.205 0.0000000000
138758  -43.079  39.718  11.374 0.0000000000
137873  -53.528  38.119  17.158 0.0000000000
137889  -54.194  38.320  15.505 0.0000000000
139569  -52.935  40.237  15.823 0.0000000000
149215  -50.021  51.243  0.406 0.0000000000
148424  -50.418  50.173  0.292 0.0000000000
147612  -49.034  49.108  0.099 0.0000000000
146016  -47.265  47.328  0.529 0.0000000000
145039  -42.749  46.401  11.315 0.0000000000
153838  -45.668  57.567  9.893 0.0000000000
144220  -51.507  44.918  5.877 0.0000000000
145095  -49.981  46.220  6.408 0.0000000000
145098  -52.163  45.550  7.112 0.0000000000
145064  -51.863  46.783  9.516 0.0000000000
144174  -51.683  45.368  8.363 0.0000000000
144165  -49.892  45.495  9.899 0.0000000000
143212  -50.178  44.981  8.309 0.0000000000
150589  -51.263  54.334  7.273 0.0000000000
150609  -49.607  53.257  6.005 0.0000000000
149905  -50.600  52.372  4.710 0.0000000000
145204  -50.309  45.646  -0.023 0.0000000000
146798  -49.981  48.001  1.429 0.0000000000
144282  -50.313  45.086  0.726 0.0000000000
143332  -50.783  44.173  2.611 0.0000000000
141485  -49.831  42.753  1.256 0.0000000000
142396  -48.914  43.266  3.350 0.0000000000
141483  -48.130  42.607  0.934 0.0000000000
142410  -44.336  42.750  1.562 0.0000000000
138652  -46.589  39.654  20.023 0.0000000000
137803  -47.146  38.696  20.197 0.0000000000
137804  -48.506  38.773  20.251 0.0000000000
137820  -50.221  38.628  19.771 0.0000000000
139506  -49.403  40.415  19.449 0.0000000000
156150  -42.204  60.872  3.672 0.0000000000
156794  -43.098  61.592  4.091 0.0000000000
156138  -43.537  60.665  4.638 0.0000000000
156107  -43.902  60.514  6.479 0.0000000000
155446  -43.759  59.363  5.834 0.0000000000
151333  -43.953  54.822  5.782 0.0000000000
152161  -44.358  56.059  7.164 0.0000000000
151322  -45.962  54.982  6.772 0.0000000000
151311  -47.682  54.966  7.105 0.0000000000
151336  -47.351  54.629  5.584 0.0000000000
153073  -47.080  56.487  1.941 0.0000000000
152192  -48.740  55.428  3.141 0.0000000000
152209  -48.876  56.112  2.585 0.0000000000
152211  -50.379  55.660  1.928 0.0000000000
153096  -50.278  56.970  1.444 0.0000000000
152240  -50.296  56.129  0.488 0.0000000000
153954  -49.372  58.024  1.477 0.0000000000
144051  -40.132  46.002  16.739 0.0000000000
144016  -40.184  45.822  18.388 0.0000000000
144018  -41.912  45.725  18.447 0.0000000000
143143  -44.102  44.428  17.846 0.0000000000
144020  -43.885  45.708  18.673 0.0000000000
144981  -46.479  46.220  16.736 0.0000000000
144023  -47.102  45.607  18.756 0.0000000000
144949  -48.480  46.257  18.403 0.0000000000
143126  -50.252  44.899  18.653 0.0000000000
144950  -49.611  46.513  18.528 0.0000000000
149862  -40.671  52.855  9.129 0.0000000000
149105  -39.702  51.486  9.192 0.0000000000
148312  -41.354  50.720  7.965 0.0000000000
149901  -46.592  52.105  4.730 0.0000000000
149889  -45.288  52.280  5.350 0.0000000000
148346  -45.453  50.356  4.122 0.0000000000
145921  -47.629  48.078  8.200 0.0000000000
146740  -45.952  48.125  7.110 0.0000000000
146721  -46.431  48.540  8.511 0.0000000000
146707  -44.702  48.824  8.958 0.0000000000
146686  -46.027  48.588  10.021 0.0000000000
145870  -46.313  47.684  11.877 0.0000000000
146656  -47.404  48.441  11.342 0.0000000000
146662  -51.894  48.159  13.356 0.0000000000
146643  -51.109  48.494  14.369 0.0000000000
145842  -52.200  47.133  15.435 0.0000000000
144041  -52.285  45.796  16.889 0.0000000000
143161  -52.192  45.512  15.625 0.0000000000
143152  -51.314  43.902  16.103 0.0000000000
144076  -50.839  45.224  15.209 0.0000000000
143185  -48.247  44.874  11.599 0.0000000000
143174  -47.965  43.859  13.741 0.0000000000
142258  -47.070  43.461  12.483 0.0000000000
140519  -46.646  41.645  13.307 0.0000000000
141350  -45.961  42.051  12.529 0.0000000000
143280  -47.104  44.418  5.776 0.0000000000
143235  -47.109  44.545  7.731 0.0000000000
143258  -45.397  44.524  6.699 0.0000000000
142280  -43.020  42.978  10.006 0.0000000000
142281  -44.304  43.287  9.901 0.0000000000
141370  -43.108  42.157  10.692 0.0000000000
140533  -43.551  41.068  11.494 0.0000000000
140557  -42.447  41.052  11.070 0.0000000000
138780  -41.580  39.210  10.842 0.0000000000
136981  -50.991  38.018  15.446 0.0000000000
139587  -50.444  40.123  13.849 0.0000000000
149919  -51.384  52.247  2.601 0.0000000000
148372  -50.830  50.829  3.032 0.0000000000
148410  -51.197  50.600  1.585 0.0000000000
146820  -50.426  47.923  -0.113 0.0000000000
144292  -49.056  45.055  -0.410 0.0000000000
141494  -47.572  42.966  0.269 0.0000000000
144280  -47.375  44.888  0.203 0.0000000000
136921  -43.874  37.369  19.523 0.0000000000
138649  -43.874  39.030  19.713 0.0000000000
139542  -46.391  40.595  18.181 0.0000000000
155488  -39.232  60.295  3.622 0.0000000000
151358  -45.543  54.574  3.692 0.0000000000
153951  -46.624  57.764  0.893 0.0000000000
153952  -47.527  58.255  1.000 0.0000000000
144054  -43.094  45.919  16.755 0.0000000000
144073  -45.094  45.810  15.468 0.0000000000
144990  -46.592  46.275  15.476 0.0000000000
150569  -42.737  53.935  8.635 0.0000000000
144231  -48.013  45.679  3.867 0.0000000000
145969  -46.161  47.414  4.669 0.0000000000
145113  -48.992  46.138  5.663 0.0000000000
145077  -49.279  46.822  7.343 0.0000000000
145923  -49.169  47.858  8.973 0.0000000000
146690  -49.528  48.597  10.637 0.0000000000
146714  -51.058  48.399  9.966 0.0000000000
145886  -51.879  47.621  11.128 0.0000000000
145025  -51.509  47.109  12.398 0.0000000000
144120  -50.348  46.029  13.506 0.0000000000
144154  -50.411  46.210  11.683 0.0000000000
144158  -49.043  45.327  11.253 0.0000000000
143191  -48.389  44.845  10.543 0.0000000000
143257  -44.259  44.619  6.715 0.0000000000
145911  -39.999  48.075  9.618 0.0000000000
152105  -48.777  55.608  10.139 0.0000000000
151274  -47.326  54.900  9.501 0.0000000000
150574  -48.678  54.233  8.300 0.0000000000
150607  -47.860  52.889  5.790 0.0000000000
148368  -47.730  50.309  3.457 0.0000000000
148371  -50.125  50.765  3.222 0.0000000000
147587  -48.716  49.322  2.680 0.0000000000
145159  -47.885  46.843  2.584 0.0000000000
144245  -48.704  45.212  3.152 0.0000000000
143322  -51.586  44.043  3.928 0.0000000000
142362  -51.410  43.670  5.163 0.0000000000
143262  -49.905  44.362  6.601 0.0000000000
142376  -49.312  43.337  4.219 0.0000000000
143318  -47.272  43.949  3.941 0.0000000000
143317  -46.246  44.205  3.745 0.0000000000
142427  -46.432  42.879  1.108 0.0000000000
142392  -44.743  43.635  2.611 0.0000000000
136923  -46.140  38.045  19.650 0.0000000000
137867  -47.414  38.317  17.747 0.0000000000
137877  -49.347  38.636  17.003 0.0000000000
137870  -50.838  38.505  18.176 0.0000000000
137847  -51.985  38.609  18.889 0.0000000000
137823  -52.353  39.340  18.898 0.0000000000
156103  -39.462  59.992  6.175 0.0000000000
156122  -41.100  60.664  5.766 0.0000000000
155444  -40.978  59.854  7.124 0.0000000000
155428  -42.921  59.769  7.873 0.0000000000
156068  -44.887  60.061  8.975 0.0000000000
154667  -46.732  58.983  9.538 0.0000000000
153899  -41.994  57.694  5.738 0.0000000000
153873  -44.162  57.768  7.149 0.0000000000
153852  -46.111  58.296  8.501 0.0000000000
153839  -48.026  57.834  9.443 0.0000000000
153007  -48.873  56.556  8.738 0.0000000000
152152  -49.802  55.527  7.485 0.0000000000
152174  -50.996  55.020  6.001 0.0000000000
151348  -47.578  54.586  4.676 0.0000000000
151350  -49.578  54.708  4.703 0.0000000000
151352  -51.179  54.147  4.566 0.0000000000
151372  -51.277  53.966  2.340 0.0000000000
151386  -51.008  53.478  0.857 0.0000000000
151384  -49.499  54.404  0.374 0.0000000000
152239  -49.719  55.578  0.290 0.0000000000
154794  -48.923  59.431  0.603 0.0000000000
142228  -45.378  42.550  16.590 0.0000000000
141299  -46.913  42.348  17.194 0.0000000000
144946  -45.230  46.139  18.421 0.0000000000
143146  -47.440  44.361  17.925 0.0000000000
141285  -48.935  42.479  18.074 0.0000000000
140463  -50.157  41.832  19.037 0.0000000000
140464  -51.103  41.593  19.226 0.0000000000
140465  -52.000  41.823  18.577 0.0000000000
145912  -40.966  48.196  9.618 0.0000000000
151308  -45.592  54.128  8.147 0.0000000000
150595  -44.258  53.424  6.785 0.0000000000
149886  -42.792  52.090  5.975 0.0000000000
146751  -44.759  48.834  5.160 0.0000000000
147542  -43.702  49.738  5.674 0.0000000000
147529  -42.713  50.083  7.010 0.0000000000
147511  -42.676  49.346  8.515 0.0000000000
146683  -43.137  48.621  9.335 0.0000000000
145056  -42.871  47.110  10.531 0.0000000000
145041  -44.976  47.176  11.601 0.0000000000
145009  -46.905  47.058  13.211 0.0000000000
144991  -47.697  46.747  15.299 0.0000000000
146649  -49.558  48.540  12.769 0.0000000000
145845  -49.381  47.670  14.675 0.0000000000
145831  -49.624  47.330  16.739 0.0000000000
144952  -51.296  46.407  17.929 0.0000000000
142215  -52.199  44.069  17.782 0.0000000000
140501  -52.737  41.369  16.798 0.0000000000
140500  -52.195  41.806  16.263 0.0000000000
140507  -50.833  41.432  15.526 0.0000000000
140514  -49.548  41.239  14.753 0.0000000000
143176  -49.291  44.953  14.160 0.0000000000
141340  -48.651  42.426  14.679 0.0000000000
139585  -48.597  40.393  13.692 0.0000000000
138717  -47.177  39.987  13.172 0.0000000000
138733  -45.818  39.586  12.554 0.0000000000
143236  -48.296  44.553  7.630 0.0000000000
143210  -47.888  44.606  8.662 0.0000000000
143194  -46.738  44.137  10.042 0.0000000000
143207  -44.337  44.185  8.440 0.0000000000
142282  -45.370  43.552  9.877 0.0000000000
142267  -46.185  43.633  10.624 0.0000000000
141353  -45.132  42.044  11.801 0.0000000000
139610  -44.523  40.254  12.057 0.0000000000
138695  -53.320  38.510  17.466 0.0000000000
137880  -54.063  38.066  16.440 0.0000000000
138708  -53.811  38.903  15.981 0.0000000000
138707  -53.301  39.553  15.473 0.0000000000
138703  -53.359  39.537  16.424 0.0000000000
148423  -49.601  50.149  0.230 0.0000000000
148422  -48.491  50.238  0.505 0.0000000000
144151  -42.293  45.971  11.786 0.0000000000
153825  -46.328  58.005  10.078 0.0000000000
152986  -45.520  56.976  10.154 0.0000000000
152971  -46.195  56.951  10.431 0.0000000000
143265  -52.004  44.489  6.414 0.0000000000
144203  -51.810  45.407  6.613 0.0000000000
143240  -52.104  44.476  7.219 0.0000000000
144175  -52.021  45.683  8.097 0.0000000000
143214  -51.797  44.701  7.751 0.0000000000
143213  -51.172  44.848  7.980 0.0000000000
143238  -50.549  44.567  7.363 0.0000000000
150602  -51.441  54.186  6.579 0.0000000000
150610  -50.646  53.327  5.994 0.0000000000
149895  -50.967  52.903  5.307 0.0000000000
144293  -49.850  44.927  -0.358 0.0000000000
145190  -50.195  46.272  0.490 0.0000000000
143364  -50.218  43.794  0.150 0.0000000000
143353  -50.586  44.086  0.696 0.0000000000
142441  -49.708  42.900  0.423 0.0000000000
141484  -48.931  42.609  1.183 0.0000000000
141496  -48.859  42.684  0.558 0.0000000000
136045  -43.557  36.950  19.031 0.0000000000
139504  -47.235  40.040  19.577 0.0000000000
138653  -47.590  39.572  20.137 0.0000000000
139505  -48.224  40.241  19.560 0.0000000000
138654  -48.662  39.601  20.174 0.0000000000
139518  -48.793  40.871  18.836 0.0000000000
156135  -41.448  60.263  4.168 0.0000000000
156151  -43.096  60.930  3.813 0.0000000000
155474  -42.901  59.933  4.639 0.0000000000
155461  -44.048  60.050  5.565 0.0000000000
155459  -42.468  59.209  5.144 0.0000000000
151356  -43.375  54.582  4.148 0.0000000000
151344  -43.141  54.710  5.070 0.0000000000
151321  -44.716  55.138  6.549 0.0000000000
151334  -45.051  54.594  5.781 0.0000000000
151335  -46.207  54.636  5.666 0.0000000000
153074  -48.140  56.865  2.071 0.0000000000
152208  -47.930  55.956  2.496 0.0000000000
153075  -49.210  56.828  2.220 0.0000000000
153938  -49.611  57.339  1.772 0.0000000000
153955  -50.104  57.604  1.275 0.0000000000
153953  -48.541  58.221  1.391 0.0000000000
144068  -40.236  45.535  15.835 0.0000000000
144052  -41.043  46.003  16.639 0.0000000000
144975  -40.864  46.378  17.302 0.0000000000
144976  -41.658  46.348  17.237 0.0000000000
144019  -42.885  45.708  18.474 0.0000000000
144965  -47.525  46.374  17.698 0.0000000000
144025  -49.377  45.751  18.754 0.0000000000
144966  -48.760  46.872  17.570 0.0000000000
150568  -41.729  53.334  7.995 0.0000000000
149869  -41.057  52.587  8.363 0.0000000000
149109  -40.744  51.588  8.253 0.0000000000
149110  -41.232  51.654  7.650 0.0000000000
148367  -46.885  50.285  3.598 0.0000000000
149130  -45.801  51.341  4.476 0.0000000000
146772  -45.973  48.927  3.791 0.0000000000
146722  -47.378  48.358  8.585 0.0000000000
146730  -46.920  48.318  8.057 0.0000000000
146709  -46.667  48.666  9.334 0.0000000000
146708  -45.727  48.708  9.170 0.0000000000
146687  -46.896  48.603  10.109 0.0000000000
146668  -47.055  48.542  10.835 0.0000000000
146688  -47.714  48.591  10.308 0.0000000000
145013  -51.926  47.407  13.724 0.0000000000
145856  -51.981  47.620  14.245 0.0000000000
144099  -51.897  46.569  14.655 0.0000000000
144078  -52.208  46.152  15.201 0.0000000000
144077  -51.599  45.611  15.094 0.0000000000
144098  -51.497  46.158  14.582 0.0000000000
143184  -47.556  44.252  12.052 0.0000000000
142257  -46.698  42.748  12.860 0.0000000000
142261  -46.012  42.801  11.775 0.0000000000
143279  -46.017  44.559  5.728 0.0000000000
143259  -46.516  44.547  6.730 0.0000000000
141395  -42.014  42.345  10.002 0.0000000000
141396  -42.551  42.352  10.316 0.0000000000
139630  -41.469  40.105  10.949 0.0000000000
140556  -41.356  41.014  10.750 0.0000000000
137888  -51.352  38.207  16.381 0.0000000000
138722  -51.914  39.632  13.357 0.0000000000
139588  -51.326  39.906  14.025 0.0000000000
149165  -51.262  51.371  2.066 0.0000000000
149189  -51.168  51.337  1.262 0.0000000000
147624  -49.906  48.836  -0.337 0.0000000000
147625  -50.434  48.564  -0.108 0.0000000000
146819  -50.151  47.907  -0.348 0.0000000000
146028  -49.692  47.031  -0.431 0.0000000000
145202  -48.733  46.080  -0.280 0.0000000000
144291  -48.178  44.937  -0.201 0.0000000000
145201  -47.960  45.520  -0.056 0.0000000000
144279  -46.385  45.032  0.607 0.0000000000
138666  -42.668  38.951  19.164 0.0000000000
139515  -45.609  40.132  18.725 0.0000000000
139541  -45.499  40.496  17.984 0.0000000000
156813  -39.862  61.376  3.048 0.0000000000
153093  -46.067  56.898  1.215 0.0000000000
153120  -45.879  57.620  0.573 0.0000000000
153119  -45.069  57.305  0.496 0.0000000000
144116  -44.383  45.866  13.599 0.0000000000
144094  -44.245  45.667  14.548 0.0000000000
144095  -45.093  45.859  14.490 0.0000000000
144989  -45.707  46.011  15.141 0.0000000000
144997  -45.874  46.133  14.418 0.0000000000
154679  -42.394  58.575  8.092 0.0000000000
151292  -43.663  54.379  9.261 0.0000000000
144232  -48.946  45.296  4.147 0.0000000000
144216  -48.366  45.800  4.869 0.0000000000
144217  -49.372  45.618  4.957 0.0000000000
145078  -50.468  46.751  7.425 0.0000000000
145934  -49.816  47.222  8.123 0.0000000000
145933  -48.633  47.369  8.030 0.0000000000
145924  -50.354  47.568  8.757 0.0000000000
145916  -49.895  47.986  9.401 0.0000000000
145917  -50.806  47.891  9.365 0.0000000000
145063  -51.801  46.719  9.855 0.0000000000
145905  -52.054  47.425  10.113 0.0000000000
145059  -51.748  46.843  10.421 0.0000000000
145044  -51.615  47.100  11.458 0.0000000000
145043  -51.130  46.596  11.585 0.0000000000
144160  -50.678  46.077  10.682 0.0000000000
143197  -49.640  45.151  9.043 0.0000000000
144164  -49.178  45.298  10.411 0.0000000000
151276  -49.424  55.147  9.614 0.0000000000
151297  -49.109  54.628  9.041 0.0000000000
150575  -49.738  54.445  8.349 0.0000000000
149893  -49.118  52.732  5.336 0.0000000000
150608  -48.531  53.084  5.915 0.0000000000
149903  -48.636  52.286  4.675 0.0000000000
149902  -47.619  52.196  4.652 0.0000000000
148369  -48.476  50.538  3.419 0.0000000000
147589  -50.796  49.579  1.900 0.0000000000
148391  -50.462  50.142  2.663 0.0000000000
146785  -49.229  48.393  1.853 0.0000000000
146004  -49.108  47.404  1.691 0.0000000000
146784  -48.278  48.398  2.439 0.0000000000
145160  -48.666  46.689  2.071 0.0000000000
144244  -48.014  45.871  2.825 0.0000000000
144257  -48.940  45.573  2.050 0.0000000000
142416  -50.874  43.486  2.532 0.0000000000
143333  -51.258  43.824  3.235 0.0000000000
142399  -51.371  43.519  3.755 0.0000000000
142379  -51.530  43.775  4.522 0.0000000000
142378  -51.179  43.307  4.364 0.0000000000
142360  -49.800  43.652  5.023 0.0000000000
142377  -50.349  43.206  4.260 0.0000000000
142395  -47.907  43.515  3.182 0.0000000000
142375  -48.254  43.561  4.136 0.0000000000
142438  -46.719  43.118  0.453 0.0000000000
142426  -45.175  42.652  0.961 0.0000000000
136909  -44.610  37.825  20.281 0.0000000000
136922  -45.140  37.652  19.609 0.0000000000
136910  -45.628  37.991  20.298 0.0000000000
137818  -48.029  38.607  19.612 0.0000000000
137843  -47.712  38.475  18.732 0.0000000000
137868  -48.514  38.553  17.862 0.0000000000
137878  -50.529  38.538  17.183 0.0000000000
137869  -49.666  38.601  18.025 0.0000000000
137807  -50.639  38.951  20.160 0.0000000000
137846  -51.059  38.555  19.054 0.0000000000
137821  -51.078  38.876  19.696 0.0000000000
137822  -52.049  39.079  19.273 0.0000000000
156790  -38.933  62.059  4.716 0.0000000000
156789  -38.355  62.206  4.828 0.0000000000
156120  -38.762  60.459  5.631 0.0000000000
156772  -39.359  61.299  5.138 0.0000000000
157497  -42.327  62.667  3.275 0.0000000000
156775  -42.779  61.298  4.940 0.0000000000
156774  -41.729  61.371  5.156 0.0000000000
156105  -41.680  60.286  6.684 0.0000000000
155427  -41.796  59.572  7.444 0.0000000000
156091  -42.467  60.126  7.251 0.0000000000
156093  -44.793  60.231  7.487 0.0000000000
156080  -44.569  60.126  8.411 0.0000000000
156081  -45.405  60.067  8.485 0.0000000000
155401  -46.004  59.839  9.198 0.0000000000
155414  -46.021  59.611  8.604 0.0000000000
153889  -43.115  57.798  6.328 0.0000000000
153042  -43.777  56.992  7.018 0.0000000000
152148  -45.323  56.274  7.933 0.0000000000
153033  -45.193  56.943  8.196 0.0000000000
153004  -45.934  57.081  8.450 0.0000000000
153853  -46.830  57.860  8.816 0.0000000000
153854  -47.649  57.493  8.974 0.0000000000
153855  -48.404  57.158  9.134 0.0000000000
153006  -47.933  56.714  8.683 0.0000000000
151324  -48.272  54.752  6.520 0.0000000000
152151  -48.644  55.430  7.435 0.0000000000
152164  -49.244  55.176  6.855 0.0000000000
152153  -50.760  55.275  7.326 0.0000000000
152165  -50.064  55.217  6.581 0.0000000000
152189  -46.053  54.887  3.117 0.0000000000
151359  -46.724  54.634  3.807 0.0000000000
151361  -48.681  54.872  3.840 0.0000000000
151362  -49.547  54.825  3.785 0.0000000000
151351  -50.443  54.567  4.683 0.0000000000
151364  -51.272  54.058  3.416 0.0000000000
151375  -50.815  54.710  1.598 0.0000000000
150636  -50.713  53.123  0.646 0.0000000000
150635  -50.076  53.336  0.321 0.0000000000
153125  -50.253  57.273  0.181 0.0000000000
153124  -49.741  56.699  0.016 0.0000000000
153123  -48.826  56.341  0.130 0.0000000000
153149  -49.770  57.594  -0.255 0.0000000000
154775  -47.768  58.813  0.568 0.0000000000
142208  -42.433  43.924  17.236 0.0000000000
142210  -44.620  43.693  16.987 0.0000000000
142211  -45.929  43.204  16.844 0.0000000000
142212  -47.233  43.518  17.405 0.0000000000
144055  -44.015  45.903  16.498 0.0000000000
144962  -44.510  46.436  17.967 0.0000000000
144963  -45.466  46.400  17.981 0.0000000000
143124  -48.034  44.690  18.213 0.0000000000
142214  -48.545  43.285  17.797 0.0000000000
140462  -49.367  41.637  18.617 0.0000000000
141286  -49.722  42.719  18.583 0.0000000000
142193  -51.024  43.922  18.938 0.0000000000
141287  -50.649  42.827  19.029 0.0000000000
141288  -51.695  42.892  18.906 0.0000000000
142194  -51.857  43.929  18.496 0.0000000000
147516  -40.715  50.074  8.643 0.0000000000
146702  -40.126  48.920  9.392 0.0000000000
150572  -46.437  54.005  8.244 0.0000000000
150584  -45.906  53.695  7.545 0.0000000000
149124  -44.790  51.440  4.868 0.0000000000
149881  -44.797  52.868  6.074 0.0000000000
149888  -44.321  52.214  5.503 0.0000000000
149880  -43.855  52.803  6.130 0.0000000000
149887  -43.447  52.171  5.692 0.0000000000
145130  -46.769  46.752  5.211 0.0000000000
145968  -45.690  47.762  5.271 0.0000000000
145953  -45.862  47.835  6.066 0.0000000000
146727  -44.619  48.728  6.915 0.0000000000
146738  -44.755  48.720  6.017 0.0000000000
147526  -43.811  49.206  7.167 0.0000000000
147530  -43.256  49.743  6.551 0.0000000000
147525  -43.167  49.644  7.384 0.0000000000
147524  -42.541  50.028  7.575 0.0000000000
146718  -43.677  49.263  8.180 0.0000000000
146685  -45.050  48.482  9.770 0.0000000000
146684  -43.976  48.528  9.554 0.0000000000
145900  -43.049  48.005  9.904 0.0000000000
145057  -43.734  47.445  10.605 0.0000000000
145040  -43.906  46.837  11.317 0.0000000000
145882  -44.440  47.415  10.976 0.0000000000
145023  -46.728  47.498  12.392 0.0000000000
145022  -45.874  47.110  12.339 0.0000000000
144998  -46.810  46.526  14.302 0.0000000000
144999  -47.877  47.090  14.153 0.0000000000
146671  -49.774  48.748  11.491 0.0000000000
146659  -50.032  48.761  12.346 0.0000000000
146635  -51.040  48.108  15.153 0.0000000000
145855  -49.798  48.252  14.180 0.0000000000
145846  -50.261  48.021  15.030 0.0000000000
145838  -49.492  47.469  15.630 0.0000000000
145832  -50.596  47.419  16.858 0.0000000000
144967  -50.033  47.078  17.757 0.0000000000
144968  -51.018  47.058  17.611 0.0000000000
143154  -52.351  45.025  16.333 0.0000000000
143149  -52.170  44.916  17.427 0.0000000000
141302  -52.474  43.015  17.945 0.0000000000
141326  -52.580  42.573  16.798 0.0000000000
140509  -52.587  41.014  16.052 0.0000000000
142241  -50.550  43.897  15.927 0.0000000000
140499  -51.264  41.929  15.983 0.0000000000
141336  -50.393  41.956  15.788 0.0000000000
140515  -50.392  41.032  14.969 0.0000000000
141335  -49.580  42.478  15.501 0.0000000000
144138  -49.659  45.761  12.829 0.0000000000
144119  -49.704  45.476  13.739 0.0000000000
144118  -48.970  45.030  13.555 0.0000000000
142252  -47.599  43.186  13.703 0.0000000000
142253  -48.151  43.726  14.047 0.0000000000
142246  -48.153  42.898  14.350 0.0000000000
140513  -48.752  41.533  14.528 0.0000000000
140512  -47.952  41.842  14.254 0.0000000000
139584  -47.684  40.571  13.593 0.0000000000
140520  -47.387  41.357  13.768 0.0000000000
140523  -46.033  41.122  12.931 0.0000000000
139593  -46.291  40.222  12.937 0.0000000000
137907  -45.351  38.985  12.140 0.0000000000
138732  -45.088  39.789  12.311 0.0000000000
143282  -49.312  44.227  5.760 0.0000000000
143237  -49.447  44.634  7.497 0.0000000000
143261  -48.778  44.426  6.671 0.0000000000
143195  -47.624  44.497  9.740 0.0000000000
143232  -43.550  44.291  7.907 0.0000000000
143206  -43.855  44.143  8.432 0.0000000000
142266  -45.072  42.703  10.888 0.0000000000
142260  -45.395  42.538  11.489 0.0000000000
141372  -44.812  42.270  11.298 0.0000000000
139608  -43.015  40.552  11.390 0.0000000000
139609  -43.708  40.400  11.640 0.0000000000
138759  -43.837  39.518  11.659 0.0000000000
136961  -53.378  37.787  17.095 0.0000000000
136970  -53.962  37.472  16.421 0.0000000000
137894  -54.083  38.337  14.497 0.0000000000
149216  -50.673  51.263  0.620 0.0000000000
149217  -50.998  51.299  0.856 0.0000000000
147613  -49.721  49.434  -0.121 0.0000000000
146808  -48.896  48.068  -0.039 0.0000000000
146017  -48.231  47.287  0.185 0.0000000000
146807  -48.115  48.239  0.442 0.0000000000
145019  -42.978  45.967  12.102 0.0000000000
144136  -44.281  46.057  12.783 0.0000000000
153851  -44.317  57.983  9.034 0.0000000000
152985  -44.996  56.959  9.828 0.0000000000
151254  -44.786  55.234  9.841 0.0000000000
144219  -50.896  45.232  5.429 0.0000000000
144201  -50.356  45.609  5.771 0.0000000000
144202  -50.950  45.530  6.209 0.0000000000
145096  -51.200  46.216  6.863 0.0000000000
145079  -51.415  46.656  7.881 0.0000000000
145067  -51.538  46.846  8.354 0.0000000000
145068  -51.776  46.658  8.611 0.0000000000
144168  -51.885  46.056  8.832 0.0000000000
144167  -51.561  46.133  9.452 0.0000000000
144166  -50.835  45.735  9.708 0.0000000000
144173  -51.021  45.326  8.847 0.0000000000
144172  -50.332  45.327  9.148 0.0000000000
150588  -50.540  54.237  7.758 0.0000000000
150576  -50.259  54.572  8.376 0.0000000000
150600  -50.186  53.532  6.903 0.0000000000
149894  -50.132  52.851  5.334 0.0000000000
149904  -49.633  52.327  4.738 0.0000000000
146018  -50.407  47.361  0.551 0.0000000000
146786  -50.254  48.778  1.669 0.0000000000
145176  -50.188  46.900  0.765 0.0000000000
145189  -50.006  45.945  0.875 0.0000000000
144271  -49.898  45.383  1.328 0.0000000000
144258  -49.486  45.055  1.844 0.0000000000
143344  -50.517  44.274  1.559 0.0000000000
142431  -50.546  43.335  1.374 0.0000000000
141459  -50.362  42.819  2.712 0.0000000000
142397  -49.921  42.962  3.444 0.0000000000
141471  -49.190  42.744  1.886 0.0000000000
142429  -48.284  42.847  1.677 0.0000000000
142413  -47.601  43.276  2.248 0.0000000000
141481  -44.707  42.558  0.883 0.0000000000
136956  -44.856  37.109  17.908 0.0000000000
138640  -45.974  39.126  20.552 0.0000000000
137802  -46.184  38.597  20.441 0.0000000000
138641  -46.900  39.099  20.474 0.0000000000
138642  -47.977  39.075  20.497 0.0000000000
137845  -49.976  38.715  18.992 0.0000000000
137805  -49.568  38.742  20.256 0.0000000000
138644  -49.986  39.014  20.413 0.0000000000
139507  -50.345  40.231  19.671 0.0000000000
157476  -39.485  62.753  4.487 0.0000000000
156839  -42.374  61.872  2.992 0.0000000000
157498  -42.733  62.069  3.394 0.0000000000
156816  -42.743  61.549  3.533 0.0000000000
156795  -43.584  61.096  4.278 0.0000000000
156124  -43.229  60.723  5.572 0.0000000000
156125  -43.734  60.437  5.445 0.0000000000
156108  -44.345  60.204  6.325 0.0000000000
155430  -44.698  59.710  6.972 0.0000000000
151343  -42.200  55.162  5.201 0.0000000000
152160  -43.200  55.924  6.309 0.0000000000
151320  -43.752  55.437  6.290 0.0000000000
152162  -45.375  55.452  7.262 0.0000000000
152149  -46.275  55.488  7.573 0.0000000000
152150  -47.502  55.480  7.640 0.0000000000
151310  -46.809  55.059  7.146 0.0000000000
151323  -47.055  54.751  6.472 0.0000000000
152207  -46.954  55.737  2.447 0.0000000000
152191  -47.814  55.313  3.121 0.0000000000
152193  -49.581  55.441  3.061 0.0000000000
152194  -50.179  55.349  2.752 0.0000000000
152210  -49.727  56.040  2.442 0.0000000000
152225  -50.718  55.737  1.055 0.0000000000
153097  -50.466  56.840  0.872 0.0000000000
153956  -50.292  57.691  0.638 0.0000000000
154796  -50.156  58.323  0.568 0.0000000000
144089  -39.349  45.491  14.857 0.0000000000
144067  -39.265  45.583  15.947 0.0000000000
144050  -39.222  46.087  17.099 0.0000000000
144974  -40.150  46.333  17.433 0.0000000000
143142  -43.028  44.548  17.824 0.0000000000
143120  -43.512  45.091  18.411 0.0000000000
143121  -44.569  44.997  18.514 0.0000000000
144980  -45.602  46.269  17.129 0.0000000000
144964  -46.436  46.293  17.897 0.0000000000
144948  -47.326  46.105  18.500 0.0000000000
144024  -48.247  45.630  18.541 0.0000000000
143125  -49.171  44.823  18.437 0.0000000000
144026  -50.424  45.840  18.903 0.0000000000
149106  -40.311  51.517  8.822 0.0000000000
148311  -40.727  50.742  8.436 0.0000000000
147517  -41.352  50.004  8.428 0.0000000000
149883  -46.615  52.909  6.022 0.0000000000
150597  -46.352  53.238  6.753 0.0000000000
149900  -45.834  52.064  4.899 0.0000000000
149125  -45.411  51.806  4.865 0.0000000000
148345  -44.624  50.429  4.566 0.0000000000
145945  -47.092  47.490  7.098 0.0000000000
145944  -46.509  47.638  6.790 0.0000000000
145931  -46.748  47.866  7.363 0.0000000000
146729  -46.374  48.230  7.627 0.0000000000
146720  -45.496  48.630  8.291 0.0000000000
145902  -45.488  48.210  10.475 0.0000000000
145883  -45.212  47.707  11.003 0.0000000000
145884  -46.245  48.108  11.117 0.0000000000
145871  -47.116  48.106  11.882 0.0000000000
145872  -48.074  48.139  12.353 0.0000000000
146661  -51.495  48.403  12.918 0.0000000000
146651  -51.026  48.712  13.566 0.0000000000
146652  -51.575  48.453  13.835 0.0000000000
146644  -51.490  48.151  14.562 0.0000000000
146629  -51.461  47.799  15.711 0.0000000000
145834  -51.836  47.123  16.562 0.0000000000
144984  -52.111  46.927  16.407 0.0000000000
144058  -52.417  45.926  16.045 0.0000000000
143153  -51.984  44.267  16.061 0.0000000000
142231  -52.023  43.423  16.319 0.0000000000
143159  -50.936  44.522  15.737 0.0000000000
143158  -49.964  44.241  15.511 0.0000000000
144152  -48.970  45.402  12.222 0.0000000000
143181  -48.397  44.812  12.805 0.0000000000
143180  -47.747  44.065  13.173 0.0000000000
142251  -47.057  42.608  13.370 0.0000000000
141346  -47.270  42.212  13.729 0.0000000000
141345  -46.704  42.260  13.177 0.0000000000
140522  -45.480  41.450  12.374 0.0000000000
143260  -47.643  44.452  6.730 0.0000000000
143234  -45.935  44.418  7.697 0.0000000000
142304  -42.657  43.571  9.011 0.0000000000
142305  -43.700  43.806  8.923 0.0000000000
142264  -43.336  42.602  10.396 0.0000000000
142265  -43.861  42.618  10.495 0.0000000000
140558  -43.380  41.494  11.227 0.0000000000
140532  -43.076  41.076  11.357 0.0000000000
139631  -42.322  39.942  11.151 0.0000000000
138781  -42.420  39.062  11.033 0.0000000000
136980  -49.808  38.078  15.368 0.0000000000
150616  -51.461  53.329  4.193 0.0000000000
149906  -51.280  52.748  4.650 0.0000000000
149913  -51.386  52.343  3.673 0.0000000000
148392  -51.123  50.522  2.331 0.0000000000
147590  -51.144  50.118  1.801 0.0000000000
148425  -50.985  50.438  0.860 0.0000000000
147614  -50.655  49.250  0.507 0.0000000000
146809  -50.554  48.095  0.225 0.0000000000
146029  -50.327  47.038  -0.100 0.0000000000
145203  -49.835  45.961  -0.449 0.0000000000
143362  -49.149  44.250  -0.452 0.0000000000
142439  -48.108  43.350  -0.127 0.0000000000
143361  -48.427  44.193  -0.381 0.0000000000
143352  -47.505  43.976  -0.094 0.0000000000
143351  -46.421  43.908  0.398 0.0000000000
145187  -47.576  46.150  0.238 0.0000000000
136044  -42.936  36.609  19.196 0.0000000000
136920  -42.916  37.310  19.819 0.0000000000
137799  -43.722  38.191  20.318 0.0000000000
137815  -44.551  38.647  20.328 0.0000000000
138667  -43.632  39.406  19.131 0.0000000000
138668  -44.618  39.729  19.060 0.0000000000
138650  -44.818  39.191  20.087 0.0000000000
138670  -46.087  39.774  19.761 0.0000000000
139516  -46.554  40.123  19.177 0.0000000000
139543  -47.035  40.616  18.405 0.0000000000
156838  -41.542  61.874  2.787 0.0000000000
156814  -40.848  61.294  3.094 0.0000000000
156149  -41.170  60.751  3.544 0.0000000000
156134  -40.505  60.197  3.986 0.0000000000
151346  -45.316  54.501  4.773 0.0000000000
152206  -45.780  55.498  2.332 0.0000000000
153072  -46.278  56.149  1.898 0.0000000000
153094  -47.204  57.354  1.524 0.0000000000
153974  -46.267  58.249  0.398 0.0000000000
144072  -44.133  45.679  15.529 0.0000000000
144074  -45.921  45.947  15.839 0.0000000000
150559  -42.392  54.217  9.409 0.0000000000
150580  -41.917  53.005  7.421 0.0000000000
145145  -47.347  46.584  3.554 0.0000000000
146765  -46.149  47.892  4.079 0.0000000000
145144  -46.802  46.825  4.355 0.0000000000
145112  -47.753  46.468  5.724 0.0000000000
145094  -48.593  46.607  6.567 0.0000000000
145076  -48.130  47.058  7.344 0.0000000000
145922  -48.075  47.966  8.432 0.0000000000
146724  -48.755  48.257  9.421 0.0000000000
146689  -48.591  48.609  10.474 0.0000000000
146712  -49.258  48.326  9.757 0.0000000000
146713  -50.205  48.345  9.980 0.0000000000
146692  -51.309  48.450  10.780 0.0000000000
145918  -51.625  47.568  9.542 0.0000000000
146693  -51.919  48.053  10.550 0.0000000000
146673  -51.596  48.283  11.628 0.0000000000
145874  -51.837  47.802  12.389 0.0000000000
145864  -51.835  47.525  13.109 0.0000000000
145012  -51.565  46.945  13.345 0.0000000000
145001  -50.944  46.259  14.022 0.0000000000
145011  -50.954  46.437  13.343 0.0000000000
144139  -50.311  46.200  12.618 0.0000000000
144153  -49.693  45.784  11.907 0.0000000000
144159  -49.851  45.637  10.966 0.0000000000
143190  -47.340  44.319  10.842 0.0000000000
142279  -41.917  43.023  9.499 0.0000000000
141368  -41.208  41.858  10.457 0.0000000000
152084  -48.041  56.197  10.422 0.0000000000
152083  -46.942  56.081  10.410 0.0000000000
152104  -47.706  55.521  10.042 0.0000000000
151296  -47.994  54.481  8.989 0.0000000000
150586  -48.185  53.770  7.480 0.0000000000
150587  -49.427  53.934  7.612 0.0000000000
150598  -47.573  53.241  6.441 0.0000000000
149891  -47.221  52.647  5.475 0.0000000000
149131  -47.067  51.256  4.110 0.0000000000
147574  -47.464  49.392  3.103 0.0000000000
149135  -50.648  51.942  4.261 0.0000000000
149134  -50.098  51.820  4.275 0.0000000000
148370  -49.272  50.681  3.325 0.0000000000
147588  -49.920  49.327  2.346 0.0000000000
148390  -49.620  50.013  2.953 0.0000000000
148389  -48.879  50.109  3.087 0.0000000000
147575  -48.251  49.951  3.123 0.0000000000
147586  -47.968  48.896  2.696 0.0000000000
145981  -47.220  47.531  3.096 0.0000000000
144246  -49.600  44.934  3.528 0.0000000000
143320  -50.211  44.518  3.023 0.0000000000
144247  -50.538  44.814  3.851 0.0000000000
144234  -50.762  45.060  4.644 0.0000000000
143303  -51.657  44.214  4.727 0.0000000000
142363  -51.779  43.950  5.249 0.0000000000
142346  -51.223  43.656  5.907 0.0000000000
143263  -50.929  44.068  6.608 0.0000000000
143283  -50.332  43.813  5.863 0.0000000000
143301  -48.752  43.910  4.948 0.0000000000
143300  -47.708  44.178  4.870 0.0000000000
143299  -46.650  44.362  4.783 0.0000000000
143298  -45.571  44.471  4.692 0.0000000000
141495  -48.140  42.840  0.314 0.0000000000
142428  -47.377  42.851  1.404 0.0000000000
142412  -46.601  43.279  1.986 0.0000000000
142411  -45.505  43.207  1.746 0.0000000000
142393  -45.854  43.737  2.749 0.0000000000
136945  -44.645  37.296  18.579 0.0000000000
136946  -45.903  37.940  18.630 0.0000000000
136924  -46.486  38.248  19.887 0.0000000000
137842  -46.703  38.302  18.676 0.0000000000
136958  -46.642  38.063  17.550 0.0000000000
137876  -48.232  38.372  16.822 0.0000000000
137886  -49.066  38.357  16.142 0.0000000000
137887  -50.178  38.352  16.224 0.0000000000
137879  -51.681  38.254  17.349 0.0000000000
137871  -51.927  38.465  18.155 0.0000000000
136960  -52.672  37.858  17.415 0.0000000000
137872  -52.886  38.285  17.931 0.0000000000
137848  -52.502  38.969  18.565 0.0000000000
157477  -40.697  62.701  4.148 0.0000000000
156793  -42.314  61.845  4.432 0.0000000000
156792  -41.201  61.914  4.578 0.0000000000
156773  -40.539  61.332  5.227 0.0000000000
156121  -39.934  60.612  5.728 0.0000000000
156104  -40.481  60.154  6.432 0.0000000000
155425  -40.233  58.954  7.229 0.0000000000
155426  -40.806  59.197  7.379 0.0000000000
154699  -42.284  59.171  7.930 0.0000000000
155411  -42.894  59.207  8.231 0.0000000000
156092  -43.684  60.314  7.572 0.0000000000
155412  -43.744  59.659  8.452 0.0000000000
154681  -44.343  58.812  8.990 0.0000000000
154665  -45.058  58.823  9.406 0.0000000000
154666  -45.918  58.670  9.629 0.0000000000
153826  -46.986  57.853  10.432 0.0000000000
155458  -41.879  58.979  5.103 0.0000000000
154728  -42.797  58.532  5.701 0.0000000000
154717  -43.727  58.798  6.244 0.0000000000
154700  -44.897  59.104  7.467 0.0000000000
153043  -44.223  56.617  7.288 0.0000000000
153874  -44.652  58.124  7.495 0.0000000000
154701  -45.487  58.849  8.120 0.0000000000
154683  -46.680  58.933  8.956 0.0000000000
154668  -47.558  58.420  9.689 0.0000000000
153827  -47.801  57.727  10.342 0.0000000000
153828  -48.351  57.530  10.055 0.0000000000
152975  -49.588  56.259  9.973 0.0000000000
152989  -50.148  55.965  9.142 0.0000000000
152127  -48.291  56.033  8.198 0.0000000000
152128  -49.356  56.030  8.190 0.0000000000
152129  -50.175  55.646  8.527 0.0000000000
151313  -50.806  54.851  7.957 0.0000000000
150590  -51.483  54.346  7.249 0.0000000000
151340  -51.249  54.584  5.783 0.0000000000
151347  -46.462  54.584  4.683 0.0000000000
151337  -48.461  54.627  5.570 0.0000000000
151360  -47.730  54.774  3.834 0.0000000000
151349  -48.628  54.656  4.705 0.0000000000
151338  -49.591  54.769  5.652 0.0000000000
151339  -50.437  54.775  5.512 0.0000000000
150619  -51.544  53.180  3.069 0.0000000000
150622  -51.363  53.066  2.030 0.0000000000
151371  -50.727  54.727  2.600 0.0000000000
151376  -51.183  53.811  1.354 0.0000000000
150625  -51.211  52.958  1.197 0.0000000000
149943  -50.395  52.251  0.495 0.0000000000
154776  -48.358  58.805  0.846 0.0000000000
154777  -49.176  58.768  1.097 0.0000000000
154795  -49.742  59.106  0.433 0.0000000000
140496  -44.290  41.404  16.751 0.0000000000
142209  -43.498  43.843  17.131 0.0000000000
142227  -44.845  42.838  16.468 0.0000000000
140498  -45.546  41.394  17.060 0.0000000000
140474  -46.138  41.356  17.360 0.0000000000
140475  -47.382  41.253  17.731 0.0000000000
140460  -47.989  41.231  18.002 0.0000000000
144961  -43.434  46.297  17.741 0.0000000000
144945  -44.202  46.172  18.407 0.0000000000
143122  -45.672  44.962  18.463 0.0000000000
144947  -46.264  46.045  18.447 0.0000000000
144022  -46.002  45.602  18.573 0.0000000000
143145  -46.424  44.328  17.757 0.0000000000
141300  -48.205  42.512  17.598 0.0000000000
140461  -48.534  41.609  18.116 0.0000000000
139519  -49.358  40.966  18.925 0.0000000000
140455  -49.751  41.134  19.019 0.0000000000
140457  -50.763  40.784  19.430 0.0000000000
142192  -50.012  43.831  18.600 0.0000000000
139508  -51.157  40.404  19.525 0.0000000000
139520  -51.708  40.976  19.079 0.0000000000
139521  -52.218  40.689  18.536 0.0000000000
139544  -52.626  40.509  17.591 0.0000000000
145899  -41.907  47.601  9.955 0.0000000000
152103  -46.660  55.400  9.841 0.0000000000
151307  -45.071  54.318  8.417 0.0000000000
150596  -45.308  53.370  6.811 0.0000000000
150583  -44.779  53.978  7.732 0.0000000000
150570  -43.989  54.119  8.470 0.0000000000
150582  -43.580  53.695  7.604 0.0000000000
150593  -42.784  52.974  6.658 0.0000000000
149878  -42.408  52.452  6.595 0.0000000000
146764  -45.514  48.500  4.435 0.0000000000
147562  -44.996  49.544  4.364 0.0000000000
147561  -44.296  49.595  4.941 0.0000000000
146739  -45.565  48.229  6.550 0.0000000000
147543  -44.302  49.201  5.617 0.0000000000
147560  -43.817  50.025  5.183 0.0000000000
148327  -42.814  50.811  5.822 0.0000000000
149119  -42.386  51.466  6.271 0.0000000000
149113  -41.802  51.551  6.943 0.0000000000
148317  -41.618  50.965  7.407 0.0000000000
147518  -42.136  49.882  8.115 0.0000000000
147510  -41.956  49.339  8.599 0.0000000000
146706  -43.542  49.047  8.739 0.0000000000
146705  -42.613  48.944  8.951 0.0000000000
146704  -41.852  48.858  9.056 0.0000000000
145913  -41.878  48.295  9.482 0.0000000000
145021  -44.771  46.544  12.374 0.0000000000
145042  -45.712  47.546  11.589 0.0000000000
145008  -45.759  46.475  13.365 0.0000000000
146670  -48.800  48.714  11.267 0.0000000000
146658  -48.988  48.542  12.230 0.0000000000
145873  -48.593  48.211  12.681 0.0000000000
146650  -50.068  48.584  13.329 0.0000000000
145863  -49.527  48.280  13.667 0.0000000000
145853  -48.494  47.630  13.630 0.0000000000
144992  -48.638  47.213  15.051 0.0000000000
144983  -48.641  47.014  16.178 0.0000000000
144951  -50.614  46.527  18.350 0.0000000000
144027  -51.194  45.827  18.440 0.0000000000
144040  -51.764  45.810  17.707 0.0000000000
143148  -51.666  45.228  18.143 0.0000000000
140477  -52.498  41.680  17.683 0.0000000000
139564  -53.021  40.373  16.714 0.0000000000
139568  -52.152  40.597  15.424 0.0000000000
141325  -51.721  42.596  16.292 0.0000000000
140508  -51.779  41.317  15.681 0.0000000000
139567  -51.283  40.837  15.167 0.0000000000
139577  -50.858  40.482  14.512 0.0000000000
139576  -49.943  40.609  14.404 0.0000000000
144097  -50.703  45.730  14.413 0.0000000000
144096  -49.983  45.194  14.641 0.0000000000
142248  -49.287  43.963  15.126 0.0000000000
143175  -48.511  44.358  14.019 0.0000000000
143168  -48.922  44.096  14.685 0.0000000000
142239  -49.185  43.026  15.292 0.0000000000
141341  -49.281  41.850  14.971 0.0000000000
139575  -49.055  40.815  14.262 0.0000000000
138719  -49.101  39.780  13.175 0.0000000000
138718  -48.128  39.817  13.225 0.0000000000
139583  -46.812  40.805  13.379 0.0000000000
138734  -46.712  39.421  12.679 0.0000000000
143211  -49.028  44.842  8.435 0.0000000000
143189  -46.733  44.039  10.581 0.0000000000
142306  -44.797  43.863  9.143 0.0000000000
142307  -45.713  43.964  9.199 0.0000000000
142283  -46.089  43.965  9.639 0.0000000000
142268  -46.740  43.974  10.863 0.0000000000
141354  -45.666  42.346  12.072 0.0000000000
140535  -44.979  41.009  12.100 0.0000000000
140534  -44.321  41.260  11.664 0.0000000000
139611  -44.987  40.508  12.231 0.0000000000
136063  -42.904  36.270  18.687 0.0000000000
136908  -43.703  37.833  20.230 0.0000000000
136911  -46.356  38.282  20.152 0.0000000000
136912  -46.677  38.385  20.004 0.0000000000
136944  -43.887  37.120  18.878 0.0000000000
136947  -46.488  38.155  18.235 0.0000000000
136962  -53.741  37.825  16.794 0.0000000000
136967  -48.156  38.159  16.256 0.0000000000
136971  -54.265  37.478  16.086 0.0000000000
137800  -44.274  38.222  20.390 0.0000000000
137806  -50.333  38.830  20.185 0.0000000000
137814  -44.018  38.584  20.196 0.0000000000
137816  -46.460  38.275  19.278 0.0000000000
137817  -46.872  38.441  19.538 0.0000000000
137819  -49.198  38.555  19.759 0.0000000000
137841  -46.247  38.213  19.091 0.0000000000
137866  -46.795  38.224  18.057 0.0000000000
137881  -54.228  37.646  16.246 0.0000000000
137885  -48.467  38.228  16.166 0.0000000000
138639  -45.402  39.123  20.403 0.0000000000
138643  -49.076  39.044  20.518 0.0000000000
138645  -50.418  38.986  20.289 0.0000000000
138648  -43.277  38.908  19.542 0.0000000000
138651  -45.711  39.488  20.156 0.0000000000
138655  -49.706  39.590  20.185 0.0000000000
138656  -50.642  39.392  20.049 0.0000000000
138658  -52.163  39.767  19.078 0.0000000000
138669  -45.556  39.742  19.509 0.0000000000
138671  -52.477  39.736  18.380 0.0000000000
138704  -53.555  38.707  16.870 0.0000000000
139503  -46.783  39.932  19.620 0.0000000000
139509  -51.822  40.298  19.248 0.0000000000
139574  -48.178  41.064  14.102 0.0000000000
139591  -45.004  40.263  12.281 0.0000000000
140456  -50.292  40.962  19.253 0.0000000000
140473  -45.213  40.895  17.375 0.0000000000
140476  -48.093  41.602  17.763 0.0000000000
140497  -45.055  41.372  16.848 0.0000000000
140506  -49.938  41.595  15.363 0.0000000000
140559  -43.885  41.461  11.390 0.0000000000
141284  -48.623  42.187  17.875 0.0000000000
141298  -46.214  42.240  16.963 0.0000000000
141301  -48.727  43.003  17.824 0.0000000000
141320  -44.073  42.132  16.387 0.0000000000
141321  -44.934  42.043  16.492 0.0000000000
141322  -45.666  42.015  16.766 0.0000000000
141323  -49.961  42.846  15.951 0.0000000000
141324  -50.546  42.565  16.087 0.0000000000
141334  -48.997  42.834  15.052 0.0000000000
141349  -45.500  41.874  12.255 0.0000000000
141352  -44.574  41.765  11.537 0.0000000000
141460  -50.767  43.019  2.673 0.0000000000
141470  -44.254  42.152  1.144 0.0000000000
141472  -50.019  42.706  2.045 0.0000000000
141473  -50.583  42.970  2.142 0.0000000000
141482  -47.373  42.790  0.669 0.0000000000
141486  -50.322  42.866  1.675 0.0000000000
141493  -44.548  42.509  0.818 0.0000000000
141497  -49.340  42.680  0.829 0.0000000000
142190  -48.402  44.135  18.040 0.0000000000
142213  -48.135  43.873  17.806 0.0000000000
142229  -50.224  43.018  16.119 0.0000000000
142230  -50.871  43.280  16.225 0.0000000000
142247  -48.687  43.402  14.678 0.0000000000
142308  -46.108  44.055  9.230 0.0000000000
142347  -51.759  43.915  5.846 0.0000000000
142348  -51.904  44.117  5.747 0.0000000000
142361  -50.744  43.520  5.099 0.0000000000
142414  -48.572  43.163  2.476 0.0000000000
142415  -49.514  42.918  2.648 0.0000000000
142417  -51.196  43.423  3.207 0.0000000000
142425  -44.494  42.257  1.076 0.0000000000
142430  -50.205  43.008  0.853 0.0000000000
142440  -48.929  42.969  -0.042 0.0000000000
142442  -50.344  43.375  0.558 0.0000000000
142449  -48.675  43.803  -0.409 0.0000000000
142450  -49.055  43.562  -0.364 0.0000000000
142452  -50.059  43.302  0.178 0.0000000000
143123  -46.784  44.942  18.496 0.0000000000
143128  -51.865  44.621  18.162 0.0000000000
143147  -47.893  44.364  17.963 0.0000000000
143160  -51.742  45.000  15.628 0.0000000000
143169  -49.417  44.548  14.794 0.0000000000
143241  -52.269  44.720  6.917 0.0000000000
143264  -51.712  43.991  6.594 0.0000000000
143266  -52.250  44.701  6.737 0.0000000000
143284  -51.349  44.709  5.059 0.0000000000
143285  -51.768  44.352  5.507 0.0000000000
143302  -51.271  44.570  4.240 0.0000000000
143319  -49.374  44.837  2.637 0.0000000000
143321  -51.081  44.361  3.440 0.0000000000
143330  -49.374  44.944  2.123 0.0000000000
143331  -49.879  44.576  2.018 0.0000000000
143343  -50.185  44.755  1.518 0.0000000000
143363  -49.761  44.066  -0.256 0.0000000000
144021  -44.936  45.664  18.656 0.0000000000
144057  -45.603  46.002  16.327 0.0000000000
144075  -50.190  44.810  15.249 0.0000000000
144117  -45.193  46.080  13.805 0.0000000000
144135  -43.585  45.760  12.761 0.0000000000
144186  -52.019  45.008  7.759 0.0000000000
144187  -52.197  45.168  7.367 0.0000000000
144204  -52.258  44.983  6.847 0.0000000000
144233  -49.938  45.253  4.347 0.0000000000
144256  -48.347  46.212  2.377 0.0000000000
144270  -49.448  45.973  1.418 0.0000000000
144272  -50.293  44.866  1.258 0.0000000000
144281  -50.165  45.678  0.829 0.0000000000
144294  -50.284  44.605  0.120 0.0000000000
144940  -39.771  46.156  18.222 0.0000000000
144941  -40.458  46.214  18.229 0.0000000000
144943  -42.200  46.169  18.228 0.0000000000
144944  -43.175  46.154  18.288 0.0000000000
144957  -39.853  46.373  17.900 0.0000000000
144959  -41.518  46.456  17.819 0.0000000000
144969  -51.806  46.641  17.106 0.0000000000
144970  -52.276  46.413  16.477 0.0000000000
144978  -43.972  46.205  17.288 0.0000000000
144979  -44.746  46.276  17.242 0.0000000000
144985  -52.333  46.724  15.789 0.0000000000
144993  -52.196  46.828  15.045 0.0000000000
145000  -48.709  47.491  14.297 0.0000000000
145003  -51.900  47.052  14.293 0.0000000000
145020  -43.711  46.235  12.100 0.0000000000
145024  -51.010  46.580  12.489 0.0000000000
145058  -51.327  46.564  10.861 0.0000000000
145060  -52.038  46.985  10.060 0.0000000000
145075  -47.641  47.298  7.281 0.0000000000
145080  -52.069  45.999  7.680 0.0000000000
145092  -46.942  47.272  6.587 0.0000000000
145093  -47.423  47.145  6.818 0.0000000000
145097  -51.908  46.066  7.164 0.0000000000
145114  -49.771  45.774  5.603 0.0000000000
145131  -47.456  46.280  4.608 0.0000000000
145175  -49.869  46.472  1.067 0.0000000000
145188  -48.377  46.697  -0.070 0.0000000000
145833  -51.411  47.322  16.726 0.0000000000
145839  -50.319  47.707  16.006 0.0000000000
145841  -51.904  47.498  15.878 0.0000000000
145847  -50.707  47.973  15.577 0.0000000000
145848  -51.772  47.559  15.310 0.0000000000
145849  -51.965  47.376  14.989 0.0000000000
145854  -49.178  47.912  13.933 0.0000000000
145860  -47.485  47.634  12.668 0.0000000000
145861  -48.262  47.846  12.956 0.0000000000
145862  -49.067  48.248  13.170 0.0000000000
145865  -52.054  47.850  13.626 0.0000000000
145875  -51.973  47.882  13.127 0.0000000000
145885  -46.929  48.348  11.312 0.0000000000
145887  -52.041  47.705  10.649 0.0000000000
145903  -46.043  48.341  10.534 0.0000000000
145904  -52.011  47.326  10.451 0.0000000000
145914  -42.506  48.523  9.350 0.0000000000
145915  -49.456  48.077  9.385 0.0000000000
145925  -51.321  47.216  8.604 0.0000000000
145926  -51.651  47.183  8.912 0.0000000000
145932  -47.386  47.752  7.635 0.0000000000
145936  -51.189  47.007  8.191 0.0000000000
145943  -45.962  47.879  6.481 0.0000000000
145954  -46.255  47.343  5.698 0.0000000000
145980  -46.629  47.396  3.836 0.0000000000
145992  -47.833  47.738  2.587 0.0000000000
145993  -48.482  47.582  2.178 0.0000000000
146005  -49.688  47.280  1.364 0.0000000000
146006  -50.203  47.398  1.053 0.0000000000
146628  -51.260  47.901  15.570 0.0000000000
146634  -50.748  48.322  14.703 0.0000000000
146636  -51.494  47.760  15.248 0.0000000000
146637  -51.701  47.581  15.059 0.0000000000
146642  -50.516  48.492  14.222 0.0000000000
146645  -51.725  47.751  14.684 0.0000000000
146653  -51.955  48.130  14.101 0.0000000000
146657  -48.053  48.432  11.670 0.0000000000
146660  -50.921  48.768  12.579 0.0000000000
146667  -46.442  48.455  10.528 0.0000000000
146669  -47.917  48.682  11.001 0.0000000000
146674  -52.003  47.955  11.050 0.0000000000
146691  -50.473  48.592  10.757 0.0000000000
146711  -48.345  48.462  9.786 0.0000000000
146715  -51.584  48.214  10.188 0.0000000000
146723  -48.225  48.303  9.118 0.0000000000
146728  -45.395  48.477  7.418 0.0000000000
146752  -45.318  48.282  5.572 0.0000000000
146763  -44.843  49.090  4.685 0.0000000000
146774  -47.493  48.388  2.830 0.0000000000
146797  -49.509  47.791  1.538 0.0000000000
146799  -50.606  48.371  1.026 0.0000000000
146818  -49.531  47.948  -0.326 0.0000000000
147519  -43.081  49.547  8.082 0.0000000000
147520  -43.635  49.352  7.790 0.0000000000
147531  -44.043  49.173  6.323 0.0000000000
147572  -45.661  49.461  3.889 0.0000000000
147573  -46.401  49.425  3.548 0.0000000000
147601  -50.810  49.316  1.174 0.0000000000
147602  -51.070  49.935  1.357 0.0000000000
147615  -50.923  49.731  0.944 0.0000000000
147623  -49.381  48.514  -0.218 0.0000000000
148307  -40.166  50.667  8.797 0.0000000000
148313  -41.968  50.435  7.653 0.0000000000
148318  -42.159  50.639  7.088 0.0000000000
148322  -42.574  50.520  6.426 0.0000000000
148323  -43.108  50.228  5.930 0.0000000000
148328  -43.523  50.591  5.396 0.0000000000
148344  -44.016  50.291  4.933 0.0000000000
148347  -46.221  50.690  3.927 0.0000000000
148366  -46.066  50.075  3.686 0.0000000000
148435  -50.074  49.594  -0.124 0.0000000000
148436  -50.366  49.297  -0.057 0.0000000000
149114  -42.120  51.010  6.613 0.0000000000
149118  -42.086  51.933  6.642 0.0000000000
149122  -43.066  51.449  5.635 0.0000000000
149123  -43.860  51.472  5.294 0.0000000000
149129  -45.146  50.897  4.475 0.0000000000
149132  -48.190  51.631  4.175 0.0000000000
149145  -47.389  50.717  3.708 0.0000000000
149146  -47.926  50.963  3.743 0.0000000000
149147  -48.774  51.216  3.691 0.0000000000
149148  -49.691  51.331  3.699 0.0000000000
149149  -50.679  51.561  3.684 0.0000000000
149150  -51.270  51.420  2.955 0.0000000000
149868  -40.563  52.197  8.800 0.0000000000
149873  -42.049  52.713  7.115 0.0000000000
149877  -41.927  52.246  6.904 0.0000000000
149879  -43.073  52.668  6.242 0.0000000000
149882  -45.760  52.893  6.047 0.0000000000
149890  -46.210  52.479  5.416 0.0000000000
149892  -48.152  52.663  5.289 0.0000000000
149912  -51.046  52.129  4.252 0.0000000000
149944  -50.976  52.175  0.877 0.0000000000
150571  -44.608  54.251  8.410 0.0000000000
150573  -47.520  53.991  8.307 0.0000000000
150581  -42.506  53.273  7.286 0.0000000000
150594  -43.311  53.234  6.721 0.0000000000
150599  -48.935  53.482  6.734 0.0000000000
150601  -51.167  53.725  6.786 0.0000000000
150637  -51.019  52.947  0.833 0.0000000000
151272  -45.342  54.922  9.541 0.0000000000
151273  -46.312  54.821  9.423 0.0000000000
151275  -48.420  55.004  9.615 0.0000000000
151277  -49.986  55.312  9.378 0.0000000000
151293  -44.660  54.466  8.979 0.0000000000
151295  -46.879  54.283  9.000 0.0000000000
151299  -50.324  55.130  8.801 0.0000000000
151309  -46.347  55.148  7.160 0.0000000000
151312  -50.447  54.699  8.401 0.0000000000
151314  -51.240  54.770  7.205 0.0000000000
151326  -51.356  54.663  6.648 0.0000000000
151331  -42.498  55.441  5.588 0.0000000000
152085  -48.949  56.238  10.237 0.0000000000
152086  -49.405  56.246  10.101 0.0000000000
152102  -45.993  55.230  9.698 0.0000000000
152106  -49.736  55.846  10.037 0.0000000000
152107  -50.106  55.694  9.286 0.0000000000
152124  -45.798  56.524  8.271 0.0000000000
152125  -46.223  56.328  8.283 0.0000000000
152147  -44.736  56.376  7.598 0.0000000000
152154  -51.189  55.028  6.817 0.0000000000
152163  -45.865  55.264  7.208 0.0000000000
152166  -50.872  55.175  6.510 0.0000000000
152167  -51.180  54.926  6.304 0.0000000000
152173  -50.456  54.996  6.073 0.0000000000
152175  -51.111  54.969  5.797 0.0000000000
152181  -41.933  55.446  5.320 0.0000000000
152970  -45.288  56.413  10.081 0.0000000000
152973  -48.290  56.896  10.292 0.0000000000
152974  -49.001  56.616  9.908 0.0000000000
152987  -49.076  56.676  9.342 0.0000000000
152988  -49.821  56.243  9.524 0.0000000000
153005  -46.976  56.920  8.628 0.0000000000
153008  -49.737  56.353  8.901 0.0000000000
153009  -50.094  56.103  9.070 0.0000000000
153031  -44.282  57.432  7.335 0.0000000000
153032  -44.583  56.906  7.656 0.0000000000
153076  -50.036  56.685  1.922 0.0000000000
153077  -50.449  56.401  1.424 0.0000000000
153150  -50.194  57.903  -0.146 0.0000000000
153837  -44.821  57.908  9.447 0.0000000000
153840  -48.509  57.312  9.660 0.0000000000
153849  -42.737  57.813  8.322 0.0000000000
153875  -45.304  57.706  8.120 0.0000000000
153890  -43.885  58.085  6.798 0.0000000000
153891  -44.277  58.220  7.066 0.0000000000
153900  -42.524  57.762  6.026 0.0000000000
153937  -48.809  57.515  1.806 0.0000000000
153939  -50.049  57.185  1.645 0.0000000000
153975  -46.853  58.300  0.623 0.0000000000
153999  -50.179  58.338  -0.111 0.0000000000
154653  -46.350  58.353  9.938 0.0000000000
154654  -46.663  58.496  10.070 0.0000000000
154655  -47.402  58.465  10.157 0.0000000000
154656  -48.017  58.201  10.107 0.0000000000
154669  -48.213  57.993  9.848 0.0000000000
154682  -46.129  59.008  8.556 0.0000000000
154684  -47.382  58.155  9.231 0.0000000000
154716  -43.267  58.552  6.023 0.0000000000
154718  -44.392  58.852  6.836 0.0000000000
154727  -41.841  58.453  5.365 0.0000000000
154729  -43.439  59.022  5.805 0.0000000000
154740  -41.492  58.727  5.066 0.0000000000
154778  -49.878  58.394  1.058 0.0000000000
154779  -50.151  58.027  0.906 0.0000000000
154793  -48.090  59.352  0.386 0.0000000000
154813  -50.156  58.556  0.163 0.0000000000
155400  -45.164  59.593  9.241 0.0000000000
155402  -46.450  59.480  9.026 0.0000000000
155413  -44.543  59.770  8.894 0.0000000000
155415  -46.440  59.434  8.868 0.0000000000
155429  -43.571  60.065  8.076 0.0000000000
155445  -41.541  59.963  7.161 0.0000000000
155447  -44.212  59.678  6.030 0.0000000000
155460  -43.525  59.754  5.287 0.0000000000
155475  -43.353  60.305  4.688 0.0000000000
155524  -48.618  59.995  0.104 0.0000000000
156069  -45.249  60.118  8.947 0.0000000000
156079  -43.897  60.169  8.194 0.0000000000
156090  -41.847  60.007  7.171 0.0000000000
156094  -45.424  59.974  8.096 0.0000000000
156106  -42.924  60.487  6.538 0.0000000000
156126  -44.173  60.151  5.781 0.0000000000
156136  -42.486  60.408  4.241 0.0000000000
156137  -43.246  60.592  4.301 0.0000000000
156148  -40.003  60.635  3.511 0.0000000000
156152  -43.585  60.915  4.030 0.0000000000
156771  -38.087  61.600  5.015 0.0000000000
156776  -43.463  61.055  4.778 0.0000000000
156777  -43.593  60.858  4.721 0.0000000000
156815  -41.853  61.395  3.251 0.0000000000
156817  -43.364  61.224  3.886 0.0000000000
157474  -37.991  62.420  4.977 0.0000000000
157479  -42.631  62.155  3.837 0.0000000000
157514  -42.731  61.997  3.052 0.0000000000
