#!ascii label  , from subject _151 vox2ras=TkReg
1297
68152  -6.857  -15.749  53.590 0.0000000000
77332  -34.056  -9.558  37.693 0.0000000000
81824  -32.125  -5.952  38.326 0.0000000000
72968  -26.849  -11.888  42.360 0.0000000000
96493  -38.650  4.376  29.129 0.0000000000
93754  -31.995  2.699  34.599 0.0000000000
72978  -36.403  -12.196  41.524 0.0000000000
74489  -31.161  -11.100  40.091 0.0000000000
99076  -43.315  6.532  33.691 0.0000000000
103280  -45.554  9.233  30.124 0.0000000000
107525  -47.488  12.680  27.813 0.0000000000
89645  -34.014  -0.474  42.664 0.0000000000
88373  -30.112  -1.552  36.953 0.0000000000
96296  -33.700  3.978  42.248 0.0000000000
96360  -37.221  4.918  39.286 0.0000000000
75814  -19.374  -10.477  44.243 0.0000000000
66540  -3.903  -15.820  56.829 0.0000000000
80289  -35.767  -7.690  37.752 0.0000000000
83130  -35.325  -5.327  43.563 0.0000000000
75900  -22.416  -10.320  39.528 0.0000000000
74532  -26.202  -11.934  36.627 0.0000000000
107593  -47.466  12.597  21.121 0.0000000000
111602  -48.979  16.129  25.954 0.0000000000
93832  -36.775  2.492  31.578 0.0000000000
95070  -40.560  4.123  36.234 0.0000000000
68237  -9.108  -14.688  49.946 0.0000000000
59439  -1.918  -21.622  55.967 0.0000000000
100404  -44.621  7.823  31.423 0.0000000000
93639  -33.921  1.489  43.050 0.0000000000
74402  -16.839  -11.387  43.025 0.0000000000
66570  -5.317  -16.174  55.689 0.0000000000
77374  -36.067  -9.021  34.975 0.0000000000
77334  -35.466  -8.680  37.445 0.0000000000
74438  -24.749  -10.495  41.573 0.0000000000
74504  -24.521  -11.232  37.974 0.0000000000
74485  -26.659  -10.684  40.111 0.0000000000
75911  -32.900  -10.776  39.616 0.0000000000
75965  -30.461  -10.002  36.649 0.0000000000
75967  -32.291  -9.893  36.177 0.0000000000
72893  -25.651  -12.056  45.325 0.0000000000
75829  -23.416  -10.543  43.878 0.0000000000
103352  -42.218  9.330  24.723 0.0000000000
107579  -45.747  12.326  22.593 0.0000000000
110225  -48.205  14.862  26.619 0.0000000000
91098  -30.696  0.761  35.364 0.0000000000
93772  -34.416  3.213  32.992 0.0000000000
95039  -39.217  4.466  37.828 0.0000000000
72854  -14.032  -12.530  47.273 0.0000000000
72806  -12.107  -12.755  49.253 0.0000000000
72766  -10.910  -12.717  50.940 0.0000000000
66723  -10.156  -15.176  48.066 0.0000000000
59455  -3.895  -21.490  54.500 0.0000000000
75913  -35.223  -10.820  39.560 0.0000000000
75939  -37.616  -9.432  39.087 0.0000000000
75866  -38.571  -10.641  40.909 0.0000000000
71480  -29.343  -13.471  44.257 0.0000000000
74442  -29.224  -11.728  41.330 0.0000000000
70022  -31.873  -13.890  42.003 0.0000000000
72998  -33.813  -11.813  41.572 0.0000000000
97814  -41.400  4.844  30.804 0.0000000000
99122  -41.725  6.641  29.175 0.0000000000
101817  -43.376  8.718  28.460 0.0000000000
106286  -44.526  11.066  26.943 0.0000000000
107546  -45.602  12.153  25.391 0.0000000000
104823  -46.694  11.094  29.085 0.0000000000
86995  -32.628  -3.091  41.054 0.0000000000
84512  -30.534  -4.015  37.440 0.0000000000
88338  -32.096  -0.760  39.866 0.0000000000
92377  -31.875  1.502  38.869 0.0000000000
95033  -32.789  3.199  37.647 0.0000000000
95048  -34.539  3.752  37.324 0.0000000000
96336  -35.141  4.930  40.553 0.0000000000
75759  -17.773  -10.521  46.866 0.0000000000
74373  -15.670  -11.829  45.643 0.0000000000
111665  -51.500  16.057  21.241 0.0000000000
68084  -2.068  -15.402  56.886 0.0000000000
81902  -35.611  -7.626  35.423 0.0000000000
81840  -34.293  -6.632  37.933 0.0000000000
81844  -36.875  -7.449  39.968 0.0000000000
84491  -35.203  -6.115  40.513 0.0000000000
84479  -33.937  -5.254  41.139 0.0000000000
86950  -34.353  -2.440  43.879 0.0000000000
75929  -28.470  -10.447  38.666 0.0000000000
75805  -21.854  -10.620  45.914 0.0000000000
75845  -20.848  -10.198  42.483 0.0000000000
108882  -46.690  13.383  24.672 0.0000000000
110265  -47.679  14.441  23.361 0.0000000000
111663  -49.890  15.593  22.246 0.0000000000
113116  -50.273  17.295  24.605 0.0000000000
63657  -7.077  -18.233  51.380 0.0000000000
62222  -5.225  -19.320  53.618 0.0000000000
92532  -37.999  2.190  30.134 0.0000000000
95100  -37.022  3.443  35.013 0.0000000000
93759  -38.858  2.986  34.180 0.0000000000
92487  -40.648  2.395  31.889 0.0000000000
96418  -42.280  4.567  34.655 0.0000000000
68193  -7.842  -14.894  51.866 0.0000000000
62166  -4.543  -19.356  54.969 0.0000000000
62146  -2.385  -18.774  55.548 0.0000000000
62180  -0.911  -19.499  55.514 0.0000000000
66586  -6.129  -16.234  54.616 0.0000000000
77344  -34.041  -9.333  36.409 0.0000000000
77345  -34.872  -8.781  36.459 0.0000000000
77333  -34.792  -9.204  37.449 0.0000000000
74424  -25.766  -11.490  42.779 0.0000000000
74460  -25.682  -10.633  40.615 0.0000000000
74441  -26.992  -11.440  41.615 0.0000000000
75934  -33.394  -9.932  38.461 0.0000000000
75953  -32.252  -9.763  37.368 0.0000000000
75954  -33.182  -9.677  36.987 0.0000000000
75982  -32.993  -9.912  34.688 0.0000000000
71478  -27.765  -13.236  44.510 0.0000000000
71459  -26.845  -13.168  45.825 0.0000000000
72920  -26.362  -12.525  43.986 0.0000000000
74406  -25.358  -11.718  43.861 0.0000000000
106329  -45.059  11.679  22.763 0.0000000000
81854  -32.813  -6.730  36.649 0.0000000000
81853  -31.650  -6.466  36.402 0.0000000000
93739  -31.291  1.992  35.359 0.0000000000
92435  -31.591  2.155  33.088 0.0000000000
93770  -33.113  3.037  33.377 0.0000000000
71439  -12.876  -13.649  46.415 0.0000000000
72830  -13.032  -12.710  48.303 0.0000000000
71400  -11.540  -13.672  47.921 0.0000000000
69860  -11.359  -13.662  48.739 0.0000000000
68299  -10.933  -14.706  47.445 0.0000000000
74471  -36.283  -11.633  40.459 0.0000000000
75890  -36.939  -10.954  40.172 0.0000000000
72980  -38.046  -11.860  40.674 0.0000000000
66798  -30.915  -14.254  45.014 0.0000000000
69984  -30.620  -13.624  43.799 0.0000000000
68420  -31.723  -15.249  43.639 0.0000000000
72924  -35.478  -12.643  43.053 0.0000000000
71537  -34.554  -12.533  42.678 0.0000000000
72977  -35.275  -12.229  41.577 0.0000000000
74469  -34.490  -11.415  40.290 0.0000000000
97796  -42.418  4.985  31.435 0.0000000000
97834  -41.373  5.871  29.690 0.0000000000
97797  -43.018  5.862  31.379 0.0000000000
101787  -45.141  8.322  30.504 0.0000000000
100435  -44.037  7.764  29.822 0.0000000000
101819  -44.665  8.913  29.468 0.0000000000
104836  -43.871  9.952  27.646 0.0000000000
103322  -44.622  10.118  28.352 0.0000000000
104839  -45.843  10.875  27.995 0.0000000000
103303  -45.888  10.331  29.260 0.0000000000
88304  -33.691  -1.719  42.393 0.0000000000
86993  -31.855  -2.215  40.573 0.0000000000
89657  -33.733  -0.537  42.046 0.0000000000
94982  -33.593  3.134  42.878 0.0000000000
92344  -32.453  1.531  40.959 0.0000000000
93683  -32.743  2.895  40.407 0.0000000000
93700  -32.421  2.360  39.268 0.0000000000
95010  -33.216  3.563  40.841 0.0000000000
95026  -34.389  4.480  39.330 0.0000000000
96335  -34.322  4.601  40.903 0.0000000000
75784  -20.684  -10.574  46.782 0.0000000000
75761  -19.707  -10.388  47.600 0.0000000000
75802  -18.538  -10.476  45.068 0.0000000000
74388  -16.283  -11.645  44.121 0.0000000000
113153  -52.076  17.003  22.175 0.0000000000
113177  -53.073  17.150  21.063 0.0000000000
68085  -2.954  -15.151  56.913 0.0000000000
78817  -35.545  -8.231  35.944 0.0000000000
78834  -36.192  -8.501  34.909 0.0000000000
81879  -35.442  -7.749  36.141 0.0000000000
81878  -35.187  -7.541  35.964 0.0000000000
81841  -35.220  -7.056  38.113 0.0000000000
78766  -38.160  -8.491  40.470 0.0000000000
78781  -37.400  -8.509  39.170 0.0000000000
80272  -37.790  -7.835  40.894 0.0000000000
84445  -36.389  -6.078  43.112 0.0000000000
84482  -36.147  -6.563  41.776 0.0000000000
84464  -35.328  -5.721  41.987 0.0000000000
84480  -34.878  -5.512  40.989 0.0000000000
84442  -34.208  -4.805  43.055 0.0000000000
84441  -33.703  -4.088  42.414 0.0000000000
85680  -34.910  -3.513  44.478 0.0000000000
74516  -25.324  -11.874  37.283 0.0000000000
74444  -30.407  -12.136  41.273 0.0000000000
75885  -28.628  -10.759  40.284 0.0000000000
75908  -29.860  -10.664  39.262 0.0000000000
74549  -29.466  -10.889  35.686 0.0000000000
74365  -23.524  -11.432  46.616 0.0000000000
75861  -22.564  -9.848  41.560 0.0000000000
75846  -21.890  -10.173  42.568 0.0000000000
75860  -21.453  -10.059  41.536 0.0000000000
74459  -20.399  -10.862  40.405 0.0000000000
106289  -46.473  12.319  26.640 0.0000000000
107547  -46.230  12.803  25.283 0.0000000000
107548  -46.859  13.346  25.598 0.0000000000
111601  -48.547  15.524  26.186 0.0000000000
110242  -48.085  15.058  25.522 0.0000000000
111635  -48.789  15.654  24.407 0.0000000000
110275  -49.184  15.326  22.551 0.0000000000
111636  -49.391  16.036  23.913 0.0000000000
111637  -49.991  16.410  23.436 0.0000000000
113115  -49.734  16.648  24.805 0.0000000000
87028  -30.335  -2.262  37.391 0.0000000000
84541  -29.983  -4.409  35.754 0.0000000000
92531  -37.410  2.068  29.606 0.0000000000
92482  -37.479  1.971  30.914 0.0000000000
95036  -36.054  4.535  38.097 0.0000000000
95065  -35.525  3.721  36.426 0.0000000000
95050  -36.921  4.278  37.402 0.0000000000
95053  -39.987  4.206  37.323 0.0000000000
95084  -39.055  3.329  35.549 0.0000000000
95085  -40.224  3.306  35.128 0.0000000000
93806  -39.606  2.215  32.549 0.0000000000
95102  -40.597  2.970  33.843 0.0000000000
95141  -41.768  3.397  32.969 0.0000000000
95086  -41.439  4.032  35.435 0.0000000000
69824  -9.684  -13.638  50.613 0.0000000000
69823  -9.002  -13.794  51.117 0.0000000000
71327  -8.499  -13.955  52.425 0.0000000000
68215  -8.085  -15.231  51.291 0.0000000000
65153  -7.974  -17.235  50.861 0.0000000000
65168  -8.335  -17.280  49.667 0.0000000000
60824  -5.075  -20.215  53.602 0.0000000000
62184  -4.859  -19.272  54.712 0.0000000000
59457  -4.533  -20.644  54.083 0.0000000000
59440  -2.619  -21.051  55.326 0.0000000000
60773  -3.442  -20.032  55.210 0.0000000000
60754  -2.613  -19.965  55.344 0.0000000000
62163  -1.668  -18.675  55.710 0.0000000000
60788  -1.417  -20.126  55.632 0.0000000000
71462  -33.216  -14.468  44.770 0.0000000000
100347  -43.786  7.310  35.185 0.0000000000
100371  -43.648  7.315  33.047 0.0000000000
100372  -44.189  7.954  33.579 0.0000000000
90990  -34.051  0.336  42.980 0.0000000000
75825  -19.155  -10.537  43.176 0.0000000000
75813  -18.385  -10.639  44.013 0.0000000000
68073  -5.113  -14.527  57.114 0.0000000000
66541  -4.556  -15.633  56.665 0.0000000000
77390  -35.257  -9.781  33.668 0.0000000000
77358  -35.408  -8.728  35.630 0.0000000000
78806  -35.750  -8.104  37.094 0.0000000000
85682  -35.719  -3.642  44.881 0.0000000000
75879  -23.095  -9.936  40.409 0.0000000000
75901  -23.453  -10.421  39.262 0.0000000000
75902  -24.545  -10.431  39.384 0.0000000000
75926  -25.834  -10.810  38.769 0.0000000000
75927  -26.625  -10.683  38.626 0.0000000000
74490  -32.130  -11.298  40.127 0.0000000000
75909  -30.662  -10.638  39.279 0.0000000000
75933  -32.058  -9.956  38.561 0.0000000000
75966  -31.344  -9.801  36.415 0.0000000000
75992  -32.510  -10.626  34.457 0.0000000000
72876  -25.031  -11.954  46.061 0.0000000000
74378  -23.697  -11.344  45.680 0.0000000000
74392  -24.866  -11.423  44.518 0.0000000000
75848  -24.015  -10.421  42.968 0.0000000000
101858  -41.463  8.427  25.427 0.0000000000
107580  -46.534  12.748  21.983 0.0000000000
108818  -48.713  13.598  29.328 0.0000000000
110203  -47.822  14.121  27.300 0.0000000000
89741  -30.875  -0.141  36.732 0.0000000000
93851  -34.094  2.444  31.141 0.0000000000
93831  -35.561  2.692  31.762 0.0000000000
97698  -38.051  5.219  40.757 0.0000000000
96361  -38.152  4.913  39.229 0.0000000000
96341  -39.407  5.047  39.948 0.0000000000
72855  -15.251  -11.885  47.743 0.0000000000
72832  -15.140  -11.718  48.768 0.0000000000
72787  -13.178  -11.801  50.419 0.0000000000
72785  -11.338  -12.640  50.023 0.0000000000
69843  -10.605  -13.741  49.484 0.0000000000
68258  -9.335  -14.896  49.150 0.0000000000
65169  -8.611  -16.609  49.066 0.0000000000
66722  -9.747  -16.271  48.099 0.0000000000
75936  -35.427  -9.982  39.031 0.0000000000
75937  -36.354  -9.912  38.916 0.0000000000
75914  -36.237  -10.707  39.461 0.0000000000
75891  -37.989  -10.463  40.067 0.0000000000
71503  -28.150  -13.124  43.646 0.0000000000
71578  -28.090  -12.138  42.091 0.0000000000
71533  -29.472  -13.104  43.032 0.0000000000
72947  -30.572  -12.773  42.512 0.0000000000
72996  -31.376  -12.076  41.394 0.0000000000
71507  -32.648  -13.676  43.655 0.0000000000
72949  -32.791  -12.565  42.845 0.0000000000
74467  -32.417  -11.477  41.103 0.0000000000
75886  -33.221  -11.162  40.260 0.0000000000
75912  -34.115  -10.568  39.696 0.0000000000
69934  -28.912  -13.999  45.357 0.0000000000
96495  -39.797  4.527  30.137 0.0000000000
97862  -38.567  5.190  27.913 0.0000000000
97851  -40.414  6.114  28.981 0.0000000000
99138  -40.750  6.698  28.324 0.0000000000
100465  -41.210  7.549  27.748 0.0000000000
99111  -43.140  7.138  30.461 0.0000000000
100433  -42.581  7.597  29.149 0.0000000000
101831  -41.612  8.300  27.250 0.0000000000
103330  -42.229  9.073  26.710 0.0000000000
104853  -43.458  10.673  25.924 0.0000000000
104854  -43.789  11.046  25.234 0.0000000000
106305  -45.007  11.774  24.724 0.0000000000
106287  -45.256  11.535  26.630 0.0000000000
106273  -46.112  11.455  27.500 0.0000000000
106255  -46.966  11.790  28.313 0.0000000000
104773  -47.405  10.687  31.252 0.0000000000
107487  -48.324  12.412  29.580 0.0000000000
84489  -32.181  -4.779  39.723 0.0000000000
83203  -31.451  -4.888  38.340 0.0000000000
85760  -31.628  -3.783  39.533 0.0000000000
87017  -31.329  -2.429  39.340 0.0000000000
88361  -30.981  -1.162  38.042 0.0000000000
91001  -33.033  0.614  41.548 0.0000000000
89684  -32.108  -0.148  39.479 0.0000000000
89724  -31.090  -0.223  37.656 0.0000000000
92387  -31.381  1.406  37.508 0.0000000000
93720  -31.616  2.121  36.948 0.0000000000
93733  -32.796  3.092  36.465 0.0000000000
95063  -33.517  3.409  35.840 0.0000000000
95047  -33.406  3.353  37.017 0.0000000000
95035  -34.700  4.398  38.482 0.0000000000
96359  -36.315  4.939  39.474 0.0000000000
97647  -36.664  5.626  42.223 0.0000000000
97671  -37.399  5.548  41.457 0.0000000000
75737  -17.857  -10.562  47.899 0.0000000000
75801  -17.620  -10.749  44.810 0.0000000000
74341  -16.894  -10.869  46.544 0.0000000000
74340  -16.318  -11.423  47.245 0.0000000000
72874  -15.176  -12.106  46.536 0.0000000000
81855  -33.880  -6.985  36.775 0.0000000000
81839  -33.258  -6.484  37.834 0.0000000000
77323  -36.352  -8.988  38.486 0.0000000000
78795  -36.930  -8.116  38.918 0.0000000000
81842  -36.151  -7.088  38.747 0.0000000000
83192  -35.847  -6.602  40.671 0.0000000000
83222  -35.820  -6.646  39.187 0.0000000000
81827  -34.660  -6.480  38.560 0.0000000000
83190  -33.742  -5.702  39.805 0.0000000000
83189  -32.763  -5.290  39.967 0.0000000000
85740  -32.654  -3.847  40.751 0.0000000000
85714  -33.472  -3.176  42.269 0.0000000000
88282  -34.411  -1.682  43.857 0.0000000000
86952  -35.251  -2.541  44.778 0.0000000000
89636  -35.098  -1.354  44.646 0.0000000000
75884  -27.824  -10.775  40.402 0.0000000000
75928  -27.571  -10.468  38.732 0.0000000000
74518  -27.552  -10.795  37.200 0.0000000000
75950  -29.549  -10.442  37.683 0.0000000000
74534  -28.430  -10.800  36.575 0.0000000000
75785  -21.464  -10.954  47.082 0.0000000000
75804  -20.611  -10.475  45.595 0.0000000000
75817  -22.554  -10.752  44.738 0.0000000000
75816  -21.465  -10.536  44.631 0.0000000000
75826  -20.147  -10.344  43.375 0.0000000000
75858  -19.709  -10.769  41.448 0.0000000000
107556  -45.563  12.332  24.457 0.0000000000
107571  -46.112  12.925  23.048 0.0000000000
108908  -46.612  13.398  22.707 0.0000000000
110241  -47.670  14.397  25.879 0.0000000000
108894  -47.138  13.911  24.148 0.0000000000
108918  -47.665  14.168  22.033 0.0000000000
110282  -48.545  14.318  21.469 0.0000000000
110283  -49.464  14.795  21.254 0.0000000000
110299  -50.474  14.405  20.401 0.0000000000
111664  -50.571  15.691  21.738 0.0000000000
113151  -50.974  16.771  23.067 0.0000000000
65104  -6.616  -17.416  52.796 0.0000000000
65103  -6.190  -17.496  53.468 0.0000000000
62224  -5.750  -18.775  52.482 0.0000000000
83236  -30.859  -5.505  36.639 0.0000000000
93869  -38.115  2.673  29.820 0.0000000000
95079  -34.413  3.490  35.158 0.0000000000
95117  -35.804  3.430  33.737 0.0000000000
93773  -36.499  3.367  33.887 0.0000000000
95051  -38.005  4.224  37.113 0.0000000000
93758  -37.861  3.235  34.577 0.0000000000
93804  -37.530  2.725  32.569 0.0000000000
93834  -38.687  2.038  31.700 0.0000000000
92511  -39.409  2.427  31.264 0.0000000000
95181  -39.319  3.772  30.706 0.0000000000
95163  -40.968  3.401  31.612 0.0000000000
96441  -42.144  3.923  32.623 0.0000000000
97762  -42.628  5.062  34.033 0.0000000000
71291  -7.502  -13.874  54.168 0.0000000000
71310  -8.361  -13.586  53.340 0.0000000000
68175  -7.300  -15.462  53.000 0.0000000000
66638  -7.340  -16.484  51.921 0.0000000000
63658  -7.634  -17.793  51.095 0.0000000000
65082  -5.417  -17.636  54.405 0.0000000000
65062  -5.010  -17.342  55.198 0.0000000000
63523  -3.905  -17.510  55.581 0.0000000000
60789  -4.275  -20.129  54.762 0.0000000000
62148  -3.475  -18.333  55.527 0.0000000000
64989  -2.898  -16.807  56.330 0.0000000000
65021  -1.731  -17.555  56.635 0.0000000000
65043  -1.096  -17.485  56.795 0.0000000000
58094  -1.809  -22.394  55.555 0.0000000000
60787  -1.144  -20.388  55.459 0.0000000000
69757  -7.092  -14.552  54.765 0.0000000000
68130  -6.714  -15.431  54.329 0.0000000000
74425  -26.389  -11.764  42.472 0.0000000000
74440  -26.468  -11.452  41.731 0.0000000000
77320  -34.179  -9.757  38.408 0.0000000000
71502  -27.219  -12.786  43.616 0.0000000000
72943  -26.450  -12.189  43.035 0.0000000000
72942  -26.107  -11.894  43.127 0.0000000000
106328  -44.483  11.353  23.318 0.0000000000
81838  -32.068  -6.272  37.657 0.0000000000
93753  -31.426  2.235  34.837 0.0000000000
92421  -31.595  2.014  34.119 0.0000000000
93769  -32.288  2.602  33.710 0.0000000000
93799  -32.520  2.560  32.810 0.0000000000
93755  -32.798  3.132  34.277 0.0000000000
69910  -12.493  -14.141  46.336 0.0000000000
71422  -12.427  -13.548  47.061 0.0000000000
69895  -11.973  -14.205  46.900 0.0000000000
69894  -11.383  -14.160  47.489 0.0000000000
74448  -36.635  -11.646  40.757 0.0000000000
72979  -37.304  -12.120  41.083 0.0000000000
66799  -31.351  -14.610  45.179 0.0000000000
66826  -31.168  -14.662  44.568 0.0000000000
66828  -31.871  -15.474  44.826 0.0000000000
72952  -35.919  -12.422  42.621 0.0000000000
72951  -35.328  -12.470  42.535 0.0000000000
74447  -36.055  -11.907  40.914 0.0000000000
68361  -30.810  -14.529  45.691 0.0000000000
97781  -42.765  5.414  32.299 0.0000000000
99084  -43.209  6.445  32.414 0.0000000000
103260  -45.679  9.145  31.094 0.0000000000
101802  -44.974  8.892  29.813 0.0000000000
103302  -44.916  9.711  29.128 0.0000000000
104821  -45.437  10.390  28.894 0.0000000000
103281  -46.149  9.815  29.759 0.0000000000
88320  -33.933  -1.021  42.326 0.0000000000
88319  -33.473  -1.185  41.830 0.0000000000
94993  -33.289  3.361  41.852 0.0000000000
93666  -33.004  2.431  41.429 0.0000000000
96356  -33.781  4.255  40.506 0.0000000000
96313  -34.048  4.436  41.672 0.0000000000
75803  -19.542  -10.457  45.326 0.0000000000
75783  -19.654  -10.515  46.449 0.0000000000
114675  -52.129  17.509  22.673 0.0000000000
113176  -52.407  16.836  21.482 0.0000000000
114686  -52.556  17.376  22.106 0.0000000000
68072  -4.461  -14.828  57.309 0.0000000000
68071  -3.783  -15.009  57.313 0.0000000000
69715  -3.411  -14.665  57.324 0.0000000000
68070  -3.291  -15.290  56.974 0.0000000000
80299  -35.603  -7.881  36.584 0.0000000000
80298  -35.509  -7.687  37.052 0.0000000000
81857  -35.269  -7.496  36.876 0.0000000000
80288  -35.421  -7.502  37.441 0.0000000000
78783  -38.036  -8.167  40.512 0.0000000000
80261  -38.093  -8.402  41.626 0.0000000000
84424  -35.848  -5.402  43.684 0.0000000000
84444  -35.690  -5.842  42.811 0.0000000000
83144  -35.391  -5.614  43.200 0.0000000000
84443  -34.959  -5.623  42.713 0.0000000000
83143  -34.895  -5.395  43.325 0.0000000000
84422  -34.717  -4.660  43.833 0.0000000000
75899  -21.538  -10.485  39.752 0.0000000000
74465  -30.630  -11.749  40.774 0.0000000000
74487  -29.673  -11.006  39.738 0.0000000000
74488  -30.241  -11.205  39.847 0.0000000000
75878  -21.981  -10.040  40.519 0.0000000000
107594  -47.983  13.090  20.851 0.0000000000
107541  -46.851  12.884  26.538 0.0000000000
111618  -48.607  15.625  25.252 0.0000000000
111619  -49.230  16.064  25.017 0.0000000000
113101  -49.602  16.593  25.754 0.0000000000
87037  -30.000  -2.447  36.616 0.0000000000
93853  -35.880  2.230  30.855 0.0000000000
92507  -36.166  1.728  30.097 0.0000000000
93854  -36.687  2.125  30.673 0.0000000000
96375  -36.677  4.752  38.589 0.0000000000
95037  -36.687  4.589  37.996 0.0000000000
96389  -37.121  4.599  38.008 0.0000000000
95069  -39.557  3.797  36.297 0.0000000000
95103  -41.238  3.475  34.286 0.0000000000
69841  -9.415  -14.093  50.286 0.0000000000
69840  -8.842  -14.368  50.572 0.0000000000
69822  -8.489  -14.446  51.197 0.0000000000
68236  -8.472  -15.134  50.364 0.0000000000
66672  -8.143  -16.196  50.540 0.0000000000
66693  -8.484  -16.058  49.625 0.0000000000
60805  -4.773  -19.995  54.042 0.0000000000
60772  -1.983  -20.109  55.504 0.0000000000
92262  -34.143  1.336  44.533 0.0000000000
75842  -18.362  -10.916  42.321 0.0000000000
66560  -5.827  -15.124  56.231 0.0000000000
68088  -5.611  -14.513  56.604 0.0000000000
68087  -5.299  -14.939  56.665 0.0000000000
66542  -5.046  -15.317  56.602 0.0000000000
66558  -4.870  -16.072  56.134 0.0000000000
77372  -34.337  -9.684  34.109 0.0000000000
77346  -35.303  -8.516  36.478 0.0000000000
78805  -35.541  -8.334  36.758 0.0000000000
78793  -35.764  -8.319  37.473 0.0000000000
75880  -24.148  -10.254  40.309 0.0000000000
75863  -24.675  -10.484  41.017 0.0000000000
74461  -26.309  -10.852  40.623 0.0000000000
75903  -25.432  -10.532  39.460 0.0000000000
75904  -26.262  -10.625  39.640 0.0000000000
75910  -31.654  -10.600  39.387 0.0000000000
75980  -31.504  -10.299  35.335 0.0000000000
75991  -31.920  -10.654  34.825 0.0000000000
75981  -32.370  -10.210  35.203 0.0000000000
75993  -33.427  -10.461  33.988 0.0000000000
72894  -26.345  -12.630  45.595 0.0000000000
72878  -26.402  -12.981  46.168 0.0000000000
72877  -25.812  -12.637  46.533 0.0000000000
72892  -25.126  -11.761  45.472 0.0000000000
74393  -25.401  -11.755  44.616 0.0000000000
74423  -24.822  -10.626  42.327 0.0000000000
75862  -23.928  -10.153  41.610 0.0000000000
103351  -41.724  9.025  25.223 0.0000000000
91084  -30.874  0.682  36.260 0.0000000000
89759  -30.446  0.015  35.894 0.0000000000
91097  -30.308  0.076  34.968 0.0000000000
93801  -34.147  2.861  32.471 0.0000000000
93830  -34.561  2.674  31.779 0.0000000000
93802  -35.056  3.098  32.598 0.0000000000
97699  -39.058  5.166  40.778 0.0000000000
96340  -38.573  4.977  40.004 0.0000000000
96379  -40.418  4.735  38.502 0.0000000000
72831  -14.295  -12.213  48.539 0.0000000000
72829  -12.251  -13.001  48.581 0.0000000000
72807  -13.470  -12.057  49.611 0.0000000000
72786  -12.398  -12.093  50.386 0.0000000000
69859  -10.845  -13.906  48.911 0.0000000000
69858  -10.440  -14.031  49.172 0.0000000000
68259  -9.960  -14.368  48.961 0.0000000000
66696  -10.090  -14.721  48.437 0.0000000000
66695  -9.696  -15.178  48.468 0.0000000000
74473  -38.159  -11.197  40.456 0.0000000000
71504  -29.008  -13.277  43.686 0.0000000000
71532  -28.602  -12.996  42.832 0.0000000000
68436  -30.867  -14.416  42.771 0.0000000000
71534  -30.370  -13.146  43.199 0.0000000000
71535  -31.067  -13.179  42.769 0.0000000000
72973  -31.163  -12.562  42.110 0.0000000000
71557  -31.677  -13.235  42.460 0.0000000000
71483  -33.906  -13.597  44.637 0.0000000000
71482  -33.029  -14.090  44.402 0.0000000000
72976  -34.293  -12.155  42.036 0.0000000000
72950  -33.736  -12.533  42.929 0.0000000000
72975  -33.314  -12.013  42.166 0.0000000000
74445  -32.943  -11.641  41.661 0.0000000000
74446  -33.409  -11.668  41.610 0.0000000000
74491  -32.851  -11.273  40.366 0.0000000000
74468  -33.480  -11.378  40.955 0.0000000000
74493  -35.093  -11.289  39.908 0.0000000000
74492  -34.714  -10.962  39.894 0.0000000000
75935  -34.497  -9.941  39.055 0.0000000000
69935  -29.582  -14.111  45.147 0.0000000000
69954  -29.205  -13.692  44.659 0.0000000000
71479  -28.637  -13.481  44.476 0.0000000000
97813  -40.592  4.489  30.543 0.0000000000
97833  -40.131  5.023  29.882 0.0000000000
97835  -42.145  6.353  29.717 0.0000000000
99154  -40.952  7.111  28.053 0.0000000000
99140  -41.878  7.086  28.899 0.0000000000
100384  -43.704  7.384  31.931 0.0000000000
100403  -43.836  7.417  30.959 0.0000000000
100451  -43.736  8.186  29.281 0.0000000000
100450  -42.891  8.030  28.910 0.0000000000
101816  -42.600  8.308  28.208 0.0000000000
100466  -41.944  8.111  27.883 0.0000000000
101832  -42.396  8.685  27.486 0.0000000000
103319  -42.604  9.048  27.289 0.0000000000
104846  -43.772  10.318  27.013 0.0000000000
106295  -43.999  10.883  26.577 0.0000000000
106296  -44.230  11.390  26.038 0.0000000000
106254  -46.321  11.183  28.323 0.0000000000
106234  -48.098  11.786  29.823 0.0000000000
85748  -32.407  -3.895  40.394 0.0000000000
84501  -31.746  -4.327  39.316 0.0000000000
87004  -31.934  -3.090  40.342 0.0000000000
88330  -32.268  -1.231  40.521 0.0000000000
88337  -31.567  -1.522  39.913 0.0000000000
88352  -31.231  -1.421  38.940 0.0000000000
89683  -31.645  -0.728  39.340 0.0000000000
92316  -33.784  0.739  42.383 0.0000000000
91002  -33.642  0.226  42.128 0.0000000000
92315  -33.377  1.254  41.955 0.0000000000
92365  -32.175  1.524  40.036 0.0000000000
91020  -32.142  0.875  40.556 0.0000000000
91043  -32.041  0.669  39.756 0.0000000000
91063  -31.731  0.358  39.024 0.0000000000
91062  -31.413  0.678  38.163 0.0000000000
92376  -31.586  1.421  38.128 0.0000000000
93709  -32.286  2.774  38.355 0.0000000000
93708  -31.705  2.085  37.895 0.0000000000
93721  -32.398  2.736  37.236 0.0000000000
93732  -31.982  2.743  36.264 0.0000000000
95046  -32.873  3.103  37.218 0.0000000000
95034  -33.286  3.510  38.363 0.0000000000
96357  -34.516  4.542  39.990 0.0000000000
96358  -35.449  4.824  39.755 0.0000000000
96374  -35.668  4.791  38.920 0.0000000000
96337  -36.038  5.136  40.320 0.0000000000
97627  -36.925  5.604  43.366 0.0000000000
97672  -38.425  5.432  41.664 0.0000000000
75760  -18.715  -10.425  47.226 0.0000000000
75812  -17.409  -10.879  43.769 0.0000000000
74374  -16.083  -11.633  45.153 0.0000000000
74362  -16.841  -11.038  45.532 0.0000000000
74361  -16.006  -11.525  46.218 0.0000000000
72875  -15.713  -11.716  47.057 0.0000000000
74360  -15.503  -11.945  45.924 0.0000000000
68083  -1.514  -15.972  56.680 0.0000000000
77392  -37.079  -9.199  33.632 0.0000000000
80332  -36.012  -7.808  34.486 0.0000000000
81856  -34.735  -7.216  36.874 0.0000000000
83220  -33.900  -6.290  38.389 0.0000000000
77322  -35.530  -9.356  38.323 0.0000000000
75938  -37.197  -9.654  38.955 0.0000000000
78796  -37.353  -8.058  39.477 0.0000000000
80291  -36.927  -7.746  39.459 0.0000000000
80290  -36.486  -7.668  38.716 0.0000000000
81843  -36.610  -7.301  39.429 0.0000000000
84481  -35.532  -6.116  41.413 0.0000000000
84492  -35.735  -6.502  40.868 0.0000000000
84502  -35.488  -6.372  40.315 0.0000000000
83207  -35.134  -6.374  39.474 0.0000000000
83175  -34.134  -5.540  40.477 0.0000000000
83174  -33.430  -5.330  40.493 0.0000000000
83205  -33.191  -6.044  38.945 0.0000000000
83173  -33.038  -5.186  40.514 0.0000000000
84478  -33.017  -4.744  41.004 0.0000000000
85715  -33.957  -3.565  42.979 0.0000000000
86971  -33.951  -2.415  43.140 0.0000000000
86939  -35.786  -2.760  45.247 0.0000000000
85695  -35.336  -3.163  44.739 0.0000000000
89618  -35.101  -0.889  44.661 0.0000000000
75924  -24.117  -10.746  38.611 0.0000000000
74503  -23.198  -11.410  38.287 0.0000000000
74514  -23.527  -12.151  37.792 0.0000000000
72970  -28.629  -12.189  41.810 0.0000000000
72994  -27.942  -11.674  41.720 0.0000000000
74463  -28.457  -11.244  41.097 0.0000000000
75907  -29.111  -10.609  39.550 0.0000000000
75906  -28.132  -10.528  39.584 0.0000000000
75948  -27.926  -10.452  37.881 0.0000000000
75932  -30.970  -10.056  38.544 0.0000000000
75931  -30.105  -10.338  38.506 0.0000000000
75951  -30.306  -10.098  37.615 0.0000000000
74376  -22.153  -11.113  46.690 0.0000000000
74391  -23.952  -11.069  44.590 0.0000000000
74390  -23.119  -11.076  45.167 0.0000000000
75818  -23.259  -10.856  44.597 0.0000000000
75828  -22.247  -10.474  43.652 0.0000000000
75827  -21.163  -10.301  43.521 0.0000000000
75844  -19.892  -10.418  42.358 0.0000000000
75859  -20.522  -10.361  41.549 0.0000000000
106318  -44.881  11.959  23.768 0.0000000000
107557  -46.122  12.874  24.097 0.0000000000
108893  -46.576  13.426  23.650 0.0000000000
110224  -47.693  14.274  26.883 0.0000000000
110255  -48.124  15.207  24.444 0.0000000000
110254  -47.628  14.502  24.760 0.0000000000
110273  -47.663  14.264  22.447 0.0000000000
110274  -48.284  14.617  22.215 0.0000000000
110284  -50.842  15.239  20.871 0.0000000000
113133  -50.577  17.030  23.593 0.0000000000
111651  -50.559  16.272  22.735 0.0000000000
113134  -51.179  17.153  23.206 0.0000000000
114657  -50.749  17.634  24.207 0.0000000000
65121  -6.887  -17.514  51.965 0.0000000000
63632  -6.498  -18.227  52.292 0.0000000000
84513  -30.913  -4.287  37.919 0.0000000000
84527  -30.850  -4.925  37.349 0.0000000000
93868  -37.648  2.421  29.482 0.0000000000
93877  -37.498  2.501  28.978 0.0000000000
95064  -34.478  3.569  36.211 0.0000000000
95081  -36.333  3.651  35.616 0.0000000000
95080  -35.379  3.593  35.415 0.0000000000
95099  -36.230  3.526  34.584 0.0000000000
93757  -36.912  3.363  34.322 0.0000000000
96377  -38.683  4.703  38.485 0.0000000000
95052  -38.950  4.200  37.095 0.0000000000
93743  -38.557  3.126  34.969 0.0000000000
93775  -38.252  2.865  33.423 0.0000000000
93833  -37.945  2.108  31.700 0.0000000000
93805  -38.704  2.492  32.382 0.0000000000
92461  -40.460  2.126  32.400 0.0000000000
92485  -39.703  1.969  31.626 0.0000000000
92512  -40.042  2.378  31.481 0.0000000000
93856  -39.261  2.965  30.866 0.0000000000
95162  -39.709  3.264  31.206 0.0000000000
95182  -39.989  3.523  31.191 0.0000000000
93858  -40.416  2.914  31.557 0.0000000000
95104  -41.908  3.986  34.475 0.0000000000
96427  -42.319  4.269  33.747 0.0000000000
97768  -42.640  4.792  33.042 0.0000000000
69806  -8.199  -14.420  51.937 0.0000000000
69788  -8.226  -14.258  52.634 0.0000000000
69805  -7.903  -14.601  52.318 0.0000000000
69787  -7.766  -14.570  52.981 0.0000000000
68192  -7.578  -15.202  52.277 0.0000000000
66637  -7.293  -15.997  52.393 0.0000000000
66655  -7.506  -15.848  51.910 0.0000000000
63680  -7.722  -18.363  50.336 0.0000000000
63604  -5.480  -18.302  53.681 0.0000000000
65083  -5.853  -17.332  54.022 0.0000000000
63578  -5.403  -17.963  54.031 0.0000000000
63557  -4.898  -18.284  54.920 0.0000000000
63556  -4.577  -18.023  55.178 0.0000000000
65045  -5.039  -16.861  55.316 0.0000000000
63539  -4.268  -17.706  55.409 0.0000000000
59456  -4.279  -20.826  54.356 0.0000000000
59442  -3.817  -20.656  54.679 0.0000000000
60755  -3.054  -19.618  55.365 0.0000000000
60756  -3.467  -19.276  55.423 0.0000000000
62147  -3.048  -18.567  55.581 0.0000000000
62130  -2.791  -17.616  55.846 0.0000000000
63506  -2.800  -17.230  56.103 0.0000000000
65003  -2.592  -16.867  56.363 0.0000000000
63521  -2.190  -17.732  56.115 0.0000000000
63554  -1.207  -19.019  55.633 0.0000000000
63536  -1.335  -18.351  56.175 0.0000000000
63535  -0.983  -18.309  56.222 0.0000000000
65060  -0.720  -17.754  56.175 0.0000000000
59454  -1.452  -21.336  55.719 0.0000000000
66571  -5.921  -15.592  55.675 0.0000000000
77357  -34.681  -9.235  35.373 0.0000000000
74439  -25.473  -10.785  41.373 0.0000000000
74486  -26.928  -10.826  40.391 0.0000000000
75968  -33.070  -9.709  35.745 0.0000000000
77356  -33.719  -9.457  35.051 0.0000000000
71460  -27.549  -13.498  45.456 0.0000000000
71477  -26.986  -12.761  44.848 0.0000000000
72908  -26.296  -12.306  44.816 0.0000000000
72907  -25.818  -12.115  44.329 0.0000000000
72919  -25.971  -12.031  43.519 0.0000000000
103353  -42.964  9.737  24.248 0.0000000000
81876  -33.459  -7.248  35.685 0.0000000000
92408  -31.110  1.389  35.736 0.0000000000
92420  -30.972  1.551  34.786 0.0000000000
92434  -30.746  1.303  33.605 0.0000000000
93800  -33.359  2.721  32.598 0.0000000000
95114  -33.625  3.290  33.437 0.0000000000
71423  -13.231  -13.168  46.944 0.0000000000
72853  -13.296  -12.906  47.552 0.0000000000
71402  -12.818  -13.113  47.589 0.0000000000
71401  -12.116  -13.266  48.009 0.0000000000
71379  -11.810  -13.309  48.728 0.0000000000
69878  -11.566  -13.561  48.385 0.0000000000
69877  -11.068  -13.998  48.167 0.0000000000
68278  -10.519  -14.566  48.002 0.0000000000
66745  -10.637  -15.999  47.228 0.0000000000
75889  -36.197  -11.291  40.072 0.0000000000
75865  -36.727  -11.325  40.460 0.0000000000
73001  -37.361  -11.583  40.513 0.0000000000
69955  -29.936  -13.780  44.500 0.0000000000
69983  -30.277  -13.348  43.986 0.0000000000
69956  -30.599  -13.908  44.254 0.0000000000
68418  -30.735  -14.521  43.147 0.0000000000
69985  -31.705  -14.527  42.829 0.0000000000
71509  -34.345  -13.124  43.495 0.0000000000
71538  -35.012  -12.754  42.952 0.0000000000
71559  -34.805  -12.315  42.178 0.0000000000
72999  -34.383  -11.918  41.116 0.0000000000
73000  -34.920  -12.025  40.677 0.0000000000
74470  -35.542  -11.780  40.330 0.0000000000
68360  -30.092  -14.383  45.261 0.0000000000
97795  -41.963  4.499  31.405 0.0000000000
97815  -42.402  5.755  30.463 0.0000000000
99110  -42.620  6.649  30.118 0.0000000000
100405  -45.055  8.054  31.063 0.0000000000
100422  -44.572  7.761  30.419 0.0000000000
101786  -44.853  8.026  30.190 0.0000000000
101801  -44.608  8.246  29.769 0.0000000000
103301  -43.885  9.259  28.460 0.0000000000
103320  -43.221  9.338  27.627 0.0000000000
104837  -44.364  10.312  27.751 0.0000000000
106271  -44.729  10.719  27.529 0.0000000000
106272  -45.276  11.041  27.480 0.0000000000
104838  -45.157  10.491  28.233 0.0000000000
104822  -45.934  10.763  28.741 0.0000000000
103304  -46.306  10.645  29.176 0.0000000000
86985  -33.103  -2.290  41.611 0.0000000000
86994  -32.263  -2.309  40.846 0.0000000000
86984  -32.709  -1.984  41.269 0.0000000000
88318  -32.786  -1.397  41.264 0.0000000000
89655  -32.693  -0.618  40.937 0.0000000000
93656  -33.555  2.030  42.370 0.0000000000
92366  -32.571  2.263  39.999 0.0000000000
93701  -32.731  3.114  39.442 0.0000000000
93710  -32.582  3.038  38.891 0.0000000000
95025  -33.541  4.011  39.643 0.0000000000
96314  -34.973  4.975  41.533 0.0000000000
75762  -20.797  -10.716  48.047 0.0000000000
75782  -18.657  -10.588  46.139 0.0000000000
74389  -16.844  -11.246  43.893 0.0000000000
72890  -15.158  -12.366  45.239 0.0000000000
113175  -51.698  16.627  21.892 0.0000000000
111666  -52.194  16.298  20.829 0.0000000000
113200  -52.746  16.641  20.805 0.0000000000
113201  -53.513  16.799  20.540 0.0000000000
77359  -35.887  -8.636  35.337 0.0000000000
77391  -36.163  -9.248  33.825 0.0000000000
80310  -35.744  -7.932  35.556 0.0000000000
77325  -37.674  -9.075  39.445 0.0000000000
78782  -37.737  -8.393  39.998 0.0000000000
80281  -37.815  -7.970  40.359 0.0000000000
80271  -37.355  -7.583  40.550 0.0000000000
84466  -36.859  -6.683  42.614 0.0000000000
84465  -36.004  -6.189  42.296 0.0000000000
84463  -34.553  -5.263  41.921 0.0000000000
84462  -33.761  -4.742  41.890 0.0000000000
85693  -34.390  -3.437  44.004 0.0000000000
88247  -35.978  -2.108  45.446 0.0000000000
74443  -29.925  -11.964  41.215 0.0000000000
74464  -29.501  -11.233  40.506 0.0000000000
75964  -29.692  -10.401  36.723 0.0000000000
74377  -22.785  -11.200  46.050 0.0000000000
75847  -23.027  -10.130  42.727 0.0000000000
75877  -20.959  -10.434  40.591 0.0000000000
74482  -20.751  -11.176  39.760 0.0000000000
107540  -46.088  12.423  26.145 0.0000000000
110266  -48.657  15.278  23.443 0.0000000000
110267  -49.259  15.586  23.242 0.0000000000
111650  -49.729  15.837  23.028 0.0000000000
113132  -49.891  16.766  24.022 0.0000000000
62271  -6.986  -19.474  50.956 0.0000000000
62248  -6.088  -19.119  51.760 0.0000000000
85772  -30.490  -3.329  37.362 0.0000000000
84526  -30.440  -4.378  36.887 0.0000000000
85785  -29.953  -3.453  36.239 0.0000000000
92530  -36.451  1.332  29.208 0.0000000000
92508  -37.028  1.827  30.157 0.0000000000
92509  -37.825  1.966  30.431 0.0000000000
95049  -35.722  4.110  37.357 0.0000000000
95066  -36.557  3.849  36.506 0.0000000000
95040  -39.712  4.514  37.879 0.0000000000
93744  -39.303  2.978  34.830 0.0000000000
93776  -39.272  2.678  33.254 0.0000000000
93760  -39.770  2.812  34.080 0.0000000000
93777  -40.248  2.426  33.100 0.0000000000
93778  -40.854  2.489  32.978 0.0000000000
93808  -41.058  2.732  32.586 0.0000000000
95119  -41.283  2.996  33.261 0.0000000000
95087  -41.961  4.297  35.039 0.0000000000
71341  -10.266  -13.263  50.597 0.0000000000
72765  -10.164  -12.694  51.480 0.0000000000
72764  -9.617  -12.944  51.959 0.0000000000
69807  -8.567  -13.946  51.790 0.0000000000
66656  -7.716  -16.237  51.378 0.0000000000
63603  -5.195  -18.902  54.021 0.0000000000
62200  -5.031  -19.415  54.166 0.0000000000
60790  -4.598  -19.985  54.644 0.0000000000
59441  -3.305  -20.982  54.772 0.0000000000
59424  -3.093  -20.402  55.130 0.0000000000
59423  -2.887  -20.272  55.262 0.0000000000
63520  -1.912  -18.184  56.109 0.0000000000
62164  -1.860  -19.039  55.475 0.0000000000
62182  -1.576  -19.527  55.549 0.0000000000
62181  -1.235  -19.666  55.615 0.0000000000
68395  -32.696  -15.204  44.951 0.0000000000
71510  -35.399  -13.249  43.556 0.0000000000
100359  -43.748  7.281  34.155 0.0000000000
100385  -44.282  7.865  32.537 0.0000000000
103240  -45.743  9.206  32.083 0.0000000000
103261  -46.285  9.666  30.651 0.0000000000
90979  -34.309  0.221  44.127 0.0000000000
92277  -33.966  1.143  43.516 0.0000000000
92276  -33.735  1.644  44.018 0.0000000000
93638  -33.706  1.997  43.343 0.0000000000
94969  -33.696  2.828  43.792 0.0000000000
96284  -34.438  4.455  43.184 0.0000000000
75824  -18.116  -10.738  42.924 0.0000000000
77373  -35.414  -9.312  34.594 0.0000000000
78816  -35.394  -8.407  36.190 0.0000000000
84405  -35.511  -4.479  44.471 0.0000000000
74484  -22.739  -10.792  38.960 0.0000000000
75881  -25.118  -10.448  40.320 0.0000000000
75925  -24.989  -10.723  38.624 0.0000000000
74505  -25.534  -11.198  38.066 0.0000000000
74506  -26.115  -11.035  38.244 0.0000000000
74517  -26.424  -11.101  37.442 0.0000000000
75952  -31.200  -9.738  37.545 0.0000000000
75979  -30.494  -10.218  35.678 0.0000000000
74366  -24.275  -11.659  46.344 0.0000000000
74379  -24.602  -11.515  45.396 0.0000000000
74404  -24.053  -10.715  43.947 0.0000000000
74405  -24.642  -10.971  43.582 0.0000000000
100496  -41.024  7.896  25.762 0.0000000000
107581  -47.093  13.128  21.697 0.0000000000
107506  -48.193  12.946  28.604 0.0000000000
107526  -47.936  13.351  27.999 0.0000000000
108839  -48.353  13.682  28.327 0.0000000000
110204  -48.259  14.327  27.639 0.0000000000
89740  -30.335  -0.792  36.389 0.0000000000
88386  -29.928  -1.580  35.994 0.0000000000
89758  -30.102  -0.736  35.446 0.0000000000
96339  -37.664  5.050  39.992 0.0000000000
96376  -37.693  4.677  38.444 0.0000000000
96362  -39.073  4.921  39.225 0.0000000000
96378  -39.598  4.707  38.450 0.0000000000
96391  -40.077  4.592  37.972 0.0000000000
96392  -40.697  4.689  37.754 0.0000000000
95054  -40.934  4.490  37.013 0.0000000000
95055  -41.482  4.420  36.973 0.0000000000
72808  -14.578  -11.765  49.321 0.0000000000
72805  -11.416  -13.053  49.456 0.0000000000
71360  -10.982  -13.380  49.583 0.0000000000
71342  -10.753  -13.074  50.170 0.0000000000
69842  -10.101  -13.840  49.813 0.0000000000
68238  -9.626  -14.339  49.623 0.0000000000
68257  -8.817  -15.306  49.534 0.0000000000
66694  -9.021  -15.955  48.749 0.0000000000
66721  -9.304  -16.490  48.454 0.0000000000
58079  -2.697  -22.524  55.969 0.0000000000
77321  -34.761  -9.636  38.328 0.0000000000
75915  -37.133  -10.331  39.477 0.0000000000
75916  -37.727  -9.728  39.490 0.0000000000
77311  -38.087  -9.181  40.304 0.0000000000
74450  -38.652  -11.351  41.380 0.0000000000
71530  -27.192  -12.480  42.692 0.0000000000
71554  -27.364  -12.090  42.339 0.0000000000
71531  -27.812  -12.848  42.848 0.0000000000
72944  -28.632  -12.639  42.306 0.0000000000
72945  -29.110  -12.693  42.344 0.0000000000
72946  -29.901  -12.733  42.455 0.0000000000
72971  -29.497  -12.360  41.760 0.0000000000
72972  -30.315  -12.409  41.820 0.0000000000
72995  -30.776  -12.216  41.447 0.0000000000
69957  -32.779  -14.877  44.003 0.0000000000
71481  -32.628  -14.329  43.866 0.0000000000
71536  -32.218  -13.764  42.884 0.0000000000
72923  -33.692  -12.953  43.461 0.0000000000
72948  -32.080  -12.940  42.890 0.0000000000
72974  -32.156  -12.309  42.091 0.0000000000
72997  -31.879  -11.820  41.360 0.0000000000
74466  -31.615  -11.657  40.758 0.0000000000
75887  -33.646  -10.998  40.216 0.0000000000
69933  -28.087  -13.872  45.516 0.0000000000
71461  -28.161  -13.659  45.056 0.0000000000
96494  -39.298  4.308  30.026 0.0000000000
97849  -38.649  4.967  28.798 0.0000000000
97832  -39.042  4.937  29.367 0.0000000000
97850  -39.340  5.600  28.686 0.0000000000
99137  -39.884  6.447  28.059 0.0000000000
99096  -43.305  6.769  31.294 0.0000000000
99124  -42.753  7.172  29.951 0.0000000000
100421  -43.775  7.513  30.244 0.0000000000
100434  -43.134  7.597  29.674 0.0000000000
99123  -42.331  7.104  29.416 0.0000000000
100449  -42.037  7.582  28.558 0.0000000000
101844  -41.572  8.534  26.420 0.0000000000
103339  -41.692  8.993  25.995 0.0000000000
103340  -42.095  9.527  25.716 0.0000000000
103331  -42.836  9.921  26.415 0.0000000000
103341  -42.731  10.038  25.278 0.0000000000
104861  -43.306  10.521  24.832 0.0000000000
104862  -43.765  11.012  24.407 0.0000000000
106317  -44.353  11.423  24.095 0.0000000000
106304  -44.398  11.349  25.010 0.0000000000
106297  -45.025  11.695  25.649 0.0000000000
107539  -45.572  12.014  26.121 0.0000000000
106288  -46.063  11.964  26.698 0.0000000000
106274  -46.723  12.129  27.218 0.0000000000
103242  -46.851  10.058  31.103 0.0000000000
103262  -47.024  10.178  30.285 0.0000000000
104802  -47.294  10.863  29.756 0.0000000000
106233  -47.638  11.694  29.344 0.0000000000
107505  -47.750  12.280  28.833 0.0000000000
83204  -32.098  -5.309  38.853 0.0000000000
83219  -31.877  -5.799  38.202 0.0000000000
84500  -31.461  -4.493  38.697 0.0000000000
85759  -31.157  -3.587  38.950 0.0000000000
87003  -31.657  -2.405  40.259 0.0000000000
85773  -30.816  -3.407  38.139 0.0000000000
87029  -30.822  -2.399  38.244 0.0000000000
88360  -30.538  -1.636  37.605 0.0000000000
89656  -33.108  -0.307  41.494 0.0000000000
89669  -32.774  -0.139  40.949 0.0000000000
91021  -32.677  0.409  40.998 0.0000000000
89706  -31.710  -0.219  39.118 0.0000000000
89705  -31.331  -0.370  38.647 0.0000000000
89723  -30.595  -0.886  37.264 0.0000000000
91077  -31.126  0.624  37.158 0.0000000000
92395  -31.196  1.396  36.621 0.0000000000
93731  -31.470  2.045  36.050 0.0000000000
93740  -31.674  2.587  35.410 0.0000000000
93741  -32.539  3.151  35.375 0.0000000000
96338  -36.828  5.141  40.015 0.0000000000
96297  -34.332  4.517  42.353 0.0000000000
96298  -35.091  4.963  42.603 0.0000000000
97669  -35.664  5.297  41.374 0.0000000000
97626  -35.908  5.417  43.010 0.0000000000
97646  -35.754  5.375  41.962 0.0000000000
97670  -36.342  5.477  41.137 0.0000000000
97696  -36.586  5.309  40.497 0.0000000000
97697  -37.149  5.372  40.610 0.0000000000
75781  -17.707  -10.651  45.838 0.0000000000
74375  -16.857  -11.185  44.566 0.0000000000
74312  -17.083  -10.900  47.496 0.0000000000
72856  -15.826  -11.693  47.472 0.0000000000
72889  -14.381  -12.825  45.527 0.0000000000
72873  -14.401  -12.662  46.141 0.0000000000
71424  -13.763  -12.973  46.452 0.0000000000
114687  -53.204  17.723  21.665 0.0000000000
114700  -53.588  17.542  21.009 0.0000000000
81877  -34.589  -7.406  35.598 0.0000000000
81825  -32.524  -6.130  38.393 0.0000000000
77335  -35.868  -8.486  37.954 0.0000000000
77324  -37.304  -9.062  38.882 0.0000000000
78780  -36.883  -8.564  38.702 0.0000000000
78794  -36.227  -8.225  38.154 0.0000000000
83210  -36.817  -7.205  40.554 0.0000000000
83193  -36.118  -6.768  40.855 0.0000000000
83209  -36.441  -6.911  40.459 0.0000000000
83223  -36.311  -6.863  39.662 0.0000000000
81826  -34.348  -6.398  38.443 0.0000000000
83191  -34.554  -5.914  40.038 0.0000000000
83206  -34.235  -6.186  38.983 0.0000000000
83188  -32.314  -5.168  39.539 0.0000000000
84490  -32.492  -4.419  40.320 0.0000000000
84461  -33.341  -4.070  41.809 0.0000000000
85732  -32.992  -3.546  41.415 0.0000000000
86970  -33.576  -2.368  42.353 0.0000000000
88305  -34.081  -1.292  43.007 0.0000000000
85681  -35.272  -3.616  44.637 0.0000000000
85694  -34.998  -3.059  44.543 0.0000000000
86951  -34.684  -2.432  44.327 0.0000000000
88284  -35.228  -1.792  44.809 0.0000000000
88283  -34.866  -1.764  44.500 0.0000000000
89635  -34.742  -1.105  44.267 0.0000000000
89634  -34.314  -0.637  43.612 0.0000000000
72993  -27.313  -11.533  41.772 0.0000000000
74462  -27.270  -11.199  41.053 0.0000000000
75883  -27.285  -10.811  40.416 0.0000000000
75905  -27.155  -10.622  39.749 0.0000000000
75947  -27.175  -10.541  37.925 0.0000000000
75930  -29.310  -10.483  38.561 0.0000000000
75963  -29.112  -10.599  37.011 0.0000000000
75949  -28.717  -10.567  37.662 0.0000000000
74519  -28.150  -10.640  37.305 0.0000000000
74533  -27.329  -11.558  36.312 0.0000000000
75763  -21.507  -10.926  47.726 0.0000000000
75815  -20.391  -10.403  44.448 0.0000000000
75806  -22.585  -10.919  45.458 0.0000000000
75876  -20.249  -10.699  40.893 0.0000000000
107570  -45.533  12.400  23.437 0.0000000000
108916  -46.755  13.306  22.299 0.0000000000
108859  -47.617  13.678  27.318 0.0000000000
108875  -47.298  13.747  26.246 0.0000000000
108883  -47.304  13.813  25.205 0.0000000000
108909  -46.958  13.862  23.206 0.0000000000
108917  -47.172  13.690  22.248 0.0000000000
108926  -47.371  13.322  21.591 0.0000000000
108927  -47.929  13.703  21.475 0.0000000000
108928  -48.662  13.997  21.049 0.0000000000
110298  -49.792  14.096  20.468 0.0000000000
111652  -51.117  16.340  22.009 0.0000000000
113152  -51.420  16.879  22.601 0.0000000000
114674  -51.591  17.439  23.079 0.0000000000
114659  -51.948  17.896  23.297 0.0000000000
66602  -6.604  -16.362  53.528 0.0000000000
66587  -6.404  -16.036  53.932 0.0000000000
66619  -6.568  -16.906  53.338 0.0000000000
63605  -6.005  -18.175  52.965 0.0000000000
62223  -5.435  -18.933  53.049 0.0000000000
60847  -5.542  -19.435  52.359 0.0000000000
60826  -5.461  -19.258  52.711 0.0000000000
60825  -5.480  -20.000  52.969 0.0000000000
81837  -31.456  -5.965  37.154 0.0000000000
87045  -29.807  -2.522  35.535 0.0000000000
95197  -38.545  3.600  29.608 0.0000000000
95078  -33.523  3.358  34.795 0.0000000000
95096  -33.546  3.404  33.911 0.0000000000
95097  -34.294  3.520  34.203 0.0000000000
95098  -35.199  3.517  34.430 0.0000000000
95116  -35.003  3.368  33.465 0.0000000000
95139  -35.630  3.361  33.255 0.0000000000
93803  -36.197  3.209  32.839 0.0000000000
96390  -37.627  4.404  37.761 0.0000000000
95067  -37.563  3.863  36.437 0.0000000000
95068  -38.543  3.737  36.372 0.0000000000
95083  -38.079  3.472  35.477 0.0000000000
95101  -37.548  3.418  35.205 0.0000000000
93774  -37.223  3.152  33.595 0.0000000000
92483  -38.326  1.788  31.106 0.0000000000
92459  -39.207  1.815  32.099 0.0000000000
92484  -39.019  2.081  31.415 0.0000000000
92510  -38.626  2.245  30.656 0.0000000000
93855  -38.644  2.789  30.462 0.0000000000
95180  -38.729  3.301  30.349 0.0000000000
95198  -38.899  3.804  30.236 0.0000000000
96475  -39.480  4.175  30.486 0.0000000000
96476  -39.917  4.272  30.556 0.0000000000
96477  -40.828  3.830  30.917 0.0000000000
95140  -41.457  3.370  32.373 0.0000000000
96440  -41.739  3.764  32.239 0.0000000000
96458  -42.142  4.404  31.869 0.0000000000
97780  -42.456  4.683  32.246 0.0000000000
97769  -42.945  5.673  33.315 0.0000000000
96402  -41.926  4.357  36.879 0.0000000000
69769  -7.288  -14.837  53.789 0.0000000000
71309  -7.670  -14.177  53.544 0.0000000000
66620  -6.939  -16.447  52.942 0.0000000000
65105  -6.883  -16.979  52.391 0.0000000000
65138  -7.134  -17.675  51.641 0.0000000000
65139  -7.407  -17.283  51.554 0.0000000000
65064  -5.629  -17.029  54.628 0.0000000000
66585  -5.589  -16.520  55.135 0.0000000000
63577  -5.167  -18.442  54.410 0.0000000000
65063  -5.261  -17.451  54.886 0.0000000000
66584  -5.219  -16.830  55.306 0.0000000000
66557  -4.671  -16.563  55.756 0.0000000000
65005  -4.425  -16.275  56.150 0.0000000000
64991  -3.567  -16.485  56.293 0.0000000000
59478  -4.511  -21.569  53.920 0.0000000000
60775  -4.367  -19.624  55.005 0.0000000000
60774  -3.896  -19.751  55.170 0.0000000000
62165  -4.199  -18.712  55.278 0.0000000000
62131  -2.844  -17.741  55.711 0.0000000000
63495  -3.204  -16.847  56.102 0.0000000000
66524  -3.397  -16.196  56.635 0.0000000000
66538  -2.707  -16.327  56.680 0.0000000000
66555  -2.526  -15.917  56.826 0.0000000000
66554  -1.629  -16.525  56.808 0.0000000000
66568  -0.985  -16.695  56.639 0.0000000000
58078  -2.291  -22.912  56.007 0.0000000000
60771  -1.426  -20.758  55.889 0.0000000000
62111  -3.040  -17.470  56.166 0.0000000000
62112  -3.263  -17.258  56.357 0.0000000000
62129  -2.743  -17.807  55.807 0.0000000000
62145  -1.861  -18.537  55.749 0.0000000000
62183  -4.596  -18.812  55.031 0.0000000000
63493  -2.837  -17.276  56.329 0.0000000000
63494  -2.973  -16.967  56.227 0.0000000000
63507  -2.964  -17.262  55.912 0.0000000000
63508  -3.452  -17.203  55.777 0.0000000000
63522  -3.733  -17.666  55.806 0.0000000000
63537  -1.515  -18.942  55.605 0.0000000000
63538  -4.150  -17.427  55.538 0.0000000000
63553  -0.937  -18.513  55.827 0.0000000000
63555  -1.393  -19.290  55.594 0.0000000000
64990  -3.179  -16.590  56.400 0.0000000000
65004  -4.088  -16.476  56.058 0.0000000000
65022  -2.149  -16.749  56.541 0.0000000000
65023  -4.090  -17.226  55.624 0.0000000000
65024  -4.265  -16.804  55.739 0.0000000000
65025  -4.516  -16.402  55.955 0.0000000000
65042  -0.877  -18.026  56.412 0.0000000000
65044  -4.257  -17.245  55.556 0.0000000000
65122  -7.069  -16.957  51.998 0.0000000000
66522  -2.789  -16.572  56.522 0.0000000000
66523  -2.931  -16.332  56.634 0.0000000000
66539  -3.226  -15.804  56.839 0.0000000000
66556  -3.005  -15.522  56.864 0.0000000000
66559  -5.422  -15.408  56.272 0.0000000000
66567  -0.776  -17.435  56.523 0.0000000000
66569  -5.033  -16.660  55.531 0.0000000000
66572  -6.073  -15.123  56.086 0.0000000000
66601  -6.308  -16.728  53.835 0.0000000000
66621  -7.104  -16.581  52.335 0.0000000000
66801  -32.031  -15.412  45.000 0.0000000000
66825  -30.958  -14.277  44.547 0.0000000000
66827  -31.602  -15.216  44.682 0.0000000000
68086  -3.371  -15.023  57.111 0.0000000000
68107  -1.530  -15.520  56.896 0.0000000000
68109  -6.008  -14.798  56.291 0.0000000000
68214  -7.712  -15.437  51.708 0.0000000000
68260  -10.350  -14.387  48.568 0.0000000000
68277  -10.789  -14.346  47.866 0.0000000000
68298  -10.887  -14.371  47.738 0.0000000000
68359  -29.477  -14.275  45.418 0.0000000000
68391  -30.632  -14.083  44.630 0.0000000000
68392  -30.840  -14.553  43.957 0.0000000000
68393  -31.350  -15.325  43.999 0.0000000000
68394  -32.212  -15.419  44.388 0.0000000000
68419  -31.256  -15.026  43.103 0.0000000000
68437  -30.954  -14.690  42.776 0.0000000000
69876  -10.916  -14.216  47.896 0.0000000000
69893  -11.020  -14.259  47.742 0.0000000000
69936  -33.342  -14.605  45.043 0.0000000000
69958  -32.994  -14.955  44.663 0.0000000000
69986  -32.158  -14.658  43.335 0.0000000000
70006  -30.701  -13.903  42.950 0.0000000000
70007  -31.413  -14.171  42.549 0.0000000000
70008  -31.976  -14.184  42.508 0.0000000000
70023  -31.886  -14.014  42.116 0.0000000000
71328  -9.049  -13.457  52.225 0.0000000000
71340  -9.616  -13.296  51.330 0.0000000000
71359  -10.539  -13.473  49.902 0.0000000000
71378  -11.432  -13.408  49.122 0.0000000000
71421  -11.826  -13.700  47.449 0.0000000000
71463  -33.385  -14.103  44.966 0.0000000000
71505  -29.910  -13.268  43.840 0.0000000000
71506  -30.355  -13.248  43.784 0.0000000000
71555  -27.731  -12.402  42.405 0.0000000000
71556  -28.236  -12.568  42.354 0.0000000000
71558  -31.872  -13.605  42.354 0.0000000000
71560  -35.001  -12.467  42.378 0.0000000000
71561  -36.956  -12.317  41.660 0.0000000000
71576  -27.490  -11.846  42.157 0.0000000000
71577  -27.768  -12.045  42.192 0.0000000000
71594  -27.552  -11.755  42.057 0.0000000000
71595  -27.760  -11.833  42.056 0.0000000000
71596  -28.080  -11.940  41.990 0.0000000000
72891  -15.793  -12.006  44.650 0.0000000000
72921  -32.463  -13.061  43.290 0.0000000000
72922  -33.100  -12.924  43.441 0.0000000000
72925  -35.793  -12.740  43.269 0.0000000000
72969  -26.948  -11.564  41.945 0.0000000000
72992  -27.190  -11.739  42.132 0.0000000000
73002  -37.715  -11.463  40.321 0.0000000000
73014  -27.269  -11.653  42.012 0.0000000000
73015  -27.630  -11.691  41.923 0.0000000000
73016  -27.877  -11.773  41.921 0.0000000000
74339  -16.002  -11.670  47.805 0.0000000000
74380  -25.175  -11.618  45.079 0.0000000000
74449  -36.971  -11.301  40.698 0.0000000000
74472  -37.424  -11.174  40.244 0.0000000000
75830  -24.062  -10.590  43.611 0.0000000000
75864  -36.556  -11.436  40.422 0.0000000000
75882  -25.791  -10.495  40.139 0.0000000000
75888  -35.558  -11.312  39.900 0.0000000000
77312  -38.325  -8.706  40.700 0.0000000000
80280  -37.385  -7.761  40.121 0.0000000000
81815  -37.211  -7.446  40.839 0.0000000000
81828  -37.041  -7.425  40.376 0.0000000000
81858  -35.462  -7.714  36.644 0.0000000000
83128  -34.814  -4.950  43.679 0.0000000000
83129  -34.960  -5.102  43.681 0.0000000000
83142  -34.710  -5.034  43.527 0.0000000000
83208  -35.822  -6.576  40.224 0.0000000000
83218  -31.418  -5.395  37.790 0.0000000000
83221  -34.218  -6.361  38.410 0.0000000000
83224  -36.667  -7.129  40.052 0.0000000000
83225  -36.825  -7.266  40.236 0.0000000000
84404  -34.940  -4.131  44.417 0.0000000000
84423  -35.237  -4.894  44.000 0.0000000000
84493  -36.327  -6.808  41.398 0.0000000000
84503  -35.641  -6.467  40.479 0.0000000000
85739  -32.333  -3.384  40.565 0.0000000000
85746  -31.626  -3.220  39.747 0.0000000000
85747  -31.973  -3.920  40.068 0.0000000000
88264  -35.508  -2.091  45.064 0.0000000000
88329  -31.794  -1.928  40.523 0.0000000000
89668  -32.495  -0.113  40.321 0.0000000000
90980  -34.649  -0.541  44.295 0.0000000000
92295  -33.614  1.466  42.293 0.0000000000
92296  -33.852  1.236  42.617 0.0000000000
92343  -32.144  1.326  40.590 0.0000000000
92436  -40.520  2.347  32.854 0.0000000000
92437  -40.762  2.415  32.611 0.0000000000
92460  -39.933  1.800  32.147 0.0000000000
92462  -40.793  2.504  32.292 0.0000000000
92486  -40.307  1.967  31.768 0.0000000000
92513  -40.403  2.346  31.633 0.0000000000
93621  -33.724  2.290  44.143 0.0000000000
93657  -33.810  1.664  42.817 0.0000000000
93722  -32.904  3.035  36.992 0.0000000000
93742  -38.169  3.237  35.024 0.0000000000
93756  -36.559  3.425  34.266 0.0000000000
93771  -33.779  3.150  33.027 0.0000000000
93807  -40.012  2.057  32.564 0.0000000000
93835  -39.464  3.130  31.019 0.0000000000
93836  -39.549  3.158  31.111 0.0000000000
93837  -40.814  3.086  32.026 0.0000000000
93857  -39.857  3.206  31.178 0.0000000000
95038  -38.368  4.387  37.805 0.0000000000
95071  -41.372  4.343  36.438 0.0000000000
95082  -37.197  3.623  35.714 0.0000000000
95115  -34.101  3.400  33.487 0.0000000000
95118  -40.790  2.678  33.299 0.0000000000
95120  -41.900  3.564  33.586 0.0000000000
95138  -35.481  3.298  33.028 0.0000000000
95161  -39.535  3.308  31.062 0.0000000000
95183  -40.589  3.385  31.296 0.0000000000
96312  -33.592  4.022  41.754 0.0000000000
96315  -35.612  5.230  40.951 0.0000000000
96334  -33.638  4.104  41.245 0.0000000000
96364  -40.870  4.780  39.145 0.0000000000
96373  -34.906  4.740  39.272 0.0000000000
96411  -41.864  4.405  36.180 0.0000000000
96412  -42.204  4.614  35.570 0.0000000000
96457  -41.612  3.980  31.706 0.0000000000
97816  -42.978  6.377  30.704 0.0000000000
97831  -38.746  4.785  29.123 0.0000000000
97852  -41.189  6.421  28.879 0.0000000000
99139  -41.440  7.025  28.461 0.0000000000
100423  -44.925  7.906  30.830 0.0000000000
100448  -41.547  7.388  28.272 0.0000000000
101818  -44.244  8.795  29.055 0.0000000000
101833  -42.932  8.726  27.921 0.0000000000
101845  -41.983  8.614  26.957 0.0000000000
103282  -46.667  10.368  29.481 0.0000000000
103300  -43.483  9.113  28.198 0.0000000000
103321  -44.138  9.798  28.174 0.0000000000
103329  -41.804  8.880  26.385 0.0000000000
104847  -44.310  10.640  27.234 0.0000000000
106285  -44.163  10.724  26.929 0.0000000000
107486  -47.888  12.138  29.273 0.0000000000
108860  -48.065  13.757  27.826 0.0000000000
116049  -51.799  18.160  23.669 0.0000000000
