#!ascii label  , from subject _151 vox2ras=TkReg
1190
73004  -41.489  -12.510  40.739 0.0000000000
70018  -20.084  -14.717  41.624 0.0000000000
66917  -30.660  -16.345  39.710 0.0000000000
104874  -43.898  10.734  23.483 0.0000000000
108953  -51.598  13.555  19.362 0.0000000000
68324  -12.353  -14.916  46.351 0.0000000000
100480  -40.888  8.019  26.780 0.0000000000
80283  -42.362  -7.655  39.165 0.0000000000
66904  -36.674  -16.202  40.615 0.0000000000
69977  -15.758  -14.436  43.037 0.0000000000
65209  -15.540  -17.718  47.501 0.0000000000
73077  -36.285  -12.238  35.488 0.0000000000
77394  -38.393  -8.891  33.805 0.0000000000
68461  -25.404  -16.082  40.410 0.0000000000
73072  -31.230  -12.702  35.014 0.0000000000
89945  -37.970  -0.766  26.557 0.0000000000
95238  -42.696  2.737  25.970 0.0000000000
99198  -45.903  6.721  24.845 0.0000000000
59548  -8.072  -21.247  50.608 0.0000000000
58116  -4.967  -22.530  53.602 0.0000000000
83290  -34.628  -5.434  32.062 0.0000000000
87114  -31.424  -2.164  31.798 0.0000000000
87157  -34.459  -2.122  29.182 0.0000000000
62338  -11.193  -20.047  48.413 0.0000000000
69951  -19.860  -15.627  44.453 0.0000000000
68417  -22.786  -16.103  44.072 0.0000000000
70025  -39.498  -14.750  40.793 0.0000000000
74436  -18.706  -11.395  41.322 0.0000000000
70001  -18.237  -14.929  41.957 0.0000000000
68384  -17.711  -16.191  43.824 0.0000000000
77372  -34.337  -9.684  34.109 0.0000000000
71666  -33.705  -13.039  35.364 0.0000000000
92552  -37.919  2.070  26.799 0.0000000000
92567  -41.095  1.362  26.162 0.0000000000
95246  -39.276  3.621  25.785 0.0000000000
100511  -43.101  7.285  23.791 0.0000000000
100524  -44.443  8.014  23.538 0.0000000000
101876  -47.424  8.752  24.540 0.0000000000
103384  -46.544  9.501  22.418 0.0000000000
104902  -47.773  10.552  21.054 0.0000000000
80330  -34.496  -7.409  34.427 0.0000000000
81934  -36.784  -6.534  32.572 0.0000000000
81874  -31.560  -6.643  35.126 0.0000000000
88431  -29.869  -1.532  33.783 0.0000000000
91137  -30.626  0.411  32.532 0.0000000000
88495  -32.795  -1.287  30.751 0.0000000000
92504  -32.624  1.066  30.080 0.0000000000
92528  -34.614  1.419  29.373 0.0000000000
66914  -27.809  -16.597  39.757 0.0000000000
63712  -9.728  -18.245  47.894 0.0000000000
65206  -11.165  -17.475  46.974 0.0000000000
55057  -6.012  -24.464  55.802 0.0000000000
55038  -4.271  -24.677  56.054 0.0000000000
99137  -39.884  6.447  28.059 0.0000000000
84505  -41.852  -4.825  38.276 0.0000000000
68464  -33.171  -16.025  39.713 0.0000000000
68353  -13.693  -14.618  44.917 0.0000000000
65252  -13.640  -17.440  45.438 0.0000000000
66791  -15.326  -17.149  44.960 0.0000000000
108955  -53.173  13.978  18.792 0.0000000000
73030  -38.545  -12.687  38.378 0.0000000000
75955  -39.747  -10.752  37.310 0.0000000000
74568  -37.680  -10.868  34.470 0.0000000000
72991  -20.606  -12.626  39.439 0.0000000000
70034  -22.949  -14.929  40.760 0.0000000000
71612  -22.772  -13.418  38.891 0.0000000000
70095  -24.965  -14.499  37.775 0.0000000000
70098  -28.058  -14.850  37.152 0.0000000000
73069  -28.218  -12.232  35.518 0.0000000000
70101  -30.950  -14.535  37.330 0.0000000000
70077  -33.555  -14.381  37.995 0.0000000000
70080  -36.562  -13.734  38.334 0.0000000000
87187  -39.256  -2.846  28.585 0.0000000000
97895  -40.909  5.318  25.016 0.0000000000
96560  -44.608  4.403  25.287 0.0000000000
106346  -50.383  10.535  20.957 0.0000000000
58152  -6.388  -21.844  52.499 0.0000000000
56570  -7.347  -23.626  55.236 0.0000000000
78819  -40.294  -8.134  35.719 0.0000000000
83266  -39.340  -5.875  34.389 0.0000000000
84553  -37.039  -4.032  34.724 0.0000000000
84549  -29.965  -4.521  34.581 0.0000000000
84577  -32.007  -4.442  32.069 0.0000000000
85811  -34.177  -3.607  34.691 0.0000000000
87079  -34.685  -2.146  33.181 0.0000000000
87118  -36.292  -2.913  31.459 0.0000000000
87137  -37.619  -3.380  29.784 0.0000000000
87209  -36.754  -2.195  27.406 0.0000000000
92544  -36.480  1.010  28.494 0.0000000000
65294  -25.336  -17.626  43.574 0.0000000000
63680  -7.722  -18.363  50.336 0.0000000000
59565  -9.552  -21.029  49.464 0.0000000000
63715  -13.421  -18.726  48.160 0.0000000000
53694  -3.301  -25.039  55.776 0.0000000000
70003  -20.228  -14.989  42.606 0.0000000000
69981  -21.196  -15.296  43.779 0.0000000000
70005  -21.757  -15.259  43.016 0.0000000000
71563  -40.591  -13.652  41.022 0.0000000000
71571  -18.780  -13.177  40.559 0.0000000000
72966  -18.124  -12.457  41.037 0.0000000000
70017  -19.254  -14.475  41.513 0.0000000000
69978  -18.848  -15.331  42.714 0.0000000000
95206  -37.743  2.972  28.319 0.0000000000
93905  -38.216  2.746  26.630 0.0000000000
96524  -38.328  4.432  27.258 0.0000000000
104873  -43.395  10.415  24.046 0.0000000000
101874  -43.184  9.265  23.735 0.0000000000
103369  -44.177  9.794  22.966 0.0000000000
101899  -45.749  9.213  22.593 0.0000000000
103382  -44.944  9.856  22.461 0.0000000000
104886  -46.228  10.561  21.756 0.0000000000
81899  -33.014  -7.339  34.893 0.0000000000
91125  -30.490  0.685  33.891 0.0000000000
92479  -31.686  1.231  31.164 0.0000000000
93799  -32.520  2.560  32.810 0.0000000000
93829  -33.622  2.554  31.739 0.0000000000
66924  -28.716  -16.309  39.038 0.0000000000
65328  -29.493  -17.659  41.622 0.0000000000
65342  -30.169  -16.874  41.023 0.0000000000
66745  -10.637  -15.999  47.228 0.0000000000
66764  -11.568  -16.725  46.341 0.0000000000
107620  -51.359  12.449  19.467 0.0000000000
55055  -4.495  -24.460  55.585 0.0000000000
78738  -43.522  -8.550  41.319 0.0000000000
83213  -42.455  -6.134  38.443 0.0000000000
66902  -34.955  -16.315  40.527 0.0000000000
66883  -35.722  -16.699  41.270 0.0000000000
72917  -16.361  -12.608  42.952 0.0000000000
71476  -15.342  -13.119  43.997 0.0000000000
71457  -14.239  -13.223  45.012 0.0000000000
68409  -14.640  -14.728  43.795 0.0000000000
68383  -14.609  -15.758  44.007 0.0000000000
66842  -15.687  -15.871  43.493 0.0000000000
68354  -18.610  -16.352  45.318 0.0000000000
66794  -17.843  -16.446  45.452 0.0000000000
73044  -37.485  -12.779  37.307 0.0000000000
74520  -38.577  -11.585  36.694 0.0000000000
73096  -37.236  -11.520  34.717 0.0000000000
75899  -21.538  -10.485  39.752 0.0000000000
73013  -21.957  -12.191  38.811 0.0000000000
74502  -22.399  -11.737  38.580 0.0000000000
73042  -24.707  -12.737  37.222 0.0000000000
71641  -25.778  -13.148  36.655 0.0000000000
70097  -26.913  -14.663  37.335 0.0000000000
73057  -26.787  -12.569  36.151 0.0000000000
75979  -30.494  -10.218  35.678 0.0000000000
73071  -30.210  -12.215  35.156 0.0000000000
71645  -29.681  -14.071  36.029 0.0000000000
70123  -31.076  -13.885  36.812 0.0000000000
70102  -31.842  -14.107  37.425 0.0000000000
70142  -32.358  -13.547  36.260 0.0000000000
73075  -34.810  -12.637  35.104 0.0000000000
71630  -34.856  -13.255  36.811 0.0000000000
71652  -36.118  -12.896  36.796 0.0000000000
71597  -37.548  -13.427  38.745 0.0000000000
88547  -39.270  -2.020  27.578 0.0000000000
88549  -40.824  -1.714  28.517 0.0000000000
89946  -40.194  -0.896  27.158 0.0000000000
92578  -41.442  1.906  26.009 0.0000000000
92553  -42.126  1.179  27.080 0.0000000000
99167  -40.202  6.859  26.488 0.0000000000
99166  -39.676  6.229  25.985 0.0000000000
99182  -40.493  6.368  25.331 0.0000000000
99196  -44.522  6.608  24.317 0.0000000000
97907  -43.402  5.740  24.362 0.0000000000
99184  -44.897  5.980  24.750 0.0000000000
97878  -45.907  4.718  25.455 0.0000000000
104919  -49.232  10.422  20.984 0.0000000000
107609  -48.476  12.447  20.398 0.0000000000
107610  -49.650  12.286  19.882 0.0000000000
62271  -6.986  -19.474  50.956 0.0000000000
60845  -5.932  -20.176  51.758 0.0000000000
59518  -7.300  -21.873  51.942 0.0000000000
58096  -8.084  -23.134  54.924 0.0000000000
58081  -7.281  -23.408  56.852 0.0000000000
75984  -38.990  -9.757  35.374 0.0000000000
75971  -40.159  -9.629  36.996 0.0000000000
78835  -39.352  -8.362  34.321 0.0000000000
81932  -34.994  -6.294  32.291 0.0000000000
83279  -38.901  -6.302  33.754 0.0000000000
83276  -36.953  -5.186  32.812 0.0000000000
84555  -39.126  -5.010  34.320 0.0000000000
84580  -35.337  -4.776  32.540 0.0000000000
87045  -29.807  -2.522  35.535 0.0000000000
87094  -30.680  -2.694  32.026 0.0000000000
85821  -30.123  -3.658  32.805 0.0000000000
85832  -31.406  -3.661  31.893 0.0000000000
84563  -33.388  -3.908  33.460 0.0000000000
85822  -32.814  -2.885  33.061 0.0000000000
87060  -34.090  -2.741  34.577 0.0000000000
88456  -33.123  -1.968  32.489 0.0000000000
88517  -33.016  -1.312  30.051 0.0000000000
88478  -34.077  -1.664  31.232 0.0000000000
87136  -35.168  -2.620  30.311 0.0000000000
85841  -36.586  -3.305  30.718 0.0000000000
85864  -36.155  -3.307  29.472 0.0000000000
85878  -36.947  -3.188  28.282 0.0000000000
87183  -35.326  -2.494  28.499 0.0000000000
92506  -35.176  1.969  30.086 0.0000000000
91178  -35.826  0.963  28.997 0.0000000000
92507  -36.166  1.728  30.097 0.0000000000
68460  -24.432  -15.773  40.784 0.0000000000
68448  -24.077  -15.818  41.828 0.0000000000
66876  -25.612  -16.759  41.672 0.0000000000
62337  -10.292  -19.833  48.075 0.0000000000
60913  -9.185  -19.901  48.614 0.0000000000
60894  -10.460  -20.749  49.193 0.0000000000
65228  -14.673  -17.825  46.397 0.0000000000
63752  -13.163  -18.314  46.764 0.0000000000
65189  -14.075  -18.291  47.993 0.0000000000
69931  -19.969  -15.459  45.312 0.0000000000
68357  -21.386  -15.775  45.476 0.0000000000
66795  -22.647  -16.320  45.398 0.0000000000
66824  -23.934  -16.700  45.079 0.0000000000
68468  -37.735  -15.027  40.286 0.0000000000
66868  -37.645  -16.738  42.048 0.0000000000
74421  -17.883  -11.236  42.257 0.0000000000
72940  -17.160  -12.778  42.129 0.0000000000
70000  -17.185  -14.550  42.176 0.0000000000
68411  -16.269  -15.424  42.922 0.0000000000
68432  -17.761  -15.466  42.788 0.0000000000
68414  -18.762  -15.888  43.877 0.0000000000
74565  -35.087  -11.418  33.882 0.0000000000
74585  -35.716  -10.932  33.468 0.0000000000
74551  -31.464  -10.793  34.780 0.0000000000
73073  -32.141  -12.744  35.043 0.0000000000
74564  -33.964  -11.544  33.913 0.0000000000
91222  -38.218  0.265  26.511 0.0000000000
91223  -39.313  0.319  26.312 0.0000000000
92565  -38.462  1.495  26.376 0.0000000000
93915  -39.951  2.745  25.684 0.0000000000
95247  -40.274  3.639  25.640 0.0000000000
100509  -41.272  7.583  24.796 0.0000000000
101872  -41.822  8.461  24.552 0.0000000000
100523  -43.550  7.975  23.699 0.0000000000
100513  -45.057  7.179  23.893 0.0000000000
100514  -46.213  7.483  24.628 0.0000000000
100526  -46.234  8.308  23.724 0.0000000000
101892  -46.702  8.980  23.321 0.0000000000
103386  -48.337  9.170  22.947 0.0000000000
104887  -47.196  10.082  21.829 0.0000000000
106343  -46.568  11.608  21.546 0.0000000000
59536  -8.638  -21.810  51.232 0.0000000000
59519  -8.251  -22.128  51.964 0.0000000000
59500  -9.800  -21.715  53.812 0.0000000000
80351  -36.701  -7.862  33.211 0.0000000000
80352  -37.624  -7.822  33.063 0.0000000000
80349  -34.900  -7.387  33.404 0.0000000000
80348  -33.665  -7.340  33.357 0.0000000000
80347  -33.039  -7.104  32.709 0.0000000000
88408  -29.841  -1.588  34.925 0.0000000000
89780  -30.003  -0.663  34.450 0.0000000000
89801  -30.150  -0.523  33.474 0.0000000000
88454  -30.792  -1.149  31.856 0.0000000000
88476  -32.252  -1.734  31.567 0.0000000000
89865  -31.523  -0.492  30.908 0.0000000000
91163  -32.234  -0.023  30.206 0.0000000000
91174  -32.819  0.017  29.693 0.0000000000
91193  -34.171  -0.229  28.638 0.0000000000
92527  -33.589  1.081  29.365 0.0000000000
68481  -26.731  -16.264  39.682 0.0000000000
66877  -26.407  -17.314  41.509 0.0000000000
65339  -27.799  -17.523  41.040 0.0000000000
63713  -10.169  -17.814  47.652 0.0000000000
62361  -10.934  -19.421  47.486 0.0000000000
56587  -5.398  -23.696  54.306 0.0000000000
59477  -4.241  -21.772  54.227 0.0000000000
56586  -4.444  -23.533  54.566 0.0000000000
56566  -3.307  -23.374  54.956 0.0000000000
58079  -2.697  -22.524  55.969 0.0000000000
85763  -40.598  -3.761  37.988 0.0000000000
66918  -31.522  -16.158  39.655 0.0000000000
66879  -31.566  -16.807  41.189 0.0000000000
71441  -13.889  -13.267  45.769 0.0000000000
68325  -12.741  -14.585  45.944 0.0000000000
66788  -12.363  -16.356  45.737 0.0000000000
66789  -13.476  -16.345  45.051 0.0000000000
66790  -14.401  -16.896  44.852 0.0000000000
65254  -15.357  -17.542  45.778 0.0000000000
66844  -16.683  -16.480  43.873 0.0000000000
66792  -16.202  -17.209  45.419 0.0000000000
66747  -15.999  -17.193  47.527 0.0000000000
108954  -52.492  13.539  19.000 0.0000000000
73018  -40.469  -12.506  39.572 0.0000000000
74494  -40.596  -11.639  38.915 0.0000000000
73046  -39.536  -11.888  37.923 0.0000000000
75969  -38.879  -10.817  36.120 0.0000000000
75996  -38.317  -10.000  34.506 0.0000000000
76016  -36.741  -9.985  33.377 0.0000000000
77392  -37.079  -9.199  33.632 0.0000000000
78851  -37.359  -8.511  33.385 0.0000000000
81901  -35.462  -7.383  35.123 0.0000000000
71573  -20.602  -13.573  39.849 0.0000000000
71553  -21.367  -14.682  41.229 0.0000000000
71574  -21.742  -14.261  40.557 0.0000000000
70050  -23.121  -14.394  39.638 0.0000000000
70070  -23.621  -14.328  38.863 0.0000000000
74514  -23.527  -12.151  37.792 0.0000000000
70094  -24.040  -14.424  37.999 0.0000000000
68501  -25.301  -15.650  39.091 0.0000000000
68503  -26.692  -15.855  38.619 0.0000000000
68504  -27.778  -15.994  38.545 0.0000000000
68523  -28.862  -15.303  37.779 0.0000000000
74533  -27.329  -11.558  36.312 0.0000000000
71643  -27.672  -13.381  35.956 0.0000000000
70099  -29.051  -14.815  37.132 0.0000000000
68507  -30.721  -15.492  38.310 0.0000000000
68508  -31.693  -15.441  38.401 0.0000000000
68487  -33.429  -15.644  39.005 0.0000000000
68488  -34.543  -15.183  39.033 0.0000000000
71649  -33.435  -13.239  36.182 0.0000000000
70078  -34.482  -14.166  38.225 0.0000000000
70054  -36.223  -14.368  38.965 0.0000000000
70036  -37.903  -14.438  39.836 0.0000000000
70057  -39.028  -13.701  39.869 0.0000000000
74458  -19.738  -11.377  40.545 0.0000000000
91212  -41.048  -0.182  27.218 0.0000000000
97892  -38.802  5.140  26.171 0.0000000000
96555  -39.727  4.509  25.525 0.0000000000
96557  -41.647  4.469  24.837 0.0000000000
99193  -41.499  6.444  24.553 0.0000000000
97896  -42.808  4.925  24.524 0.0000000000
95250  -43.260  3.685  25.281 0.0000000000
96542  -44.936  3.796  25.768 0.0000000000
106365  -51.670  10.901  20.412 0.0000000000
107611  -50.583  12.332  19.669 0.0000000000
108942  -50.189  13.411  20.007 0.0000000000
60825  -5.480  -20.000  52.969 0.0000000000
59498  -5.494  -21.255  53.106 0.0000000000
58154  -7.795  -22.520  52.470 0.0000000000
56605  -7.023  -23.214  53.370 0.0000000000
56588  -6.461  -23.695  54.337 0.0000000000
56569  -6.494  -24.150  55.340 0.0000000000
75941  -41.243  -10.358  38.716 0.0000000000
77326  -41.455  -9.395  38.530 0.0000000000
78798  -41.152  -8.345  37.637 0.0000000000
80354  -39.149  -7.635  33.858 0.0000000000
80312  -40.614  -7.332  35.959 0.0000000000
81845  -41.377  -6.529  37.089 0.0000000000
83226  -41.388  -5.346  37.214 0.0000000000
84530  -40.280  -4.390  36.239 0.0000000000
84528  -38.728  -3.887  36.060 0.0000000000
83265  -30.799  -6.159  34.623 0.0000000000
81912  -30.924  -6.035  32.927 0.0000000000
85809  -29.768  -3.587  33.850 0.0000000000
83286  -30.843  -5.011  32.469 0.0000000000
83288  -32.468  -5.293  32.104 0.0000000000
84565  -35.002  -4.266  33.474 0.0000000000
84552  -35.698  -3.903  34.244 0.0000000000
88457  -33.936  -1.709  32.246 0.0000000000
87099  -35.650  -2.430  32.275 0.0000000000
87160  -38.669  -3.249  29.020 0.0000000000
87186  -38.676  -2.727  27.856 0.0000000000
88571  -37.560  -1.611  26.887 0.0000000000
89921  -35.401  -0.643  28.081 0.0000000000
89943  -36.267  -0.465  27.595 0.0000000000
91211  -37.510  -0.043  26.735 0.0000000000
92545  -37.034  1.466  28.358 0.0000000000
93877  -37.498  2.501  28.978 0.0000000000
68446  -22.590  -15.247  41.914 0.0000000000
66846  -24.058  -16.630  43.966 0.0000000000
65295  -26.432  -18.191  43.520 0.0000000000
62290  -7.485  -19.554  50.294 0.0000000000
65186  -8.497  -17.880  48.890 0.0000000000
62313  -8.489  -19.565  49.160 0.0000000000
59549  -8.830  -21.464  50.134 0.0000000000
59537  -9.611  -21.580  51.225 0.0000000000
65225  -11.984  -17.641  46.123 0.0000000000
63751  -12.482  -18.378  46.621 0.0000000000
62339  -12.181  -19.522  48.444 0.0000000000
55014  -4.593  -24.894  57.379 0.0000000000
56549  -3.005  -23.627  55.990 0.0000000000
58078  -2.291  -22.912  56.007 0.0000000000
73005  -42.239  -12.073  41.083 0.0000000000
70004  -21.105  -14.970  42.790 0.0000000000
70019  -20.943  -14.737  41.840 0.0000000000
71581  -40.810  -13.231  40.833 0.0000000000
71551  -19.865  -14.184  40.759 0.0000000000
71550  -19.084  -13.855  40.934 0.0000000000
70002  -19.359  -14.997  42.300 0.0000000000
95207  -38.177  3.642  28.636 0.0000000000
95224  -37.938  3.432  27.548 0.0000000000
96508  -38.308  4.365  28.218 0.0000000000
103368  -43.460  9.819  23.546 0.0000000000
104884  -44.575  10.711  22.767 0.0000000000
104885  -45.359  10.708  22.283 0.0000000000
92435  -31.591  2.155  33.088 0.0000000000
66916  -29.647  -16.386  39.655 0.0000000000
66897  -29.553  -16.742  40.367 0.0000000000
66898  -30.559  -16.640  40.535 0.0000000000
68300  -11.653  -14.874  46.985 0.0000000000
66746  -11.269  -15.340  47.041 0.0000000000
66765  -11.776  -15.692  46.547 0.0000000000
107621  -52.104  12.474  19.172 0.0000000000
80263  -42.953  -7.742  40.340 0.0000000000
81817  -42.845  -6.878  39.702 0.0000000000
81830  -42.550  -6.772  38.774 0.0000000000
68466  -35.388  -15.835  39.838 0.0000000000
66903  -36.083  -16.413  40.477 0.0000000000
71527  -16.234  -13.641  42.706 0.0000000000
72906  -15.729  -12.492  44.045 0.0000000000
71501  -15.624  -13.441  43.412 0.0000000000
71500  -14.973  -13.578  43.790 0.0000000000
69976  -15.034  -14.264  43.495 0.0000000000
68410  -15.122  -15.280  43.573 0.0000000000
73061  -37.060  -12.705  36.516 0.0000000000
73078  -37.225  -11.897  35.483 0.0000000000
73095  -36.568  -11.759  34.707 0.0000000000
74483  -21.982  -11.205  39.024 0.0000000000
74531  -25.705  -12.250  36.742 0.0000000000
74516  -25.324  -11.874  37.283 0.0000000000
73056  -26.010  -12.666  36.496 0.0000000000
71642  -26.480  -13.570  36.599 0.0000000000
74550  -30.792  -11.062  34.852 0.0000000000
71646  -30.465  -13.961  35.996 0.0000000000
71663  -30.775  -13.251  35.588 0.0000000000
71647  -31.255  -13.776  36.089 0.0000000000
71664  -31.894  -13.390  35.729 0.0000000000
73060  -35.882  -12.579  36.120 0.0000000000
73059  -35.365  -12.605  35.950 0.0000000000
71633  -37.052  -13.155  37.380 0.0000000000
88572  -38.745  -1.580  26.986 0.0000000000
88573  -39.817  -1.434  27.333 0.0000000000
88587  -39.368  -1.211  26.915 0.0000000000
93917  -41.768  2.504  25.949 0.0000000000
93907  -42.067  2.238  26.407 0.0000000000
95239  -43.344  2.966  26.002 0.0000000000
100479  -40.589  7.435  27.056 0.0000000000
100495  -40.561  7.346  26.096 0.0000000000
99197  -45.359  6.723  24.644 0.0000000000
99185  -45.707  6.132  24.954 0.0000000000
97900  -46.190  5.762  25.276 0.0000000000
60876  -7.469  -20.542  50.628 0.0000000000
60865  -7.002  -20.640  51.089 0.0000000000
59535  -7.614  -21.457  51.220 0.0000000000
75997  -38.865  -9.477  34.777 0.0000000000
77360  -39.365  -9.035  34.985 0.0000000000
78853  -38.810  -8.396  33.672 0.0000000000
83291  -35.597  -5.594  32.279 0.0000000000
83292  -36.469  -5.780  32.442 0.0000000000
84581  -36.157  -5.036  32.515 0.0000000000
87113  -30.961  -2.072  31.690 0.0000000000
87095  -31.721  -2.798  31.922 0.0000000000
85833  -32.307  -3.428  32.398 0.0000000000
87096  -32.445  -2.351  32.430 0.0000000000
87077  -32.899  -2.428  33.024 0.0000000000
87115  -31.916  -2.241  31.949 0.0000000000
87156  -33.956  -1.853  29.451 0.0000000000
87134  -33.917  -2.053  29.839 0.0000000000
87158  -35.076  -2.675  29.483 0.0000000000
85863  -35.582  -3.067  29.859 0.0000000000
87182  -34.741  -2.016  28.580 0.0000000000
66892  -25.235  -16.313  41.080 0.0000000000
60915  -10.350  -20.402  48.629 0.0000000000
60916  -10.779  -20.461  48.868 0.0000000000
60895  -11.075  -20.421  49.369 0.0000000000
65207  -14.016  -17.974  47.051 0.0000000000
65208  -14.805  -18.006  47.284 0.0000000000
59479  -4.880  -21.216  53.576 0.0000000000
77305  -43.104  -9.412  41.023 0.0000000000
69932  -20.321  -15.453  45.449 0.0000000000
69952  -20.520  -15.514  44.579 0.0000000000
68416  -22.128  -15.590  43.659 0.0000000000
68389  -22.228  -16.061  44.785 0.0000000000
68390  -22.760  -16.215  44.607 0.0000000000
66796  -23.228  -16.791  45.634 0.0000000000
66823  -23.226  -16.378  44.694 0.0000000000
68469  -38.444  -15.007  40.480 0.0000000000
68451  -38.725  -15.570  40.981 0.0000000000
75843  -18.935  -10.744  42.099 0.0000000000
74422  -18.477  -11.038  41.988 0.0000000000
71549  -18.315  -13.587  41.190 0.0000000000
72965  -17.619  -12.443  41.588 0.0000000000
71529  -17.541  -13.789  41.767 0.0000000000
71528  -16.866  -13.734  42.258 0.0000000000
68431  -17.240  -15.317  42.491 0.0000000000
69979  -19.394  -15.506  43.398 0.0000000000
68355  -19.450  -16.080  45.339 0.0000000000
75994  -34.413  -10.632  33.721 0.0000000000
77389  -34.763  -10.119  33.671 0.0000000000
74562  -31.828  -11.297  34.517 0.0000000000
77371  -33.543  -9.772  34.340 0.0000000000
75993  -33.427  -10.461  33.988 0.0000000000
92564  -37.879  0.973  26.594 0.0000000000
95237  -38.636  3.335  26.167 0.0000000000
93906  -39.011  2.571  25.937 0.0000000000
103352  -42.218  9.330  24.723 0.0000000000
101889  -43.674  8.829  23.404 0.0000000000
101888  -43.195  8.360  23.657 0.0000000000
100525  -45.469  8.038  23.550 0.0000000000
101900  -46.241  9.062  22.820 0.0000000000
103370  -47.065  9.251  22.894 0.0000000000
103385  -47.493  9.422  22.532 0.0000000000
106330  -45.775  11.663  21.980 0.0000000000
80331  -35.394  -7.447  34.314 0.0000000000
80350  -35.848  -7.465  33.431 0.0000000000
81898  -32.275  -7.111  34.482 0.0000000000
81915  -32.995  -7.233  34.086 0.0000000000
81914  -32.442  -7.092  33.283 0.0000000000
91124  -30.401  0.458  33.345 0.0000000000
91110  -30.324  0.143  34.105 0.0000000000
89821  -30.459  -0.298  32.801 0.0000000000
88453  -30.309  -1.373  32.561 0.0000000000
89822  -30.727  -0.438  32.144 0.0000000000
89842  -31.101  -0.588  31.400 0.0000000000
91138  -30.958  0.399  31.693 0.0000000000
92503  -31.863  0.508  30.531 0.0000000000
92526  -33.105  0.597  29.503 0.0000000000
92480  -32.785  2.169  31.094 0.0000000000
66913  -27.287  -16.703  40.022 0.0000000000
66894  -26.841  -16.971  40.540 0.0000000000
66895  -27.832  -17.107  40.336 0.0000000000
65315  -30.298  -17.949  42.361 0.0000000000
65314  -29.398  -18.305  42.182 0.0000000000
65205  -10.462  -17.306  47.499 0.0000000000
63730  -10.534  -18.374  47.397 0.0000000000
63731  -11.641  -18.627  47.000 0.0000000000
56568  -5.697  -24.301  55.152 0.0000000000
55076  -5.080  -24.201  54.866 0.0000000000
56551  -3.934  -23.986  55.402 0.0000000000
56550  -3.308  -23.676  55.643 0.0000000000
84497  -42.305  -4.955  39.116 0.0000000000
84495  -41.620  -4.111  38.569 0.0000000000
84504  -41.477  -4.325  38.007 0.0000000000
66900  -32.585  -16.301  40.239 0.0000000000
66881  -33.486  -16.573  41.278 0.0000000000
69950  -14.068  -14.120  44.647 0.0000000000
72889  -14.381  -12.825  45.527 0.0000000000
69930  -13.549  -14.054  45.297 0.0000000000
69911  -13.035  -14.099  45.756 0.0000000000
69929  -13.272  -14.450  45.497 0.0000000000
68352  -13.193  -15.093  45.471 0.0000000000
68381  -13.626  -15.615  44.839 0.0000000000
66818  -15.186  -16.355  44.053 0.0000000000
65253  -14.548  -17.568  45.567 0.0000000000
68412  -17.207  -16.143  43.241 0.0000000000
66820  -17.101  -16.526  44.451 0.0000000000
66768  -17.534  -16.535  46.479 0.0000000000
66793  -17.085  -16.662  45.559 0.0000000000
66767  -16.336  -17.033  46.532 0.0000000000
73017  -39.656  -12.880  39.359 0.0000000000
73032  -40.095  -11.955  38.548 0.0000000000
73031  -39.287  -12.543  38.711 0.0000000000
73079  -37.876  -11.540  35.616 0.0000000000
74536  -38.479  -11.295  35.960 0.0000000000
74553  -38.125  -11.117  35.229 0.0000000000
75983  -38.640  -10.575  35.514 0.0000000000
75995  -37.785  -10.338  34.186 0.0000000000
76015  -35.888  -10.182  33.310 0.0000000000
74586  -36.431  -10.796  33.508 0.0000000000
77391  -36.163  -9.248  33.825 0.0000000000
78834  -36.192  -8.501  34.909 0.0000000000
78850  -36.614  -8.500  33.807 0.0000000000
80332  -36.012  -7.808  34.486 0.0000000000
71591  -20.986  -12.958  39.245 0.0000000000
71611  -22.239  -12.788  38.844 0.0000000000
71627  -24.340  -13.660  37.483 0.0000000000
70072  -25.644  -15.316  38.305 0.0000000000
70096  -25.907  -14.561  37.564 0.0000000000
68521  -27.120  -15.484  37.970 0.0000000000
68522  -27.897  -15.328  37.862 0.0000000000
68505  -28.719  -15.854  38.356 0.0000000000
73070  -29.055  -12.173  35.490 0.0000000000
74535  -29.154  -10.627  36.449 0.0000000000
74548  -28.333  -11.523  35.775 0.0000000000
74547  -27.792  -11.931  35.690 0.0000000000
73058  -27.470  -12.386  35.754 0.0000000000
71661  -28.526  -12.980  35.530 0.0000000000
70122  -30.221  -14.180  36.713 0.0000000000
70121  -29.333  -14.336  36.564 0.0000000000
70100  -29.967  -14.644  37.211 0.0000000000
68524  -29.801  -15.204  37.733 0.0000000000
68525  -30.517  -15.033  37.649 0.0000000000
68485  -31.512  -15.811  39.024 0.0000000000
70074  -31.134  -15.094  37.878 0.0000000000
70076  -32.694  -14.660  37.836 0.0000000000
68510  -33.511  -15.017  38.407 0.0000000000
68511  -34.143  -14.682  38.455 0.0000000000
73074  -32.918  -12.689  35.032 0.0000000000
71665  -32.784  -13.042  35.708 0.0000000000
70106  -35.864  -13.582  37.720 0.0000000000
70105  -34.801  -13.630  37.409 0.0000000000
70079  -35.510  -13.962  38.286 0.0000000000
70053  -35.190  -14.564  38.779 0.0000000000
68490  -36.876  -14.792  39.663 0.0000000000
70055  -37.387  -14.057  39.190 0.0000000000
71615  -37.972  -12.960  38.399 0.0000000000
71598  -38.123  -13.350  39.134 0.0000000000
71599  -39.051  -13.263  39.422 0.0000000000
71600  -39.764  -13.159  39.738 0.0000000000
74481  -20.215  -11.691  39.877 0.0000000000
72990  -19.926  -12.399  39.753 0.0000000000
87162  -40.245  -2.765  30.149 0.0000000000
89922  -41.088  -1.187  28.273 0.0000000000
89892  -41.874  -1.142  29.379 0.0000000000
91224  -40.655  0.157  26.663 0.0000000000
97863  -39.142  5.861  27.509 0.0000000000
97876  -38.680  5.195  26.933 0.0000000000
99181  -39.891  5.850  25.528 0.0000000000
97893  -39.364  5.390  25.686 0.0000000000
97894  -40.124  5.327  25.289 0.0000000000
96556  -40.638  4.461  25.302 0.0000000000
100510  -42.100  7.546  23.886 0.0000000000
99194  -42.655  6.445  24.065 0.0000000000
97898  -44.203  5.246  24.834 0.0000000000
97897  -43.228  5.007  24.607 0.0000000000
96558  -42.713  4.421  24.711 0.0000000000
96559  -43.705  4.384  24.992 0.0000000000
96541  -44.067  3.688  25.628 0.0000000000
96544  -46.801  4.170  26.160 0.0000000000
100515  -47.070  8.197  24.838 0.0000000000
104903  -48.870  10.085  21.460 0.0000000000
106363  -49.445  10.916  20.411 0.0000000000
106364  -50.580  11.198  20.182 0.0000000000
59517  -6.432  -21.393  52.089 0.0000000000
60846  -5.706  -20.252  52.044 0.0000000000
59499  -5.976  -21.208  52.658 0.0000000000
58134  -6.296  -22.406  52.838 0.0000000000
58155  -8.622  -22.477  52.709 0.0000000000
58136  -8.286  -22.828  53.258 0.0000000000
58117  -7.839  -23.186  53.810 0.0000000000
56589  -7.238  -23.483  54.184 0.0000000000
56604  -6.364  -23.203  53.527 0.0000000000
74507  -40.371  -11.216  38.323 0.0000000000
74508  -40.849  -11.080  38.735 0.0000000000
75940  -40.702  -10.710  38.410 0.0000000000
77348  -40.222  -8.964  36.358 0.0000000000
77337  -41.075  -9.248  37.944 0.0000000000
77336  -40.658  -9.126  37.258 0.0000000000
78784  -41.568  -8.457  38.347 0.0000000000
78797  -40.813  -8.218  36.928 0.0000000000
80372  -37.801  -7.185  32.956 0.0000000000
80353  -38.391  -7.546  33.309 0.0000000000
80373  -38.123  -7.050  33.118 0.0000000000
81903  -39.285  -6.813  34.212 0.0000000000
81881  -40.414  -6.717  35.641 0.0000000000
80300  -40.909  -7.314  36.676 0.0000000000
81859  -40.774  -6.331  36.372 0.0000000000
83227  -41.668  -6.031  37.530 0.0000000000
83254  -40.252  -5.957  35.733 0.0000000000
84554  -38.237  -4.554  34.491 0.0000000000
84544  -39.031  -4.496  35.124 0.0000000000
84529  -39.532  -3.999  36.112 0.0000000000
84543  -38.165  -4.022  35.605 0.0000000000
84541  -29.983  -4.409  35.754 0.0000000000
83251  -30.322  -5.377  35.382 0.0000000000
83264  -30.221  -5.476  34.059 0.0000000000
81896  -30.822  -6.127  33.507 0.0000000000
87059  -29.769  -2.551  34.360 0.0000000000
85831  -30.629  -3.854  32.155 0.0000000000
84575  -30.482  -4.537  32.619 0.0000000000
84576  -31.087  -4.522  32.153 0.0000000000
83287  -31.410  -5.399  32.354 0.0000000000
84579  -34.241  -4.690  32.704 0.0000000000
84578  -33.106  -4.216  32.763 0.0000000000
85824  -33.742  -3.545  34.213 0.0000000000
84551  -34.631  -3.931  34.332 0.0000000000
85812  -35.132  -3.517  34.821 0.0000000000
85814  -36.688  -3.587  35.276 0.0000000000
85800  -36.391  -3.257  35.649 0.0000000000
87061  -34.594  -2.400  34.402 0.0000000000
89843  -31.598  -1.069  31.138 0.0000000000
88477  -33.271  -1.617  31.474 0.0000000000
87117  -35.439  -2.626  31.170 0.0000000000
87098  -34.726  -2.101  31.846 0.0000000000
85842  -37.097  -3.386  30.427 0.0000000000
87119  -37.448  -3.225  31.182 0.0000000000
87120  -38.703  -2.959  31.488 0.0000000000
87138  -38.681  -3.305  30.261 0.0000000000
87139  -39.626  -2.921  30.631 0.0000000000
87184  -36.514  -2.517  27.805 0.0000000000
87159  -37.736  -3.274  28.560 0.0000000000
87185  -37.495  -2.864  27.723 0.0000000000
87211  -37.933  -2.276  27.282 0.0000000000
87210  -37.128  -2.288  27.268 0.0000000000
91176  -34.294  0.641  28.788 0.0000000000
89920  -34.653  -0.829  28.453 0.0000000000
91194  -34.953  0.062  28.504 0.0000000000
91195  -35.884  0.544  28.307 0.0000000000
91209  -36.350  0.349  27.770 0.0000000000
89944  -37.080  -0.702  26.918 0.0000000000
91210  -36.930  0.440  27.348 0.0000000000
91196  -36.505  0.780  28.035 0.0000000000
92531  -37.410  2.068  29.606 0.0000000000
70033  -22.262  -14.639  40.875 0.0000000000
70020  -21.971  -15.025  41.670 0.0000000000
70021  -22.692  -15.158  41.557 0.0000000000
66861  -24.437  -16.239  42.787 0.0000000000
66847  -24.786  -16.874  43.388 0.0000000000
65293  -24.662  -17.212  44.101 0.0000000000
65276  -25.008  -17.797  44.835 0.0000000000
65325  -27.060  -17.936  41.797 0.0000000000
65311  -26.646  -17.854  42.482 0.0000000000
65296  -27.158  -18.373  43.052 0.0000000000
65330  -31.524  -17.157  41.901 0.0000000000
63679  -7.199  -18.857  50.664 0.0000000000
65187  -9.095  -17.168  48.535 0.0000000000
63711  -8.992  -18.457  48.566 0.0000000000
60892  -8.856  -20.500  49.148 0.0000000000
62335  -8.857  -19.428  48.773 0.0000000000
60877  -8.077  -20.537  50.033 0.0000000000
59564  -9.252  -21.189  49.651 0.0000000000
59550  -9.859  -21.219  50.208 0.0000000000
65251  -12.734  -17.182  45.585 0.0000000000
65250  -12.198  -17.080  45.731 0.0000000000
63733  -13.502  -18.445  47.351 0.0000000000
63732  -12.642  -18.898  47.508 0.0000000000
63714  -12.946  -19.210  48.471 0.0000000000
53674  -3.367  -24.998  56.010 0.0000000000
53675  -3.712  -25.339  56.396 0.0000000000
55036  -3.004  -24.489  55.858 0.0000000000
55035  -2.569  -24.160  55.873 0.0000000000
69980  -20.398  -15.279  43.608 0.0000000000
69953  -20.970  -15.546  44.319 0.0000000000
69982  -21.686  -15.335  43.594 0.0000000000
70039  -39.773  -14.151  40.710 0.0000000000
72967  -18.704  -12.061  40.745 0.0000000000
71570  -18.371  -12.991  40.732 0.0000000000
70016  -18.749  -14.204  41.413 0.0000000000
77356  -33.719  -9.457  35.051 0.0000000000
93890  -37.751  2.473  27.269 0.0000000000
95236  -38.316  3.750  26.643 0.0000000000
95245  -38.670  3.962  26.097 0.0000000000
103353  -42.964  9.737  24.248 0.0000000000
101890  -44.918  8.892  22.842 0.0000000000
101898  -45.305  9.439  22.499 0.0000000000
103383  -45.630  9.812  22.144 0.0000000000
80308  -33.502  -7.408  35.029 0.0000000000
81876  -33.459  -7.248  35.685 0.0000000000
81875  -32.428  -7.015  35.568 0.0000000000
92456  -30.359  1.035  32.943 0.0000000000
92457  -31.044  1.343  32.394 0.0000000000
92458  -31.936  2.214  32.016 0.0000000000
93828  -32.831  2.491  32.043 0.0000000000
66915  -28.742  -16.530  39.744 0.0000000000
66896  -28.695  -16.943  40.306 0.0000000000
65341  -29.505  -17.131  41.001 0.0000000000
65329  -30.448  -17.287  41.722 0.0000000000
106375  -51.936  11.536  19.679 0.0000000000
106376  -52.850  11.490  19.480 0.0000000000
55040  -5.756  -24.465  56.291 0.0000000000
55056  -5.266  -24.526  55.595 0.0000000000
55039  -5.124  -24.599  56.435 0.0000000000
55016  -4.863  -24.627  56.803 0.0000000000
83197  -42.676  -5.647  39.035 0.0000000000
83212  -41.995  -5.577  38.187 0.0000000000
66901  -33.830  -16.331  40.466 0.0000000000
66882  -34.582  -16.594  41.285 0.0000000000
65321  -36.467  -17.001  42.802 0.0000000000
74401  -16.249  -12.005  43.528 0.0000000000
72891  -15.793  -12.006  44.650 0.0000000000
72905  -15.206  -12.812  44.409 0.0000000000
71474  -14.515  -13.529  44.412 0.0000000000
69975  -14.523  -14.138  44.033 0.0000000000
68382  -14.099  -15.148  44.359 0.0000000000
68385  -18.154  -16.257  44.436 0.0000000000
66821  -17.549  -16.482  44.978 0.0000000000
66769  -18.142  -16.358  45.908 0.0000000000
73045  -38.309  -12.320  37.532 0.0000000000
73062  -37.872  -11.836  36.345 0.0000000000
74552  -37.654  -11.444  35.074 0.0000000000
73012  -21.159  -12.138  39.144 0.0000000000
73028  -22.562  -12.351  38.472 0.0000000000
74515  -24.160  -11.979  37.628 0.0000000000
71628  -25.435  -13.621  37.107 0.0000000000
71629  -26.162  -14.103  37.133 0.0000000000
70119  -27.466  -14.172  36.667 0.0000000000
75978  -29.941  -10.250  36.083 0.0000000000
74549  -29.466  -10.889  35.686 0.0000000000
71662  -29.637  -13.277  35.570 0.0000000000
70124  -32.003  -13.709  36.662 0.0000000000
70103  -32.785  -14.024  37.375 0.0000000000
71682  -34.267  -12.868  34.873 0.0000000000
71650  -34.308  -13.133  36.285 0.0000000000
71651  -35.196  -12.799  36.365 0.0000000000
71631  -35.529  -13.227  37.109 0.0000000000
70107  -36.383  -13.522  37.810 0.0000000000
70081  -37.171  -13.629  38.629 0.0000000000
71634  -37.608  -12.927  37.755 0.0000000000
88548  -39.820  -2.253  28.217 0.0000000000
88520  -40.312  -2.291  28.966 0.0000000000
88574  -40.386  -1.634  27.846 0.0000000000
89947  -40.838  -0.817  27.630 0.0000000000
91225  -41.489  0.924  26.742 0.0000000000
92568  -41.837  1.820  26.542 0.0000000000
99152  -39.700  6.449  26.996 0.0000000000
99195  -43.650  6.565  24.151 0.0000000000
97908  -44.142  6.015  24.462 0.0000000000
96561  -45.213  4.349  25.483 0.0000000000
97899  -45.455  5.069  25.211 0.0000000000
97879  -46.427  4.952  25.503 0.0000000000
104918  -48.627  10.684  20.744 0.0000000000
104917  -48.104  11.010  20.656 0.0000000000
106362  -48.382  11.434  20.485 0.0000000000
62270  -6.356  -19.882  51.479 0.0000000000
59534  -6.863  -21.279  51.517 0.0000000000
75970  -39.445  -10.235  36.514 0.0000000000
75956  -40.456  -10.243  37.737 0.0000000000
77347  -39.592  -9.365  35.754 0.0000000000
77361  -39.858  -8.747  35.576 0.0000000000
81933  -35.922  -6.382  32.510 0.0000000000
81935  -37.506  -6.659  32.737 0.0000000000
83293  -37.297  -5.973  32.587 0.0000000000
83278  -38.443  -5.907  33.357 0.0000000000
84569  -38.922  -5.607  33.834 0.0000000000
84568  -38.376  -5.209  33.746 0.0000000000
84567  -37.481  -4.755  33.621 0.0000000000
84566  -36.287  -4.366  33.236 0.0000000000
85796  -29.941  -3.508  35.042 0.0000000000
87076  -29.879  -2.567  33.141 0.0000000000
85834  -32.847  -3.491  32.985 0.0000000000
85810  -33.790  -3.101  34.370 0.0000000000
85797  -34.156  -2.995  34.892 0.0000000000
87078  -33.532  -2.430  33.475 0.0000000000
88433  -33.720  -2.067  32.884 0.0000000000
88496  -33.462  -1.705  30.475 0.0000000000
88497  -34.119  -1.958  30.454 0.0000000000
87116  -34.731  -2.082  30.823 0.0000000000
85851  -35.644  -2.968  30.500 0.0000000000
85852  -36.094  -3.240  30.241 0.0000000000
85853  -36.742  -3.343  29.961 0.0000000000
85865  -36.892  -3.364  29.091 0.0000000000
85877  -36.175  -3.188  28.623 0.0000000000
91177  -35.207  0.895  28.829 0.0000000000
92529  -35.600  1.352  29.450 0.0000000000
92530  -36.451  1.332  29.208 0.0000000000
70035  -23.832  -15.171  40.699 0.0000000000
68459  -23.732  -15.387  41.180 0.0000000000
66875  -24.855  -16.288  41.783 0.0000000000
66862  -25.317  -16.880  42.617 0.0000000000
62359  -9.822  -18.870  47.757 0.0000000000
62336  -9.541  -19.287  48.183 0.0000000000
60914  -9.637  -20.175  48.551 0.0000000000
60893  -9.779  -20.784  48.980 0.0000000000
60878  -10.050  -20.984  49.555 0.0000000000
60879  -10.575  -20.744  50.019 0.0000000000
65226  -12.959  -17.897  46.069 0.0000000000
65227  -13.799  -17.934  46.280 0.0000000000
63753  -13.606  -18.156  46.856 0.0000000000
78754  -42.985  -8.573  40.730 0.0000000000
80273  -42.574  -7.900  39.746 0.0000000000
68328  -19.648  -15.755  46.126 0.0000000000
68329  -20.489  -15.524  46.061 0.0000000000
68330  -21.398  -15.905  46.557 0.0000000000
68331  -21.964  -16.027  46.467 0.0000000000
68387  -20.889  -15.622  44.606 0.0000000000
68358  -22.052  -16.002  45.897 0.0000000000
68467  -36.668  -15.740  40.146 0.0000000000
68449  -36.942  -16.042  40.716 0.0000000000
74403  -17.512  -10.944  42.777 0.0000000000
74435  -17.762  -11.848  41.597 0.0000000000
74420  -17.268  -11.881  42.181 0.0000000000
72918  -16.856  -12.135  42.541 0.0000000000
72939  -16.634  -13.182  42.475 0.0000000000
69999  -16.494  -14.470  42.534 0.0000000000
68430  -16.780  -14.961  42.459 0.0000000000
68413  -18.286  -15.707  43.281 0.0000000000
68386  -19.127  -16.075  44.437 0.0000000000
73094  -35.657  -11.957  34.673 0.0000000000
74566  -36.078  -11.471  33.938 0.0000000000
77390  -35.257  -9.781  33.668 0.0000000000
74561  -31.257  -11.590  34.581 0.0000000000
73090  -31.611  -12.122  34.589 0.0000000000
73091  -32.465  -12.170  34.545 0.0000000000
73092  -33.538  -12.430  34.505 0.0000000000
74563  -32.898  -11.451  34.153 0.0000000000
73093  -34.663  -12.335  34.617 0.0000000000
73076  -35.301  -12.489  35.410 0.0000000000
89957  -38.853  -0.611  26.559 0.0000000000
92566  -39.985  1.544  25.819 0.0000000000
92576  -40.430  2.268  25.651 0.0000000000
93916  -40.789  2.790  25.619 0.0000000000
95248  -41.248  3.530  25.484 0.0000000000
100496  -41.024  7.896  25.762 0.0000000000
101858  -41.463  8.427  25.427 0.0000000000
101873  -42.708  8.692  23.902 0.0000000000
100522  -42.884  7.962  23.665 0.0000000000
100512  -44.036  7.317  24.000 0.0000000000
101875  -46.839  8.470  24.178 0.0000000000
101891  -45.895  8.693  23.074 0.0000000000
101893  -47.378  8.991  23.949 0.0000000000
104888  -48.198  9.701  22.020 0.0000000000
104901  -46.992  10.870  21.448 0.0000000000
106344  -47.221  11.555  21.179 0.0000000000
59520  -9.424  -22.011  52.468 0.0000000000
78852  -38.121  -8.434  33.378 0.0000000000
80371  -37.144  -7.229  32.760 0.0000000000
80370  -36.317  -7.100  32.771 0.0000000000
80329  -33.602  -7.385  34.459 0.0000000000
80369  -35.412  -6.993  32.727 0.0000000000
80368  -34.428  -7.023  32.526 0.0000000000
80367  -33.552  -6.951  32.414 0.0000000000
81931  -33.979  -6.297  31.986 0.0000000000
89758  -30.102  -0.736  35.446 0.0000000000
88474  -30.736  -1.788  31.838 0.0000000000
88475  -31.229  -1.535  31.518 0.0000000000
89866  -32.085  -0.812  30.713 0.0000000000
91149  -31.338  0.189  30.940 0.0000000000
91162  -31.748  -0.130  30.591 0.0000000000
89889  -32.639  -0.742  30.126 0.0000000000
89890  -33.162  -0.810  29.481 0.0000000000
89891  -33.593  -1.150  29.149 0.0000000000
89919  -33.977  -0.944  28.751 0.0000000000
91175  -33.495  0.058  29.052 0.0000000000
92505  -33.879  1.967  30.311 0.0000000000
92481  -33.569  2.370  31.030 0.0000000000
93852  -34.861  2.374  30.965 0.0000000000
93831  -35.561  2.692  31.762 0.0000000000
68462  -26.140  -16.267  40.286 0.0000000000
66893  -25.928  -16.577  40.894 0.0000000000
65338  -27.131  -17.655  41.221 0.0000000000
65326  -27.774  -17.998  41.688 0.0000000000
65340  -28.656  -17.373  40.980 0.0000000000
65313  -28.486  -18.551  42.132 0.0000000000
65188  -9.927  -17.276  47.901 0.0000000000
66744  -10.230  -16.761  47.723 0.0000000000
63729  -10.056  -18.678  47.622 0.0000000000
65191  -15.666  -17.559  48.330 0.0000000000
59478  -4.511  -21.569  53.920 0.0000000000
58115  -4.478  -22.647  54.007 0.0000000000
58114  -4.032  -22.484  54.419 0.0000000000
55075  -4.635  -24.214  55.108 0.0000000000
56585  -3.747  -23.152  54.651 0.0000000000
58095  -3.383  -22.328  54.566 0.0000000000
58080  -2.699  -22.411  55.014 0.0000000000
99153  -40.494  7.018  27.541 0.0000000000
100464  -40.748  7.355  27.467 0.0000000000
85777  -40.197  -3.696  37.515 0.0000000000
66899  -31.559  -16.505  40.406 0.0000000000
66880  -32.462  -16.657  41.126 0.0000000000
66884  -36.891  -16.414  41.202 0.0000000000
71440  -13.371  -13.462  46.168 0.0000000000
69910  -12.493  -14.141  46.336 0.0000000000
68351  -12.391  -15.509  45.995 0.0000000000
66816  -13.833  -15.819  44.614 0.0000000000
65229  -15.545  -17.577  46.569 0.0000000000
66843  -16.200  -16.281  43.573 0.0000000000
66819  -16.139  -16.792  44.329 0.0000000000
65255  -15.787  -17.486  45.952 0.0000000000
66766  -15.803  -17.284  47.033 0.0000000000
73003  -40.740  -12.953  40.382 0.0000000000
73019  -41.301  -12.045  39.890 0.0000000000
74522  -39.901  -11.198  37.761 0.0000000000
74521  -39.237  -11.331  37.155 0.0000000000
77375  -38.262  -9.335  34.098 0.0000000000
74567  -36.891  -11.251  34.101 0.0000000000
74587  -37.177  -10.594  33.768 0.0000000000
74588  -37.558  -10.460  34.033 0.0000000000
76017  -37.588  -9.928  33.806 0.0000000000
77393  -37.822  -9.106  33.783 0.0000000000
81900  -35.100  -7.369  34.877 0.0000000000
71552  -20.773  -14.487  40.901 0.0000000000
71575  -22.371  -14.446  40.571 0.0000000000
71592  -21.746  -13.190  39.370 0.0000000000
71593  -22.442  -14.123  39.957 0.0000000000
70051  -23.919  -15.030  39.896 0.0000000000
68479  -24.862  -15.626  39.763 0.0000000000
74484  -22.739  -10.792  38.960 0.0000000000
74503  -23.198  -11.410  38.287 0.0000000000
73029  -23.103  -12.610  38.041 0.0000000000
73041  -23.813  -12.793  37.554 0.0000000000
71626  -23.421  -13.662  37.949 0.0000000000
70071  -24.569  -15.042  38.778 0.0000000000
68502  -25.985  -15.900  39.061 0.0000000000
68482  -27.377  -16.277  39.171 0.0000000000
70073  -26.418  -15.225  37.896 0.0000000000
66923  -28.068  -16.412  39.241 0.0000000000
66925  -29.379  -16.164  38.888 0.0000000000
68483  -30.024  -16.123  39.150 0.0000000000
70120  -28.369  -14.280  36.503 0.0000000000
71644  -28.835  -13.823  35.911 0.0000000000
68506  -29.753  -15.779  38.416 0.0000000000
68484  -30.694  -15.927  39.055 0.0000000000
68486  -32.426  -15.803  39.097 0.0000000000
70075  -31.823  -14.875  37.819 0.0000000000
68509  -32.599  -15.286  38.391 0.0000000000
68465  -34.219  -15.921  39.761 0.0000000000
70143  -32.577  -13.374  36.106 0.0000000000
70125  -32.978  -13.608  36.609 0.0000000000
70104  -33.769  -13.960  37.382 0.0000000000
70127  -34.487  -13.456  36.799 0.0000000000
70126  -33.982  -13.617  36.727 0.0000000000
70052  -34.587  -14.642  38.640 0.0000000000
68489  -35.801  -15.042  39.457 0.0000000000
70037  -38.443  -14.565  40.180 0.0000000000
70056  -38.459  -13.941  39.702 0.0000000000
70038  -39.193  -14.098  40.300 0.0000000000
71580  -40.113  -13.495  40.437 0.0000000000
75857  -19.175  -10.954  41.492 0.0000000000
74457  -19.073  -11.760  40.706 0.0000000000
72989  -19.104  -12.356  40.288 0.0000000000
71572  -19.477  -13.367  40.177 0.0000000000
88550  -41.253  -1.660  29.154 0.0000000000
89958  -39.712  -0.672  26.801 0.0000000000
89948  -41.413  -0.420  28.064 0.0000000000
96540  -38.568  4.518  26.441 0.0000000000
96554  -38.945  4.543  25.805 0.0000000000
97877  -39.149  5.773  26.498 0.0000000000
95249  -42.384  3.337  25.506 0.0000000000
99192  -40.889  6.928  24.870 0.0000000000
99183  -41.086  5.878  24.857 0.0000000000
97906  -42.426  5.346  24.427 0.0000000000
96571  -41.925  4.999  24.562 0.0000000000
95240  -44.468  3.048  26.498 0.0000000000
96543  -45.811  4.169  25.713 0.0000000000
106374  -51.196  11.636  19.798 0.0000000000
108952  -50.865  13.153  19.527 0.0000000000
108943  -50.927  13.910  19.805 0.0000000000
110299  -50.474  14.405  20.401 0.0000000000
58133  -5.552  -22.381  53.258 0.0000000000
58153  -6.905  -22.219  52.425 0.0000000000
58135  -7.354  -22.891  52.931 0.0000000000
56603  -5.717  -23.217  53.696 0.0000000000
56554  -7.257  -23.777  56.126 0.0000000000
56553  -6.504  -24.054  56.585 0.0000000000
74474  -41.737  -11.508  40.120 0.0000000000
75957  -41.077  -9.824  38.222 0.0000000000
78785  -41.948  -8.222  38.890 0.0000000000
80282  -42.013  -7.556  38.558 0.0000000000
81917  -38.819  -7.005  33.681 0.0000000000
80311  -40.178  -7.416  35.301 0.0000000000
78807  -40.605  -8.007  36.312 0.0000000000
80292  -41.281  -7.442  37.328 0.0000000000
81829  -42.113  -6.711  38.186 0.0000000000
83253  -39.855  -5.119  35.258 0.0000000000
83238  -40.573  -5.086  36.175 0.0000000000
83211  -41.776  -4.989  37.890 0.0000000000
84515  -40.459  -4.181  36.994 0.0000000000
84514  -39.998  -3.800  36.674 0.0000000000
83252  -30.925  -6.153  35.675 0.0000000000
83235  -30.318  -4.954  36.195 0.0000000000
81897  -31.513  -6.657  33.949 0.0000000000
81913  -31.508  -6.358  32.769 0.0000000000
81930  -32.773  -6.355  32.313 0.0000000000
84562  -30.033  -4.584  33.433 0.0000000000
83274  -30.601  -5.450  32.947 0.0000000000
81929  -32.004  -5.910  32.284 0.0000000000
83289  -33.525  -5.326  31.995 0.0000000000
84564  -33.924  -3.991  33.823 0.0000000000
84542  -37.473  -3.898  35.360 0.0000000000
85802  -37.885  -3.623  36.076 0.0000000000
85775  -38.974  -3.264  37.155 0.0000000000
87047  -34.489  -2.834  34.826 0.0000000000
88455  -32.597  -1.962  32.176 0.0000000000
87161  -39.729  -2.841  29.418 0.0000000000
88545  -35.013  -1.580  28.272 0.0000000000
88546  -35.837  -1.595  27.857 0.0000000000
88570  -36.676  -1.665  27.283 0.0000000000
91221  -37.552  0.621  26.766 0.0000000000
92551  -37.473  1.516  27.062 0.0000000000
93889  -37.520  2.256  27.970 0.0000000000
93878  -37.979  3.095  29.074 0.0000000000
68433  -22.464  -15.389  42.542 0.0000000000
68434  -23.108  -15.770  43.104 0.0000000000
68435  -23.773  -15.801  42.589 0.0000000000
66860  -23.827  -16.018  43.249 0.0000000000
66845  -23.395  -16.224  43.779 0.0000000000
65275  -24.427  -16.980  44.777 0.0000000000
66863  -26.002  -17.232  42.235 0.0000000000
65310  -25.968  -17.522  42.882 0.0000000000
62443  -27.288  -19.035  44.141 0.0000000000
63817  -26.782  -18.601  43.966 0.0000000000
65277  -25.739  -18.211  44.186 0.0000000000
63799  -25.762  -18.400  44.854 0.0000000000
66878  -30.841  -16.897  41.305 0.0000000000
65316  -31.371  -17.725  42.642 0.0000000000
63696  -8.431  -18.654  49.314 0.0000000000
62291  -8.085  -19.545  49.648 0.0000000000
59551  -10.451  -20.957  50.573 0.0000000000
62362  -11.756  -19.419  47.671 0.0000000000
65190  -14.944  -18.016  48.300 0.0000000000
62315  -12.727  -19.442  49.335 0.0000000000
62314  -11.818  -19.799  49.516 0.0000000000
55037  -3.864  -24.659  56.087 0.0000000000
53657  -4.415  -25.577  57.752 0.0000000000
55053  -2.933  -24.537  55.316 0.0000000000
55052  -2.494  -24.110  55.642 0.0000000000
56565  -2.217  -23.430  55.570 0.0000000000
56548  -2.543  -23.788  55.916 0.0000000000
56567  -4.074  -23.810  55.096 0.0000000000
60863  -6.083  -20.209  51.685 0.0000000000
60864  -6.299  -20.527  51.653 0.0000000000
62246  -5.954  -20.033  51.684 0.0000000000
62247  -5.912  -19.820  51.724 0.0000000000
62269  -6.144  -20.121  51.624 0.0000000000
62360  -10.164  -19.147  47.638 0.0000000000
62432  -27.331  -19.209  44.510 0.0000000000
62444  -27.566  -19.253  44.101 0.0000000000
63630  -5.859  -19.954  51.713 0.0000000000
63631  -6.088  -19.808  51.629 0.0000000000
63655  -6.014  -20.021  51.650 0.0000000000
63656  -6.123  -19.932  51.600 0.0000000000
63800  -26.396  -18.630  44.376 0.0000000000
63801  -27.009  -18.850  44.261 0.0000000000
63818  -27.250  -18.822  43.723 0.0000000000
65230  -16.002  -17.384  46.113 0.0000000000
65257  -24.214  -17.303  45.613 0.0000000000
65312  -27.545  -18.489  42.358 0.0000000000
65327  -28.598  -17.890  41.606 0.0000000000
66787  -11.873  -16.991  45.812 0.0000000000
66797  -23.788  -16.949  45.467 0.0000000000
66817  -14.215  -16.096  44.393 0.0000000000
66822  -22.742  -16.249  44.875 0.0000000000
66919  -32.110  -16.031  39.542 0.0000000000
68356  -20.801  -15.610  45.107 0.0000000000
68388  -21.392  -15.644  44.430 0.0000000000
68415  -21.609  -15.396  43.857 0.0000000000
68438  -38.905  -16.026  41.558 0.0000000000
68447  -23.167  -15.499  41.898 0.0000000000
68463  -32.559  -16.069  39.650 0.0000000000
68480  -25.741  -15.970  39.758 0.0000000000
68491  -37.478  -14.583  39.756 0.0000000000
69912  -13.449  -13.699  45.718 0.0000000000
69913  -20.123  -15.366  45.758 0.0000000000
69914  -20.279  -15.376  45.766 0.0000000000
70024  -38.888  -14.839  40.492 0.0000000000
70026  -40.348  -14.361  41.182 0.0000000000
71439  -12.876  -13.649  46.415 0.0000000000
71458  -14.766  -12.960  44.599 0.0000000000
71475  -14.923  -13.230  44.194 0.0000000000
71499  -14.708  -13.596  44.085 0.0000000000
71579  -39.419  -13.524  39.980 0.0000000000
71613  -36.724  -13.425  37.807 0.0000000000
71614  -37.235  -13.336  38.151 0.0000000000
71616  -38.562  -12.881  38.877 0.0000000000
71632  -36.350  -13.287  37.378 0.0000000000
71648  -32.932  -13.293  36.176 0.0000000000
71653  -36.677  -13.052  37.009 0.0000000000
71660  -27.905  -12.675  35.574 0.0000000000
71667  -34.644  -12.777  35.528 0.0000000000
71668  -35.110  -12.640  35.832 0.0000000000
71683  -34.610  -12.737  34.980 0.0000000000
72941  -17.708  -13.023  41.478 0.0000000000
72988  -18.604  -12.609  40.616 0.0000000000
73011  -20.523  -11.968  39.565 0.0000000000
73043  -25.419  -12.682  36.806 0.0000000000
73047  -40.064  -11.652  38.064 0.0000000000
73068  -27.825  -12.291  35.586 0.0000000000
73089  -30.938  -11.935  34.670 0.0000000000
74434  -17.420  -12.212  41.835 0.0000000000
74437  -19.345  -11.087  41.185 0.0000000000
74495  -41.188  -11.394  39.378 0.0000000000
74537  -38.963  -11.100  36.465 0.0000000000
74569  -38.223  -10.683  34.899 0.0000000000
75823  -17.403  -10.844  43.101 0.0000000000
76014  -35.167  -10.509  33.547 0.0000000000
76018  -37.997  -9.588  34.056 0.0000000000
77376  -38.813  -9.104  34.259 0.0000000000
78769  -42.200  -8.606  39.397 0.0000000000
78818  -39.820  -8.221  35.056 0.0000000000
80293  -41.600  -7.523  37.977 0.0000000000
80309  -33.950  -7.443  35.046 0.0000000000
80333  -39.628  -7.510  34.613 0.0000000000
81846  -41.740  -6.643  37.667 0.0000000000
81880  -39.844  -6.493  35.036 0.0000000000
81916  -38.367  -6.689  33.284 0.0000000000
81936  -37.961  -6.767  32.957 0.0000000000
83196  -42.176  -5.141  38.819 0.0000000000
83237  -40.166  -4.576  35.872 0.0000000000
83275  -31.057  -5.876  32.706 0.0000000000
83277  -37.798  -5.516  33.077 0.0000000000
83294  -37.949  -6.243  32.890 0.0000000000
84496  -41.874  -4.488  38.943 0.0000000000
84550  -34.197  -3.905  34.381 0.0000000000
85776  -39.745  -3.548  37.094 0.0000000000
85801  -37.252  -3.574  35.695 0.0000000000
85813  -36.120  -3.470  34.964 0.0000000000
85823  -33.303  -3.437  33.617 0.0000000000
85840  -35.965  -3.128  30.858 0.0000000000
85876  -35.592  -3.093  29.139 0.0000000000
87046  -34.197  -2.873  34.789 0.0000000000
87097  -32.977  -2.253  32.895 0.0000000000
87135  -34.536  -2.310  30.007 0.0000000000
88432  -33.455  -2.137  32.964 0.0000000000
88518  -33.499  -1.586  29.612 0.0000000000
88519  -33.967  -1.567  29.121 0.0000000000
88544  -34.434  -1.551  28.682 0.0000000000
88586  -39.177  -1.058  26.717 0.0000000000
89918  -33.579  -0.664  29.017 0.0000000000
89923  -41.578  -1.000  28.726 0.0000000000
89959  -40.348  -0.565  27.044 0.0000000000
91111  -30.581  0.764  34.466 0.0000000000
91192  -33.792  -0.441  28.825 0.0000000000
92433  -30.404  0.981  33.310 0.0000000000
92577  -40.966  2.008  25.671 0.0000000000
95223  -37.718  2.786  27.761 0.0000000000
96572  -42.173  4.788  24.585 0.0000000000
97905  -41.559  5.405  24.671 0.0000000000
99186  -46.284  6.534  25.185 0.0000000000
100508  -40.791  7.230  25.303 0.0000000000
