#!ascii label  , from subject _151 vox2ras=TkReg
1140
94622  -25.668  2.440  -29.059 0.5555555820
94623  -26.313  2.470  -29.481 0.6666666865
95968  -26.739  3.531  -29.976 0.7777777910
94649  -27.900  3.265  -30.073 0.7777777910
97327  -27.361  5.087  -31.086 0.8888888955
98654  -29.687  5.236  -29.470 0.8888888955
93255  -24.960  1.580  -28.378 0.5555555820
95946  -25.925  3.243  -29.452 0.6666666865
97279  -25.824  4.199  -29.669 0.8888888955
95970  -28.145  3.848  -30.533 0.8888888955
97328  -28.092  5.122  -30.925 0.8888888955
100004  -28.978  6.543  -31.058 1.0000000000
98655  -29.731  6.113  -29.437 0.8888888955
99968  -30.105  6.880  -29.845 1.0000000000
95944  -24.631  3.870  -29.399 0.7777777910
98671  -25.812  5.158  -30.922 1.0000000000
100000  -25.514  6.533  -31.428 1.0000000000
98693  -27.100  5.660  -31.478 1.0000000000
101327  -27.968  7.372  -31.871 1.0000000000
100001  -26.563  6.432  -31.639 1.0000000000
101328  -29.023  7.290  -31.226 1.0000000000
101326  -26.936  7.251  -31.941 1.0000000000
102710  -28.904  7.951  -31.128 1.0000000000
102691  -30.340  8.106  -30.362 1.0000000000
102709  -28.481  8.141  -31.842 1.0000000000
104177  -31.037  8.957  -29.197 1.0000000000
104175  -29.771  9.709  -29.785 1.0000000000
101323  -24.398  7.612  -31.698 0.8888888955
101325  -25.999  7.311  -31.917 1.0000000000
101342  -27.885  8.094  -32.318 1.0000000000
101339  -25.557  7.832  -32.416 1.0000000000
102725  -27.398  8.571  -32.509 1.0000000000
104223  -28.142  9.154  -31.893 1.0000000000
104199  -28.342  9.667  -30.963 1.0000000000
105660  -28.866  10.521  -30.183 1.0000000000
105641  -29.568  10.514  -29.628 1.0000000000
105642  -30.330  10.451  -29.258 0.8888888955
106982  -31.030  11.425  -28.911 0.7777777910
106983  -31.922  11.399  -28.202 0.7777777910
102707  -24.262  8.094  -32.850 0.5555555820
105704  -25.219  10.552  -33.097 0.7777777910
104264  -25.298  9.098  -33.488 0.8888888955
104222  -27.456  9.739  -32.332 1.0000000000
104246  -27.640  9.052  -32.397 1.0000000000
105706  -26.950  10.014  -32.809 0.8888888955
104198  -27.702  10.173  -31.629 1.0000000000
107013  -28.618  11.406  -29.848 1.0000000000
106998  -29.381  11.454  -29.493 0.8888888955
106997  -28.436  12.162  -29.782 1.0000000000
108305  -30.164  12.474  -29.233 0.8888888955
108286  -30.851  12.396  -28.879 0.7777777910
108289  -33.256  12.488  -28.363 0.6666666865
109643  -31.507  13.216  -28.155 0.6666666865
105702  -23.779  10.675  -32.229 0.4444444478
105703  -24.391  10.315  -32.699 0.7777777910
107039  -24.920  11.479  -32.846 0.6666666865
107041  -26.583  12.186  -32.940 0.7777777910
107024  -26.945  11.577  -32.618 0.8888888955
105659  -27.790  10.715  -30.850 1.0000000000
107025  -27.707  11.928  -32.608 1.0000000000
107011  -27.686  11.825  -31.463 1.0000000000
108303  -28.485  12.873  -29.963 0.8888888955
109663  -29.532  13.539  -29.492 0.7777777910
109642  -30.637  13.315  -28.640 0.7777777910
108290  -34.076  12.603  -28.792 0.5555555820
110994  -30.596  14.209  -28.720 0.7777777910
110996  -31.912  14.185  -28.251 0.6666666865
108343  -24.878  12.592  -32.866 0.6666666865
108345  -25.644  12.495  -33.118 0.7777777910
108362  -25.337  12.760  -33.772 0.7777777910
107058  -27.206  12.612  -33.492 0.8888888955
107043  -28.005  12.601  -33.934 0.8888888955
108364  -27.444  12.908  -33.789 1.0000000000
109691  -28.301  13.119  -33.247 1.0000000000
108316  -28.241  13.425  -31.911 1.0000000000
108318  -28.026  12.856  -30.560 0.8888888955
111030  -28.105  14.422  -30.817 0.8888888955
111013  -29.131  14.463  -29.787 0.8888888955
111012  -28.550  14.611  -30.270 0.7777777910
112422  -29.371  15.349  -29.662 0.7777777910
110997  -32.969  14.174  -28.088 0.6666666865
109703  -24.753  13.119  -33.320 0.6666666865
108361  -24.929  12.769  -33.908 0.7777777910
109719  -25.726  13.225  -33.288 0.8888888955
109720  -26.864  13.170  -33.410 0.8888888955
109704  -26.230  13.667  -32.730 1.0000000000
109705  -27.389  13.492  -33.062 1.0000000000
111029  -28.094  14.529  -31.825 1.0000000000
109677  -28.052  13.750  -31.223 0.8888888955
113933  -29.464  16.404  -29.370 0.7777777910
113911  -30.694  15.943  -28.435 0.6666666865
112403  -33.269  15.067  -28.373 0.5555555820
109718  -24.760  13.448  -33.106 0.7777777910
109717  -24.135  14.188  -33.162 0.6666666865
111055  -25.794  14.571  -32.542 1.0000000000
111056  -27.077  14.310  -32.177 1.0000000000
112442  -27.105  15.499  -31.426 0.8888888955
112443  -27.587  15.338  -31.295 0.8888888955
113951  -26.949  15.689  -31.141 0.8888888955
112444  -28.010  15.263  -30.359 0.8888888955
115416  -29.754  17.519  -28.820 0.7777777910
113934  -30.298  16.736  -28.911 0.7777777910
113912  -31.375  16.148  -28.092 0.5555555820
116779  -27.690  17.739  -29.505 0.7777777910
115394  -30.544  17.218  -28.113 0.5555555820
113914  -33.048  17.044  -29.172 0.5555555820
115393  -30.141  17.722  -28.306 0.6666666865
111054  -23.193  14.731  -32.284 0.4444444478
111069  -23.494  14.675  -33.101 0.5555555820
112488  -24.100  15.460  -33.515 0.7777777910
111071  -24.963  14.281  -33.033 0.8888888955
112489  -25.071  15.501  -33.121 1.0000000000
112475  -25.973  15.512  -32.095 0.8888888955
113970  -26.149  16.693  -31.558 0.8888888955
112459  -26.872  15.765  -31.691 0.8888888955
113971  -26.644  16.603  -31.116 0.8888888955
115414  -27.569  16.693  -29.666 0.8888888955
116759  -30.947  18.011  -28.023 0.5555555820
115483  -22.570  17.521  -33.520 0.6666666865
114003  -22.421  16.499  -33.217 0.6666666865
115484  -23.489  17.582  -33.483 0.7777777910
114006  -25.183  16.643  -32.974 0.8888888955
115485  -24.472  17.672  -33.342 0.7777777910
115486  -25.416  17.878  -33.015 0.7777777910
113989  -25.525  16.705  -32.020 0.8888888955
116808  -26.119  18.219  -31.702 0.7777777910
115453  -26.280  17.382  -31.470 0.8888888955
115454  -26.543  17.746  -30.929 0.7777777910
116800  -27.909  18.358  -29.609 0.6666666865
118135  -26.740  19.668  -30.950 0.6666666865
118103  -28.378  19.512  -29.613 0.6666666865
118124  -27.961  18.858  -29.730 0.6666666865
116780  -28.663  18.351  -29.341 0.5555555820
119390  -28.600  20.828  -30.029 0.6666666865
119371  -29.031  20.413  -29.571 0.5555555820
119358  -30.236  19.950  -28.509 0.5555555820
119372  -29.910  20.528  -29.127 0.5555555820
118133  -21.850  18.729  -31.034 0.3333333433
118145  -21.840  18.869  -31.979 0.3333333433
116824  -22.462  18.556  -33.342 0.5555555820
116837  -23.004  18.711  -34.084 0.6666666865
119436  -22.923  20.417  -34.151 0.5555555820
116851  -23.459  19.115  -33.958 0.7777777910
116839  -24.409  18.777  -33.296 0.7777777910
118147  -24.432  20.123  -32.863 0.6666666865
116825  -25.436  18.790  -32.333 0.6666666865
118165  -24.772  19.220  -32.906 0.6666666865
118149  -26.137  19.855  -32.138 0.6666666865
118136  -27.295  20.387  -30.841 0.6666666865
119389  -27.918  20.796  -30.370 0.6666666865
120597  -29.755  21.120  -29.776 0.5555555820
120598  -30.620  21.345  -29.479 0.5555555820
118121  -22.213  19.385  -30.484 0.4444444478
118134  -22.063  19.548  -31.657 0.4444444478
119387  -22.961  20.103  -31.236 0.5555555820
119414  -22.802  20.705  -32.879 0.5555555820
120668  -23.492  20.673  -33.252 0.6666666865
119437  -23.368  20.307  -33.706 0.6666666865
119415  -24.464  20.520  -32.763 0.6666666865
119403  -26.653  20.835  -31.366 0.6666666865
119404  -27.337  21.142  -30.858 0.6666666865
121785  -29.409  22.619  -30.030 0.6666666865
121786  -30.301  22.359  -30.239 0.5555555820
121770  -30.677  21.971  -30.001 0.6666666865
120610  -23.064  20.561  -30.538 0.4444444478
120647  -24.928  21.286  -32.455 0.6666666865
120646  -24.025  20.803  -32.664 0.6666666865
120648  -25.651  21.425  -32.203 0.6666666865
119416  -25.396  20.765  -32.516 0.6666666865
119417  -26.085  21.001  -32.140 0.6666666865
120614  -27.842  21.805  -30.577 0.6666666865
97300  -26.554  4.512  -30.604 0.8888888955
97299  -25.615  4.895  -30.326 1.0000000000
98692  -26.264  5.536  -31.269 1.0000000000
98694  -27.933  5.676  -31.420 1.0000000000
99985  -29.550  6.706  -30.680 1.0000000000
107038  -24.272  11.524  -32.322 0.5555555820
109678  -28.140  13.699  -30.654 0.8888888955
109702  -24.181  13.724  -32.708 0.5555555820
112474  -22.800  15.547  -32.844 0.5555555820
113931  -27.648  16.182  -29.868 0.8888888955
111040  -23.530  15.264  -30.943 0.2222222239
116781  -29.410  18.398  -28.723 0.6666666865
116840  -25.114  18.697  -33.009 0.7777777910
118089  -30.636  19.239  -28.101 0.4444444478
120645  -23.302  20.793  -32.898 0.6666666865
120631  -24.514  21.241  -31.877 0.6666666865
108342  -23.970  12.684  -32.013 0.4444444478
121772  -31.909  22.230  -29.734 0.5555555820
120599  -31.512  21.475  -29.379 0.5555555820
118101  -22.009  19.521  -29.324 0.2222222239
122988  -31.364  22.716  -29.992 0.5555555820
91970  -26.235  0.640  -28.693 0.5555555820
91990  -26.532  1.158  -29.041 0.5555555820
93275  -26.149  1.755  -29.109 0.6666666865
94624  -27.019  2.313  -29.608 0.5555555820
94625  -28.114  2.371  -29.373 0.5555555820
95949  -29.244  3.838  -29.735 0.7777777910
97261  -29.671  4.570  -29.205 0.8888888955
91969  -25.509  0.800  -28.377 0.5555555820
94648  -27.275  3.037  -29.818 0.6666666865
95948  -28.581  3.376  -30.009 0.6666666865
95971  -28.837  4.181  -30.341 0.8888888955
98636  -30.233  5.348  -28.766 0.7777777910
98637  -30.802  6.180  -28.491 0.7777777910
101278  -30.171  7.542  -28.875 0.8888888955
93254  -24.338  1.715  -27.727 0.4444444478
95922  -24.825  2.887  -28.821 0.5555555820
101295  -30.287  7.501  -29.566 1.0000000000
97277  -24.194  4.429  -29.411 0.2222222239
97298  -25.154  5.113  -30.361 0.6666666865
104153  -31.528  9.405  -28.497 0.6666666865
105626  -31.650  10.463  -28.353 0.7777777910
105627  -32.486  10.290  -27.849 0.6666666865
99983  -24.637  6.499  -30.996 0.5555555820
106984  -32.960  11.411  -28.082 0.6666666865
101310  -24.196  7.469  -31.432 0.4444444478
106985  -34.009  11.565  -28.481 0.5555555820
108306  -34.443  12.633  -29.445 0.5555555820
104220  -24.102  9.178  -31.972 0.2222222239
109645  -33.597  13.488  -28.568 0.5555555820
110998  -33.767  14.231  -28.687 0.5555555820
108328  -23.100  12.791  -31.414 0.3333333433
112404  -33.948  14.943  -28.960 0.5555555820
112424  -33.760  15.827  -29.141 0.4444444478
115396  -32.478  17.439  -28.335 0.5555555820
116760  -31.994  18.311  -28.127 0.4444444478
116795  -21.738  17.891  -30.621 0.3333333433
115452  -21.879  17.340  -31.480 0.4444444478
119360  -31.949  20.203  -28.513 0.4444444478
120600  -32.313  21.268  -29.483 0.4444444478
121789  -33.013  21.871  -30.768 0.2222222239
119369  -22.541  20.207  -30.013 0.3333333433
120611  -23.751  20.877  -31.059 0.6666666865
120633  -26.205  21.753  -31.545 0.6666666865
120634  -27.097  21.855  -31.150 0.6666666865
121783  -27.542  22.739  -30.635 0.6666666865
122987  -29.097  23.223  -29.820 0.6666666865
123001  -30.238  23.234  -30.391 0.6666666865
124183  -31.420  23.482  -30.503 0.4444444478
121788  -32.567  22.300  -30.432 0.3333333433
94602  -25.235  2.117  -28.660 0.5555555820
93256  -25.614  1.653  -28.717 0.5555555820
93276  -26.685  1.689  -29.414 0.6666666865
94647  -26.709  2.912  -29.666 0.7777777910
97280  -26.312  3.810  -29.744 0.7777777910
95969  -27.357  3.710  -30.409 0.8888888955
97301  -27.642  4.445  -30.762 0.8888888955
97326  -26.819  5.160  -31.175 1.0000000000
98672  -29.187  5.780  -30.023 1.0000000000
97303  -28.855  5.021  -30.444 0.8888888955
97281  -29.367  4.717  -29.981 0.8888888955
91989  -26.034  1.215  -28.788 0.5555555820
94601  -24.656  2.366  -28.459 0.5555555820
94621  -25.141  2.610  -28.827 0.5555555820
95945  -25.143  3.341  -29.288 0.6666666865
97302  -28.360  4.612  -30.644 0.8888888955
98695  -28.715  5.804  -30.869 1.0000000000
98673  -29.630  6.585  -30.034 1.0000000000
99953  -30.169  6.758  -28.861 1.0000000000
101312  -30.181  7.448  -30.371 1.0000000000
97278  -24.969  4.573  -29.870 0.6666666865
98670  -25.248  5.525  -30.772 0.8888888955
99984  -25.249  6.059  -31.045 0.8888888955
98691  -25.603  5.716  -31.114 1.0000000000
99999  -24.868  7.106  -31.482 1.0000000000
100002  -27.518  6.444  -31.672 1.0000000000
100003  -28.418  6.475  -31.442 1.0000000000
101341  -27.201  7.950  -32.358 1.0000000000
102690  -29.699  8.037  -30.760 1.0000000000
102670  -30.750  8.633  -29.213 0.8888888955
104201  -30.155  8.702  -30.146 1.0000000000
102689  -28.716  8.609  -31.077 1.0000000000
102726  -27.966  8.592  -32.269 1.0000000000
104200  -29.277  9.173  -30.475 1.0000000000
104176  -30.561  9.255  -29.531 1.0000000000
105625  -31.125  10.283  -28.835 0.7777777910
102708  -25.013  7.811  -32.758 1.0000000000
102688  -24.010  7.764  -32.097 0.5555555820
101324  -25.115  7.751  -31.892 1.0000000000
102724  -26.567  8.548  -32.848 1.0000000000
102723  -25.500  8.156  -33.098 0.8888888955
104245  -27.117  9.218  -32.788 1.0000000000
106999  -30.243  11.453  -29.208 0.8888888955
102687  -24.008  8.223  -31.711 0.5555555820
102706  -23.799  8.592  -32.581 0.6666666865
104242  -24.710  9.289  -33.309 0.6666666865
102722  -24.970  8.618  -33.410 0.7777777910
107040  -25.541  11.677  -32.762 0.8888888955
104243  -25.636  9.707  -33.333 0.8888888955
105705  -26.334  10.775  -32.856 0.8888888955
102740  -26.046  8.747  -33.284 0.8888888955
104244  -26.398  9.433  -33.177 1.0000000000
105679  -26.753  11.058  -32.547 0.8888888955
105680  -27.115  10.877  -32.195 1.0000000000
107012  -28.110  11.578  -30.362 1.0000000000
108304  -29.064  12.719  -29.580 0.8888888955
108287  -31.403  12.358  -28.547 0.7777777910
109644  -32.582  13.336  -28.089 0.6666666865
105677  -23.486  10.225  -31.589 0.3333333433
105678  -23.974  9.869  -32.319 0.3333333433
104221  -23.798  9.190  -32.929 0.6666666865
108344  -25.141  12.438  -33.416 0.6666666865
107042  -27.673  12.272  -33.404 0.8888888955
108330  -28.244  12.718  -32.556 1.0000000000
109662  -28.511  13.684  -30.042 0.7777777910
111014  -30.080  14.381  -29.225 0.7777777910
108363  -26.470  12.806  -33.424 0.8888888955
109676  -28.132  13.794  -31.976 1.0000000000
112423  -30.253  15.678  -29.238 0.7777777910
112400  -30.678  14.916  -28.747 0.7777777910
112402  -32.105  15.088  -28.157 0.6666666865
112477  -27.648  15.048  -32.372 0.8888888955
113932  -28.180  15.873  -29.673 0.7777777910
113913  -32.140  16.312  -28.034 0.5555555820
111070  -24.007  14.541  -33.407 0.6666666865
112476  -27.225  15.171  -32.226 1.0000000000
113953  -27.783  15.679  -30.068 0.8888888955
115415  -28.510  17.066  -29.306 0.8888888955
113972  -26.735  17.058  -30.643 0.8888888955
115395  -31.453  17.223  -27.787 0.5555555820
114005  -24.263  16.555  -33.377 0.7777777910
112487  -23.193  15.564  -33.250 0.7777777910
115397  -33.168  17.489  -29.008 0.5555555820
113986  -22.043  16.885  -32.277 0.5555555820
114002  -21.854  16.764  -32.937 0.5555555820
115471  -22.033  17.784  -33.150 0.4444444478
114004  -23.275  16.500  -33.481 0.7777777910
113988  -22.397  15.846  -32.868 0.6666666865
116838  -23.709  18.500  -33.500 0.7777777910
115472  -25.640  17.606  -31.862 0.7777777910
116826  -26.081  18.937  -31.955 0.6666666865
116798  -26.693  18.669  -30.452 0.6666666865
118122  -26.908  19.338  -30.478 0.6666666865
118123  -27.519  19.576  -30.194 0.6666666865
118104  -29.465  19.358  -28.936 0.5555555820
119373  -30.593  20.640  -28.863 0.4444444478
118090  -31.519  19.276  -28.180 0.4444444478
120584  -31.113  20.971  -28.936 0.5555555820
116823  -21.993  18.358  -32.608 0.4444444478
118146  -22.163  19.421  -32.805 0.5555555820
118175  -23.012  19.743  -34.283 0.6666666865
118177  -23.783  19.326  -33.585 0.7777777910
120615  -28.689  21.654  -30.144 0.6666666865
120616  -29.588  21.737  -30.129 0.6666666865
119402  -23.188  20.484  -32.244 0.5555555820
120630  -23.756  20.804  -32.124 0.6666666865
121784  -28.487  22.651  -30.173 0.6666666865
112457  -23.024  15.953  -31.849 0.3333333433
107023  -23.365  11.550  -31.541 0.4444444478
120618  -32.890  21.331  -30.439 0.3333333433
123015  -32.472  23.227  -31.183 0.3333333433
97262  -30.097  4.204  -28.484 0.6666666865
91968  -24.758  1.024  -27.911 0.4444444478
91953  -25.089  0.390  -27.742 0.5555555820
102645  -30.330  8.180  -29.016 0.7777777910
91967  -24.442  1.114  -27.489 0.3333333433
104154  -31.873  9.893  -28.015 0.6666666865
99967  -24.407  5.904  -30.461 0.7777777910
104197  -23.427  9.279  -30.880 0.1111111119
107022  -22.822  12.157  -31.109 0.4444444478
109689  -23.549  13.845  -31.723 0.3333333433
113967  -22.094  16.857  -31.398 0.3333333433
124201  -31.747  23.898  -30.832 0.4444444478
91974  -30.168  0.045  -28.495 0.4444444478
90738  -31.826  -0.280  -29.589 0.2222222239
91971  -27.020  0.513  -28.745 0.4444444478
91972  -28.062  0.358  -28.295 0.4444444478
91991  -26.980  1.116  -29.317 0.4444444478
93257  -27.538  1.106  -28.910 0.4444444478
93259  -29.596  0.985  -28.181 0.4444444478
93260  -30.690  0.710  -28.330 0.4444444478
93261  -31.828  0.997  -29.039 0.2222222239
93278  -27.810  1.614  -29.092 0.4444444478
94603  -28.670  1.927  -29.000 0.4444444478
93238  -30.064  1.553  -27.940 0.4444444478
94627  -32.329  2.060  -30.068 0.1111111119
94650  -32.677  1.822  -30.355 0.1111111119
94579  -29.733  2.238  -27.940 0.4444444478
94581  -31.383  2.355  -27.862 0.3333333433
94604  -29.252  2.164  -28.666 0.4444444478
94580  -30.356  2.320  -27.706 0.3333333433
94582  -32.061  2.599  -28.204 0.3333333433
94607  -32.724  2.595  -29.679 0.2222222239
95898  -29.657  2.946  -27.928 0.4444444478
94626  -29.014  2.998  -29.426 0.5555555820
97248  -32.314  4.280  -27.589 0.2222222239
97263  -32.974  4.172  -28.307 0.1111111119
97265  -34.191  4.717  -29.418 0.1111111119
97247  -31.399  4.476  -27.672 0.3333333433
98638  -32.703  4.964  -27.962 0.3333333433
98621  -31.065  5.429  -28.139 0.4444444478
99938  -31.480  6.620  -28.055 0.6666666865
99941  -34.081  6.806  -28.214 0.4444444478
101256  -31.453  7.554  -27.953 0.6666666865
101282  -35.064  7.801  -28.963 0.3333333433
101257  -32.099  7.503  -27.637 0.6666666865
102626  -33.403  8.449  -27.647 0.5555555820
102624  -31.603  8.459  -27.991 0.6666666865
104134  -32.932  9.150  -27.606 0.5555555820
102648  -34.806  8.554  -28.595 0.5555555820
104156  -34.289  9.107  -28.278 0.3333333433
104132  -31.785  9.064  -28.122 0.5555555820
105630  -35.055  10.387  -29.213 0.4444444478
105628  -33.675  10.343  -28.064 0.4444444478
106986  -34.569  11.736  -29.069 0.4444444478
121803  -26.689  22.695  -31.128 0.5555555820
122999  -28.343  23.659  -30.353 0.5555555820
124199  -30.211  24.979  -31.078 0.5555555820
90727  -29.868  -0.705  -28.259 0.4444444478
91992  -31.703  0.100  -29.671 0.2222222239
94606  -32.559  2.146  -29.006 0.2222222239
95925  -33.021  3.207  -28.985 0.2222222239
97282  -33.795  3.529  -29.981 0.1111111119
98623  -32.904  5.655  -27.783 0.4444444478
98639  -33.364  5.192  -28.378 0.3333333433
98622  -32.061  5.430  -27.683 0.4444444478
101259  -33.874  7.171  -27.899 0.4444444478
104157  -35.175  9.605  -29.004 0.3333333433
105643  -34.735  10.924  -29.504 0.4444444478
108319  -34.554  12.635  -30.372 0.4444444478
122998  -27.106  23.737  -30.745 0.5555555820
122997  -26.482  23.971  -31.205 0.5555555820
93277  -27.299  1.654  -29.353 0.4444444478
99956  -34.282  6.282  -28.815 0.2222222239
124181  -30.239  24.168  -30.679 0.5555555820
89392  -28.457  -1.538  -27.958 0.4444444478
89393  -29.407  -1.545  -28.049 0.4444444478
89394  -30.140  -1.414  -28.435 0.4444444478
89396  -31.464  -1.293  -28.804 0.2222222239
90730  -31.985  -0.649  -29.018 0.2222222239
91976  -32.644  -0.153  -28.743 0.1111111119
90724  -26.493  -0.049  -28.306 0.4444444478
90725  -27.566  -0.604  -27.975 0.4444444478
93279  -32.085  0.538  -29.782 0.1111111119
93296  -32.945  1.379  -30.475 0.1111111119
94652  -34.312  2.312  -30.382 0.1111111119
95950  -33.559  2.873  -30.261 0.1111111119
95974  -35.233  3.892  -30.688 0.1111111119
98675  -35.305  5.273  -30.820 0.1111111119
99987  -35.065  5.795  -30.533 0.1111111119
99970  -35.291  6.854  -30.282 0.2222222239
102649  -35.179  8.532  -29.402 0.1111111119
101296  -34.934  7.009  -29.099 0.2222222239
104178  -35.234  9.327  -29.961 0.2222222239
104202  -35.341  9.160  -30.849 0.2222222239
105662  -35.100  10.020  -30.592 0.3333333433
107000  -34.582  11.747  -29.904 0.4444444478
107014  -34.625  11.727  -30.913 0.3333333433
108332  -34.535  12.689  -31.441 0.3333333433
109665  -34.378  13.480  -29.840 0.4444444478
113968  -22.666  16.648  -32.067 0.4444444478
118105  -32.826  19.392  -29.447 0.3333333433
124200  -31.184  24.622  -31.367 0.5555555820
120613  -25.542  22.015  -30.908 0.5555555820
123014  -26.393  23.336  -31.222 0.5555555820
125405  -28.727  25.024  -30.966 0.5555555820
124198  -29.671  25.225  -31.037 0.5555555820
123013  -25.999  23.469  -31.355 0.5555555820
95923  -29.551  3.452  -28.855 0.5555555820
97246  -30.683  4.705  -28.169 0.6666666865
99954  -30.775  6.786  -28.425 0.6666666865
105604  -32.676  9.624  -27.740 0.5555555820
111015  -34.185  14.277  -29.331 0.4444444478
119361  -32.418  20.264  -29.082 0.3333333433
95924  -29.890  3.582  -28.179 0.3333333433
91973  -29.166  0.253  -28.109 0.4444444478
91975  -31.177  -0.001  -28.903 0.4444444478
90728  -30.591  -0.708  -28.800 0.3333333433
90729  -31.449  -0.513  -29.168 0.3333333433
91993  -32.275  0.218  -29.846 0.1111111119
90726  -28.893  -0.673  -27.880 0.4444444478
93258  -28.481  1.376  -28.642 0.4444444478
93240  -31.587  1.618  -28.312 0.4444444478
93280  -32.367  1.178  -30.104 0.1111111119
93262  -32.243  1.603  -29.766 0.2222222239
94628  -32.928  2.384  -30.092 0.1111111119
93298  -33.992  1.567  -30.375 0.1111111119
95900  -31.735  3.404  -27.662 0.3333333433
95899  -30.614  3.513  -27.875 0.3333333433
95901  -32.506  3.278  -28.204 0.2222222239
97264  -33.606  4.186  -29.246 0.1111111119
98656  -34.461  5.342  -29.606 0.1111111119
97283  -34.346  4.254  -30.068 0.1111111119
99939  -32.565  6.486  -27.617 0.4444444478
101281  -34.422  7.502  -28.382 0.3333333433
99940  -33.590  6.313  -27.948 0.4444444478
101313  -35.436  7.416  -30.634 0.1111111119
101280  -33.822  7.830  -27.858 0.4444444478
102625  -32.539  8.407  -27.593 0.5555555820
101258  -33.169  7.444  -27.552 0.5555555820
104155  -33.678  9.241  -27.767 0.5555555820
105661  -34.708  10.852  -30.320 0.4444444478
121802  -26.103  22.631  -31.338 0.5555555820
124180  -29.224  24.740  -30.551 0.5555555820
90710  -29.649  -1.040  -27.990 0.4444444478
89381  -29.985  -1.089  -28.294 0.4444444478
99969  -34.794  6.330  -30.013 0.2222222239
88045  -28.929  -2.281  -28.019 0.4444444478
89395  -30.809  -1.345  -28.839 0.4444444478
90708  -26.711  -0.869  -27.737 0.4444444478
92005  -32.770  0.853  -30.374 0.1111111119
95972  -33.977  2.813  -30.529 0.1111111119
84021  -28.235  -5.670  -22.957 0.1111111119
84077  -26.052  -5.551  -26.178 0.3333333433
84050  -27.776  -5.065  -24.264 0.2222222239
84035  -28.167  -5.106  -23.715 0.2222222239
84036  -28.679  -5.199  -23.195 0.1111111119
85338  -29.092  -4.608  -23.615 0.1111111119
86691  -25.396  -3.536  -26.276 0.3333333433
84101  -25.343  -5.114  -26.448 0.3333333433
82810  -25.565  -5.493  -26.270 0.3333333433
85385  -27.178  -4.443  -26.353 0.3333333433
85386  -27.763  -4.224  -25.958 0.3333333433
85348  -27.700  -4.789  -24.919 0.2222222239
85366  -28.253  -4.050  -25.527 0.2222222239
85349  -28.108  -4.641  -24.541 0.2222222239
85350  -28.748  -4.050  -24.871 0.2222222239
89362  -24.747  -2.052  -26.930 0.2222222239
88010  -24.902  -2.605  -26.391 0.2222222239
85383  -25.861  -4.306  -26.526 0.3333333433
85384  -26.452  -4.547  -26.568 0.3333333433
85367  -28.604  -3.853  -25.364 0.1111111119
89376  -25.042  -1.522  -27.325 0.2222222239
88027  -25.148  -2.312  -26.935 0.3333333433
88028  -25.838  -2.517  -27.054 0.3333333433
89377  -26.156  -1.603  -27.508 0.3333333433
88029  -26.765  -2.571  -27.274 0.3333333433
86704  -26.437  -3.334  -26.891 0.3333333433
86706  -28.418  -3.081  -27.362 0.3333333433
88030  -27.746  -2.518  -27.572 0.3333333433
86694  -28.994  -3.301  -26.951 0.3333333433
86707  -29.235  -2.811  -27.709 0.3333333433
87995  -29.560  -2.831  -26.494 0.1111111119
90706  -24.854  -0.335  -27.368 0.2222222239
88044  -28.267  -2.175  -27.940 0.3333333433
86717  -28.884  -2.744  -27.840 0.3333333433
88012  -29.503  -2.797  -27.347 0.3333333433
88013  -30.066  -2.284  -27.275 0.1111111119
91952  -24.584  0.498  -27.408 0.3333333433
90723  -25.944  0.254  -28.415 0.3333333433
89379  -27.732  -1.669  -27.878 0.3333333433
88046  -29.705  -2.249  -28.129 0.3333333433
88047  -30.376  -1.841  -28.465 0.3333333433
105681  -34.778  10.701  -31.452 0.2222222239
112425  -34.174  15.092  -29.662 0.3333333433
111031  -34.290  14.303  -30.231 0.2222222239
84078  -26.538  -5.383  -25.924 0.3333333433
84049  -27.459  -5.191  -24.861 0.3333333433
85337  -28.460  -4.774  -23.947 0.2222222239
86663  -29.507  -3.559  -24.422 0.1111111119
88011  -25.499  -2.803  -26.558 0.3333333433
86705  -27.272  -3.579  -26.940 0.3333333433
86692  -27.488  -3.963  -26.612 0.3333333433
86693  -28.045  -3.772  -26.406 0.3333333433
86677  -28.858  -3.539  -25.708 0.3333333433
90707  -25.721  -0.324  -27.824 0.3333333433
88033  -30.251  -2.136  -28.097 0.3333333433
82714  -27.445  -6.438  -22.856 0.1111111119
82715  -28.353  -6.285  -22.227 0.1111111119
82809  -25.120  -5.614  -26.176 0.3333333433
82786  -25.511  -6.058  -25.760 0.3333333433
82758  -26.155  -6.273  -25.009 0.3333333433
82759  -26.892  -5.878  -24.499 0.3333333433
84034  -27.490  -5.492  -24.052 0.3333333433
82716  -28.940  -6.057  -21.971 0.1111111119
85324  -29.302  -4.872  -22.896 0.1111111119
85382  -25.101  -4.480  -26.206 0.3333333433
86653  -29.700  -3.865  -23.620 0.1111111119
89361  -24.262  -1.542  -26.511 0.2222222239
87978  -29.841  -2.850  -25.345 0.1111111119
87996  -30.313  -2.285  -26.136 0.1111111119
89375  -24.594  -0.899  -27.007 0.2222222239
89382  -30.917  -1.774  -28.475 0.1111111119
91951  -24.268  0.827  -27.047 0.1111111119
107026  -34.527  11.804  -32.071 0.2222222239
112462  -33.977  14.939  -31.122 0.2222222239
111044  -34.182  14.369  -31.251 0.2222222239
98653  -24.364  5.364  -29.956 0.5555555820
84022  -29.191  -5.455  -22.549 0.1111111119
84020  -27.663  -5.731  -23.416 0.1111111119
82787  -26.209  -5.821  -25.688 0.3333333433
84103  -26.461  -5.025  -26.300 0.3333333433
84102  -25.933  -5.071  -26.474 0.3333333433
84048  -26.726  -5.634  -25.310 0.3333333433
86690  -24.775  -3.611  -25.860 0.2222222239
84104  -26.772  -5.007  -26.060 0.3333333433
85365  -27.624  -4.615  -25.411 0.3333333433
85400  -26.839  -4.185  -26.705 0.3333333433
86676  -28.370  -3.777  -25.896 0.2222222239
85399  -26.503  -3.974  -26.766 0.3333333433
86703  -25.931  -3.393  -26.627 0.3333333433
89378  -27.073  -1.745  -27.601 0.3333333433
90705  -24.233  -0.240  -26.861 0.2222222239
88032  -29.794  -2.601  -27.838 0.3333333433
89363  -30.760  -1.767  -27.737 0.1111111119
82733  -27.092  -6.121  -23.681 0.2222222239
82785  -24.584  -6.027  -25.679 0.2222222239
82757  -25.415  -6.600  -25.048 0.3333333433
85364  -24.493  -4.616  -25.797 0.2222222239
105707  -34.428  10.852  -32.847 0.1111111119
105708  -34.841  10.247  -33.318 0.1111111119
105751  -34.925  10.106  -34.861 0.1111111119
105750  -33.884  10.623  -35.384 0.1111111119
109693  -34.276  13.502  -31.757 0.1111111119
107073  -33.496  11.305  -34.889 0.1111111119
108349  -34.089  12.910  -32.675 0.1111111119
107060  -33.347  12.398  -34.081 0.1111111119
115418  -33.139  17.495  -29.804 0.2222222239
109709  -34.029  13.545  -32.302 0.1111111119
108348  -33.763  13.298  -33.102 0.1111111119
116802  -33.074  18.298  -30.407 0.1111111119
116782  -33.090  18.792  -29.439 0.2222222239
118125  -32.989  19.427  -30.469 0.1111111119
115439  -33.077  17.787  -30.500 0.1111111119
116801  -32.944  18.420  -31.077 0.1111111119
120632  -25.585  21.673  -31.498 0.4444444478
119374  -32.671  20.372  -30.025 0.1111111119
121781  -24.829  22.222  -30.582 0.4444444478
121801  -25.869  22.587  -31.079 0.4444444478
119391  -33.324  20.607  -31.047 0.1111111119
124179  -28.094  24.605  -30.901 0.4444444478
124217  -32.080  24.294  -31.974 0.3333333433
121819  -33.186  22.341  -32.086 0.1111111119
119392  -33.404  21.251  -31.371 0.1111111119
119406  -33.248  21.125  -31.853 0.1111111119
124197  -27.896  24.967  -31.442 0.4444444478
124178  -27.128  24.729  -31.142 0.4444444478
125417  -28.207  25.562  -31.582 0.4444444478
125418  -29.155  25.613  -31.096 0.4444444478
125419  -30.068  25.594  -31.336 0.4444444478
126664  -30.479  25.919  -31.593 0.4444444478
125437  -31.541  25.393  -32.244 0.4444444478
125455  -32.229  25.003  -32.772 0.2222222239
124224  -32.554  24.226  -33.043 0.2222222239
123043  -32.951  23.305  -33.287 0.2222222239
121830  -33.148  22.465  -32.876 0.2222222239
125529  -29.712  26.027  -37.907 0.1111111119
124263  -31.343  24.091  -36.441 0.1111111119
120669  -32.744  21.534  -33.850 0.1111111119
122996  -25.047  23.086  -30.284 0.4444444478
124176  -25.757  24.192  -30.685 0.4444444478
124194  -25.624  23.582  -30.687 0.4444444478
124177  -26.250  24.375  -31.189 0.3333333433
125403  -26.754  24.996  -31.116 0.4444444478
126685  -28.782  26.741  -32.134 0.4444444478
127831  -29.829  27.032  -32.201 0.4444444478
126663  -29.998  26.362  -31.673 0.4444444478
126703  -31.326  26.315  -32.847 0.4444444478
127844  -29.203  27.859  -33.591 0.3333333433
126717  -31.443  26.291  -33.890 0.3333333433
126729  -31.148  26.011  -34.817 0.1111111119
125473  -31.679  25.476  -34.319 0.1111111119
124238  -31.873  24.619  -34.684 0.1111111119
124239  -32.518  24.061  -34.063 0.2222222239
123068  -32.467  22.989  -35.407 0.1111111119
169038  -24.903  23.351  -30.000 0.2222222239
125416  -27.265  25.583  -31.523 0.3333333433
127830  -29.139  27.311  -32.535 0.3333333433
127845  -30.093  27.477  -33.030 0.4444444478
127857  -29.590  27.976  -34.343 0.2222222239
127858  -30.304  27.647  -34.456 0.2222222239
126716  -30.941  26.738  -34.436 0.2222222239
125492  -31.168  25.927  -35.524 0.1111111119
128956  -29.700  28.053  -34.819 0.1111111119
127869  -30.296  27.671  -35.866 0.1111111119
125512  -31.403  24.897  -36.258 0.1111111119
128967  -29.448  28.292  -35.613 0.1111111119
126741  -30.225  26.649  -36.829 0.1111111119
125511  -30.971  25.701  -36.336 0.1111111119
125401  -26.060  24.715  -30.679 0.3333333433
125402  -26.477  25.232  -30.931 0.3333333433
125398  -26.398  25.330  -30.430 0.3333333433
126659  -26.766  26.319  -31.236 0.3333333433
126684  -28.292  27.037  -32.158 0.3333333433
127843  -28.573  28.224  -33.311 0.2222222239
128955  -29.129  28.375  -34.477 0.1111111119
128980  -29.393  28.390  -36.758 0.1111111119
126753  -29.857  26.210  -37.509 0.1111111119
127890  -28.496  27.977  -38.523 0.1111111119
126616  -26.756  25.157  -28.574 0.1111111119
126643  -26.766  26.368  -30.237 0.1111111119
127805  -26.765  26.583  -31.006 0.2222222239
127806  -27.334  27.173  -31.341 0.2222222239
127828  -27.489  27.576  -32.092 0.3333333433
126683  -27.863  27.284  -32.134 0.3333333433
128926  -27.481  28.283  -32.606 0.2222222239
128942  -26.868  28.765  -33.128 0.1111111119
129955  -27.242  29.379  -33.901 0.1111111119
129956  -27.980  29.281  -33.906 0.1111111119
129975  -27.904  29.650  -34.545 0.1111111119
128979  -28.847  29.222  -36.292 0.1111111119
127880  -29.537  27.613  -37.136 0.1111111119
125546  -29.217  25.662  -38.606 0.1111111119
123095  -30.657  23.806  -37.951 0.1111111119
126634  -27.130  26.334  -29.449 0.1111111119
127768  -27.952  26.970  -29.757 0.1111111119
128906  -27.299  28.627  -31.528 0.1111111119
128925  -26.890  28.270  -32.251 0.2222222239
128924  -26.437  29.069  -32.134 0.1111111119
128941  -26.328  29.041  -32.770 0.1111111119
129933  -25.239  30.012  -33.370 0.1111111119
129974  -26.745  30.273  -34.873 0.1111111119
129973  -25.461  30.228  -34.703 0.1111111119
129990  -27.883  30.185  -35.723 0.1111111119
127785  -28.341  27.560  -30.205 0.1111111119
127769  -28.645  27.477  -29.236 0.1111111119
128885  -28.697  28.407  -30.011 0.1111111119
128884  -27.932  28.450  -30.608 0.1111111119
129893  -27.563  29.660  -30.851 0.1111111119
129915  -26.961  29.762  -31.478 0.1111111119
130939  -27.131  30.294  -31.117 0.1111111119
130953  -25.332  30.467  -32.913 0.1111111119
128869  -29.211  28.498  -29.327 0.1111111119
129873  -28.735  29.522  -29.587 0.1111111119
104281  -35.736  9.533  -35.256 0.1111111119
105728  -34.404  10.734  -34.206 0.1111111119
105774  -34.527  10.053  -35.903 0.1111111119
111058  -33.721  14.657  -31.947 0.1111111119
109708  -33.728  13.840  -32.767 0.1111111119
112461  -33.674  15.490  -31.268 0.1111111119
121782  -25.328  22.459  -30.699 0.4444444478
124216  -31.673  24.793  -31.983 0.3333333433
123033  -32.758  23.519  -32.287 0.2222222239
123034  -32.895  22.841  -31.781 0.1111111119
119405  -32.982  20.412  -32.118 0.1111111119
123058  -32.626  23.164  -34.373 0.2222222239
125493  -31.321  25.235  -35.353 0.1111111119
124250  -31.839  24.440  -35.745 0.1111111119
121851  -32.695  22.062  -35.781 0.1111111119
126661  -28.156  26.305  -31.854 0.3333333433
125530  -30.085  25.500  -37.469 0.1111111119
129914  -26.313  29.860  -31.884 0.1111111119
129972  -24.941  30.415  -34.702 0.1111111119
129872  -27.998  30.205  -30.131 0.1111111119
107086  -37.279  11.157  -35.496 0.1111111119
104295  -35.354  9.964  -36.162 0.1111111119
112445  -33.858  15.881  -30.148 0.2222222239
116762  -33.193  17.943  -29.286 0.2222222239
118137  -32.929  19.500  -31.590 0.1111111119
120595  -24.226  21.832  -30.452 0.4444444478
123012  -25.687  23.184  -30.820 0.4444444478
126662  -29.025  26.312  -31.768 0.4444444478
126686  -30.593  26.842  -32.445 0.4444444478
126702  -30.856  26.967  -33.498 0.2222222239
126635  -28.008  26.588  -29.151 0.1111111119
126618  -28.570  26.529  -28.524 0.1111111119
127770  -29.363  27.885  -28.898 0.1111111119
129894  -28.214  29.259  -30.262 0.1111111119
105776  -37.350  10.312  -35.808 0.1111111119
104224  -34.940  9.981  -32.171 0.1111111119
104266  -35.546  9.319  -34.116 0.1111111119
104296  -36.384  9.915  -35.802 0.1111111119
107076  -38.205  11.218  -35.004 0.1111111119
107087  -38.035  10.686  -35.614 0.1111111119
107096  -35.596  11.122  -36.237 0.1111111119
105773  -33.738  11.054  -36.075 0.1111111119
105794  -33.888  11.846  -36.316 0.1111111119
107072  -32.833  12.395  -34.984 0.1111111119
111072  -33.405  14.733  -32.708 0.1111111119
108366  -33.344  13.166  -33.696 0.1111111119
112478  -33.177  15.391  -32.236 0.1111111119
113992  -32.398  15.924  -32.699 0.1111111119
115456  -33.172  17.663  -32.007 0.1111111119
120612  -24.794  21.636  -30.844 0.4444444478
115474  -32.465  17.914  -32.603 0.1111111119
116810  -32.973  18.620  -32.247 0.1111111119
119418  -32.701  20.612  -33.132 0.1111111119
118150  -32.756  19.590  -32.636 0.1111111119
169033  -24.320  22.319  -30.140 0.4444444478
122995  -24.770  22.511  -30.403 0.4444444478
118179  -32.036  19.519  -34.834 0.1111111119
119454  -32.265  20.701  -35.304 0.1111111119
169039  -25.225  23.753  -29.962 0.2222222239
125397  -25.959  24.706  -30.326 0.2222222239
121852  -33.060  21.606  -36.068 0.1111111119
126615  -26.080  24.104  -28.672 0.1111111119
126642  -26.484  26.066  -30.654 0.2222222239
123096  -31.102  23.161  -37.489 0.1111111119
121875  -32.284  22.669  -38.206 0.1111111119
126604  -26.490  24.583  -28.301 0.1111111119
124165  -27.104  24.478  -27.574 0.1111111119
126617  -27.620  25.938  -28.561 0.1111111119
125385  -28.239  25.607  -27.993 0.1111111119
125558  -28.348  25.968  -39.578 0.1111111119
126619  -29.612  26.640  -28.437 0.1111111119
130997  -25.494  31.537  -35.719 0.1111111119
130999  -27.294  30.904  -36.059 0.1111111119
130006  -27.855  30.075  -38.054 0.1111111119
130015  -27.247  29.856  -38.824 0.1111111119
127755  -29.143  27.303  -28.581 0.1111111119
130924  -26.802  30.986  -30.940 0.1111111119
131944  -25.755  31.929  -32.528 0.1111111119
113935  -33.371  16.733  -29.605 0.1111111119
120635  -33.300  21.717  -31.663 0.1111111119
125420  -30.776  25.466  -31.559 0.4444444478
107044  -34.040  11.903  -33.000 0.1111111119
118106  -33.171  18.958  -29.860 0.2222222239
107061  -33.832  11.762  -34.002 0.1111111119
105795  -34.792  10.719  -36.294 0.1111111119
105749  -33.222  11.437  -35.582 0.1111111119
113955  -33.310  16.787  -30.793 0.1111111119
115438  -33.147  17.434  -31.217 0.1111111119
113973  -33.051  16.980  -31.579 0.1111111119
120650  -33.149  21.729  -32.450 0.1111111119
118166  -32.438  19.650  -33.637 0.1111111119
125454  -31.887  25.664  -33.315 0.2222222239
125474  -32.381  24.981  -33.752 0.1111111119
121829  -32.921  22.459  -33.721 0.2222222239
123080  -30.646  23.754  -37.022 0.1111111119
126752  -29.414  26.746  -37.889 0.1111111119
124264  -32.157  23.660  -36.108 0.1111111119
124262  -30.668  24.666  -36.785 0.1111111119
123081  -31.353  23.192  -36.645 0.1111111119
121861  -33.096  21.699  -36.493 0.1111111119
118193  -31.413  19.325  -35.750 0.1111111119
119439  -32.486  20.566  -34.296 0.1111111119
121843  -32.619  22.295  -34.675 0.2222222239
125415  -26.839  25.977  -31.506 0.3333333433
126728  -30.828  26.671  -35.488 0.1111111119
127881  -29.974  27.405  -36.685 0.1111111119
126660  -27.487  26.661  -31.687 0.3333333433
127829  -28.295  27.858  -32.643 0.2222222239
128944  -28.703  28.433  -33.751 0.1111111119
128954  -28.517  29.049  -34.103 0.1111111119
128966  -28.671  29.149  -35.102 0.1111111119
128991  -29.266  28.164  -37.343 0.1111111119
126751  -28.889  27.321  -38.288 0.1111111119
128990  -28.746  28.880  -37.612 0.1111111119
126764  -28.525  26.897  -39.001 0.1111111119
128999  -27.796  28.998  -38.698 0.1111111119
126605  -26.634  24.761  -28.236 0.1111111119
126633  -26.425  25.301  -29.770 0.1111111119
127783  -26.860  26.681  -30.774 0.1111111119
127784  -27.499  27.172  -30.571 0.1111111119
128943  -28.025  28.761  -33.318 0.1111111119
129954  -26.017  29.691  -33.667 0.1111111119
129997  -28.204  30.027  -36.983 0.1111111119
128905  -26.716  29.316  -31.790 0.1111111119
129934  -25.841  29.782  -32.686 0.1111111119
130967  -24.985  30.721  -33.552 0.1111111119
130998  -26.589  31.247  -35.726 0.1111111119
129989  -27.162  30.731  -35.558 0.1111111119
130938  -26.626  30.724  -31.318 0.1111111119
130954  -25.903  30.803  -32.240 0.1111111119
104282  -36.736  9.325  -35.258 0.1111111119
105775  -36.324  10.708  -36.018 0.1111111119
120649  -32.858  21.393  -32.999 0.1111111119
120685  -32.500  21.447  -34.942 0.1111111119
120692  -32.732  21.337  -35.815 0.1111111119
130982  -24.836  31.039  -34.537 0.1111111119
130906  -27.786  31.003  -29.954 0.1111111119
125386  -29.153  25.830  -28.090 0.1111111119
113974  -32.928  16.206  -31.810 0.1111111119
113991  -32.349  16.938  -32.366 0.1111111119
118194  -31.676  20.327  -35.692 0.1111111119
119466  -33.253  20.923  -36.704 0.1111111119
125371  -26.399  24.205  -27.920 0.1111111119
120699  -33.361  21.256  -36.978 0.1111111119
125384  -27.386  25.109  -27.845 0.1111111119
131023  -27.714  30.508  -37.387 0.1111111119
131916  -26.739  31.273  -30.992 0.1111111119
131932  -26.308  31.606  -31.454 0.1111111119
131953  -25.076  31.720  -33.632 0.1111111119
81347  -25.646  -6.853  -24.331 0.2222222239
99966  -23.943  6.417  -30.218 0.2222222239
101309  -23.967  7.475  -30.796 0.2222222239
95921  -24.256  3.347  -28.778 0.3333333433
99982  -24.163  6.959  -30.930 0.4444444478
120594  -23.862  21.467  -30.449 0.3333333433
120593  -22.961  21.229  -29.989 0.2222222239
121754  -24.463  22.435  -29.465 0.1111111119
169019  -24.899  22.579  -29.215 0.1111111119
169025  -24.701  22.851  -30.031 0.2222222239
115434  -21.898  17.101  -30.516 0.2222222239
168837  -22.994  16.315  -30.731 0.1111111119
168842  -23.014  16.872  -30.478 0.1111111119
118100  -21.848  18.786  -28.920 0.1111111119
118085  -22.170  18.920  -28.663 0.1111111119
119357  -22.946  21.115  -28.470 0.1111111119
120562  -24.647  22.148  -28.809 0.1111111119
169015  -25.013  22.206  -28.658 0.1111111119
169034  -25.148  22.944  -29.260 0.1111111119
107010  -23.073  10.888  -31.114 0.2222222239
119356  -22.329  20.618  -28.934 0.1111111119
105657  -23.039  10.354  -30.731 0.1111111119
121767  -23.689  21.755  -30.018 0.3333333433
169024  -23.679  21.875  -29.494 0.3333333433
120571  -23.711  21.898  -28.961 0.1111111119
98652  -23.715  5.415  -29.281 0.2222222239
120582  -22.986  21.543  -29.115 0.1111111119
118086  -22.739  19.388  -28.350 0.1111111119
120583  -23.264  21.525  -28.728 0.1111111119
118087  -22.839  20.372  -28.175 0.1111111119
119345  -23.563  20.683  -28.085 0.1111111119
120572  -23.715  21.442  -28.494 0.1111111119
99988  -35.449  6.301  -30.843 0.1111111119
81346  -24.847  -7.129  -24.687 0.1111111119
82732  -26.375  -6.460  -24.025 0.1111111119
82713  -26.679  -6.728  -23.295 0.1111111119
81345  -24.007  -7.490  -24.689 0.1111111119
81368  -24.249  -6.771  -25.125 0.1111111119
81369  -24.920  -6.574  -25.323 0.1111111119
84075  -24.088  -5.383  -25.573 0.1111111119
84076  -24.745  -5.248  -26.115 0.1111111119
94599  -23.162  2.546  -27.540 0.1111111119
101294  -23.292  7.448  -29.816 0.1111111119
109688  -23.217  13.723  -30.970 0.2222222239
168835  -24.146  14.981  -30.533 0.2222222239
81367  -23.655  -6.988  -24.982 0.1111111119
102668  -23.595  8.294  -30.536 0.1111111119
79823  -23.538  -7.933  -24.316 0.1111111119
81316  -25.208  -7.627  -23.817 0.1111111119
81317  -26.027  -7.174  -23.507 0.1111111119
81344  -23.287  -7.318  -24.585 0.1111111119
82784  -23.668  -6.290  -25.127 0.1111111119
84074  -23.402  -5.422  -25.053 0.1111111119
86675  -24.369  -4.004  -25.451 0.1111111119
88009  -24.360  -2.687  -25.948 0.1111111119
93252  -23.254  2.092  -27.341 0.1111111119
95920  -23.340  3.387  -27.980 0.1111111119
101275  -22.816  7.234  -28.845 0.1111111119
168839  -24.056  15.889  -30.720 0.1111111119
81315  -24.528  -7.793  -24.273 0.1111111119
168841  -23.884  15.944  -30.791 0.1111111119
97260  -23.469  4.372  -28.651 0.1111111119
94600  -23.930  2.573  -27.911 0.1111111119
89345  -24.002  -2.210  -25.792 0.1111111119
89360  -23.802  -0.967  -26.264 0.1111111119
93253  -23.659  2.046  -27.418 0.1111111119
86689  -24.371  -3.341  -25.528 0.1111111119
99952  -23.300  6.465  -29.048 0.1111111119
98634  -22.858  5.443  -28.482 0.1111111119
79824  -24.086  -8.132  -24.315 0.1111111119
82756  -23.358  -6.837  -24.880 0.1111111119
94578  -22.709  2.547  -27.313 0.1111111119
111039  -23.671  14.383  -30.454 0.1111111119
85363  -23.885  -4.611  -25.317 0.1111111119
93235  -23.348  1.733  -27.026 0.1111111119
94577  -22.680  2.166  -27.024 0.1111111119
115390  -24.693  15.674  -30.309 0.1111111119
115411  -24.012  16.677  -30.579 0.1111111119
168836  -21.970  17.164  -29.971 0.1111111119
108327  -22.745  12.749  -30.787 0.1111111119
115435  -23.301  17.482  -30.409 0.1111111119
116774  -21.901  17.912  -29.690 0.1111111119
118120  -21.865  18.649  -29.908 0.1111111119
84079  -27.049  -5.070  -25.692 0.3333333433
85398  -26.203  -3.807  -26.711 0.3333333433
86718  -29.201  -2.588  -27.971 0.3333333433
88031  -28.477  -2.601  -27.782 0.3333333433
89380  -29.878  -1.266  -28.176 0.4444444478
90709  -27.277  -1.216  -27.775 0.3333333433
90711  -29.916  -1.028  -28.164 0.4444444478
90737  -31.799  -0.130  -29.682 0.2222222239
91994  -33.175  0.683  -30.208 0.1111111119
92006  -33.217  1.052  -30.487 0.1111111119
93239  -31.057  1.457  -28.003 0.4444444478
93281  -33.693  1.156  -30.308 0.1111111119
93282  -34.253  1.494  -30.078 0.1111111119
93297  -33.584  1.534  -30.408 0.1111111119
94598  -22.975  2.181  -27.295 0.1111111119
94605  -31.961  1.877  -28.446 0.3333333433
94651  -33.396  2.116  -30.386 0.1111111119
95896  -22.486  2.672  -27.162 0.1111111119
95926  -33.299  3.078  -29.702 0.1111111119
95947  -26.381  3.206  -29.608 0.7777777910
97329  -28.509  5.144  -30.703 0.8888888955
98620  -30.678  5.174  -28.350 0.4444444478
98635  -29.809  5.091  -29.163 0.7777777910
98640  -34.028  5.219  -28.924 0.1111111119
98669  -24.780  5.459  -30.455 0.5555555820
98674  -34.822  5.239  -30.365 0.1111111119
99955  -33.812  5.762  -28.498 0.3333333433
99986  -29.989  6.904  -30.310 1.0000000000
101279  -30.749  7.590  -28.370 0.6666666865
101297  -35.245  7.457  -29.787 0.3333333433
101311  -29.792  7.326  -30.890 1.0000000000
101340  -26.287  7.866  -32.415 1.0000000000
102646  -31.030  8.554  -28.714 0.6666666865
102647  -34.130  8.505  -28.009 0.5555555820
102669  -30.583  8.341  -29.776 0.8888888955
102738  -25.183  8.834  -33.528 0.8888888955
102739  -25.480  8.726  -33.456 0.8888888955
104133  -32.132  9.315  -27.824 0.5555555820
104152  -30.958  9.650  -29.073 0.8888888955
104247  -34.879  10.119  -32.789 0.1111111119
104263  -24.952  8.959  -33.518 0.8888888955
104265  -25.796  9.123  -33.423 0.8888888955
104301  -35.339  10.297  -36.301 0.1111111119
104302  -35.762  10.211  -36.231 0.1111111119
105605  -33.119  9.718  -27.754 0.5555555820
105629  -34.724  10.641  -28.832 0.4444444478
105644  -35.142  10.224  -29.713 0.3333333433
105658  -27.437  10.877  -31.464 1.0000000000
105729  -35.093  10.028  -33.893 0.1111111119
105796  -35.541  10.552  -36.296 0.1111111119
107057  -26.782  12.555  -33.322 0.8888888955
107059  -27.796  12.664  -33.868 0.8888888955
108288  -32.233  12.366  -28.150 0.6666666865
108317  -28.124  13.094  -31.674 1.0000000000
108329  -28.258  13.341  -32.156 1.0000000000
108331  -28.289  12.751  -33.264 0.8888888955
108346  -28.156  12.399  -33.180 0.8888888955
108347  -28.161  12.692  -33.693 0.8888888955
108365  -28.044  12.925  -34.131 1.0000000000
108367  -33.680  12.400  -33.490 0.1111111119
109646  -34.166  13.485  -29.031 0.5555555820
109664  -30.122  13.434  -29.176 0.7777777910
109679  -34.459  13.508  -30.810 0.4444444478
109690  -28.104  13.660  -32.683 1.0000000000
109692  -28.311  12.910  -33.518 1.0000000000
109706  -28.063  13.415  -33.521 1.0000000000
109707  -28.242  13.084  -33.769 1.0000000000
109721  -27.739  13.216  -33.773 1.0000000000
109722  -28.092  13.196  -33.903 1.0000000000
109723  -33.350  14.523  -33.584 0.1111111119
110995  -31.091  14.169  -28.488 0.7777777910
111028  -28.108  14.204  -32.035 1.0000000000
111041  -28.041  14.258  -32.273 1.0000000000
111042  -27.831  14.766  -32.383 0.8888888955
111043  -33.926  14.873  -31.405 0.2222222239
111057  -27.524  14.870  -32.337 0.8888888955
111059  -33.980  13.968  -32.000 0.2222222239
112401  -31.329  15.083  -28.453 0.6666666865
112421  -28.689  15.118  -30.003 0.8888888955
112441  -22.327  16.869  -30.423 0.1111111119
112446  -34.102  15.037  -30.605 0.3333333433
112456  -22.337  16.493  -31.013 0.3333333433
112458  -26.023  16.121  -31.662 0.8888888955
112460  -27.698  15.222  -32.111 0.8888888955
112473  -22.573  15.941  -32.902 0.6666666865
112486  -22.573  15.915  -32.986 0.6666666865
113952  -27.372  16.159  -30.417 0.8888888955
113954  -33.198  17.056  -31.207 0.1111111119
113969  -22.692  16.084  -32.646 0.6666666865
113987  -22.341  16.298  -32.835 0.6666666865
115417  -30.247  17.189  -28.652 0.7777777910
115436  -26.512  17.972  -30.444 0.7777777910
115437  -26.745  17.506  -30.094 0.8888888955
115455  -26.627  17.424  -30.576 0.8888888955
115470  -21.840  17.435  -32.554 0.4444444478
115482  -21.934  17.155  -33.224 0.6666666865
116758  -30.045  18.361  -28.165 0.6666666865
116761  -32.922  18.411  -28.873 0.2222222239
116783  -33.154  18.306  -29.777 0.1111111119
116799  -27.276  18.489  -29.742 0.6666666865
116807  -21.822  18.092  -31.704 0.4444444478
116809  -26.419  18.857  -31.414 0.6666666865
116850  -23.173  19.390  -34.132 0.6666666865
116852  -23.823  18.944  -33.579 0.7777777910
118088  -30.031  19.260  -28.306 0.4444444478
118091  -32.332  19.344  -28.621 0.4444444478
118102  -28.011  19.764  -29.882 0.6666666865
118126  -33.109  18.695  -30.308 0.2222222239
118148  -24.916  19.902  -32.661 0.6666666865
118162  -22.674  19.582  -33.819 0.6666666865
118163  -23.565  19.933  -33.691 0.6666666865
118164  -24.064  19.864  -33.256 0.7777777910
118176  -23.384  19.830  -33.988 0.7777777910
118178  -31.666  19.162  -35.183 0.1111111119
119359  -31.110  20.238  -28.443 0.4444444478
119370  -28.202  20.174  -29.891 0.6666666865
119388  -23.439  20.583  -31.672 0.5555555820
119401  -22.479  20.249  -32.385 0.5555555820
119413  -22.614  20.351  -33.382 0.5555555820
119419  -32.955  21.066  -32.495 0.1111111119
119438  -23.842  20.472  -33.140 0.6666666865
119452  -23.102  20.142  -34.290 0.6666666865
119453  -23.154  20.241  -34.178 0.6666666865
119465  -32.557  20.759  -36.365 0.1111111119
120585  -31.711  20.836  -28.902 0.4444444478
120586  -32.129  20.687  -28.926 0.3333333433
120596  -29.126  21.153  -29.946 0.6666666865
120617  -30.205  21.665  -30.053 0.6666666865
120619  -33.385  21.540  -31.019 0.1111111119
120644  -22.896  20.798  -33.363 0.6666666865
120666  -22.883  20.654  -33.713 0.5555555820
120667  -23.105  20.738  -33.625 0.6666666865
120670  -33.016  21.924  -33.183 0.1111111119
120693  -33.221  21.243  -36.337 0.1111111119
121766  -23.268  21.628  -29.621 0.1111111119
121768  -28.995  22.966  -29.767 0.6666666865
121769  -29.220  23.093  -29.857 0.6666666865
121771  -31.266  22.134  -29.778 0.6666666865
121787  -30.923  22.456  -30.073 0.6666666865
121804  -32.666  22.619  -31.074 0.3333333433
121805  -33.004  22.258  -31.266 0.1111111119
121859  -31.710  22.535  -37.048 0.1111111119
121860  -32.582  22.237  -36.729 0.1111111119
121866  -31.685  22.763  -37.877 0.1111111119
121867  -32.389  22.365  -37.556 0.1111111119
121868  -33.076  21.855  -37.309 0.1111111119
121874  -31.849  22.982  -38.343 0.1111111119
122985  -24.565  22.528  -30.208 0.4444444478
122986  -28.825  23.246  -29.912 0.6666666865
122989  -31.641  22.602  -29.859 0.5555555820
123000  -29.348  23.548  -30.113 0.6666666865
123002  -31.011  23.036  -30.313 0.4444444478
123003  -31.852  23.111  -30.143 0.5555555820
123016  -32.727  22.723  -31.349 0.3333333433
123044  -33.096  22.926  -32.469 0.1111111119
123082  -32.210  22.782  -36.317 0.1111111119
124182  -30.987  23.741  -30.743 0.4444444478
124195  -25.792  23.809  -31.076 0.4444444478
124196  -27.613  25.189  -31.490 0.4444444478
124251  -32.176  23.801  -35.046 0.1111111119
124274  -30.342  24.466  -37.671 0.1111111119
124288  -29.345  24.729  -39.030 0.1111111119
125383  -26.736  24.645  -27.939 0.1111111119
125404  -28.410  25.120  -31.283 0.4444444478
125438  -31.892  24.875  -32.273 0.2222222239
125545  -28.776  26.184  -38.959 0.1111111119
125547  -29.806  24.878  -38.253 0.1111111119
126687  -30.927  26.172  -31.920 0.4444444478
126740  -29.784  27.086  -37.122 0.1111111119
126765  -29.018  26.353  -38.633 0.1111111119
127807  -29.282  26.814  -32.134 0.4444444478
127808  -29.558  26.658  -31.928 0.4444444478
127868  -29.760  27.884  -36.414 0.1111111119
127891  -29.087  27.764  -37.796 0.1111111119
128968  -29.977  27.942  -35.195 0.1111111119
129953  -24.887  30.031  -34.128 0.1111111119
130983  -25.120  30.852  -35.229 0.1111111119
130984  -25.803  30.798  -35.359 0.1111111119
130996  -25.009  31.566  -35.419 0.1111111119
131011  -27.545  30.698  -36.749 0.1111111119
131943  -25.257  31.206  -32.904 0.1111111119
169016  -24.739  22.417  -29.109 0.1111111119
169018  -25.006  22.461  -28.953 0.1111111119
169020  -24.072  22.024  -29.952 0.4444444478
169021  -24.242  22.347  -29.934 0.2222222239
169023  -25.053  22.643  -29.156 0.1111111119
169028  -25.016  23.352  -30.134 0.2222222239
169029  -24.939  23.250  -30.113 0.2222222239
169030  -24.888  23.213  -30.058 0.2222222239
169031  -24.185  21.993  -30.270 0.4444444478
169035  -24.847  23.062  -29.825 0.2222222239
169041  -24.529  22.572  -30.144 0.4444444478
169045  -24.984  23.307  -29.776 0.2222222239
