#!ascii label  , from subject _151 vox2ras=TkReg
452
107012  -28.110  11.578  -30.362 0.0000000000
101325  -25.999  7.311  -31.917 0.0000000000
101257  -32.099  7.503  -27.637 0.0000000000
94626  -29.014  2.998  -29.426 0.0000000000
124197  -27.896  24.967  -31.442 0.0000000000
119390  -28.600  20.828  -30.029 0.0000000000
112489  -25.071  15.501  -33.121 0.0000000000
90725  -27.566  -0.604  -27.975 0.0000000000
97327  -27.361  5.087  -31.086 0.0000000000
95946  -25.925  3.243  -29.452 0.0000000000
121783  -27.542  22.739  -30.635 0.0000000000
119415  -24.464  20.520  -32.763 0.0000000000
107040  -25.541  11.677  -32.762 0.0000000000
109703  -24.753  13.119  -33.320 0.0000000000
109705  -27.389  13.492  -33.062 0.0000000000
113951  -26.949  15.689  -31.141 0.0000000000
111013  -29.131  14.463  -29.787 0.0000000000
108287  -31.403  12.358  -28.547 0.0000000000
102707  -24.262  8.094  -32.850 0.0000000000
104246  -27.640  9.052  -32.397 0.0000000000
104175  -29.771  9.709  -29.785 0.0000000000
101328  -29.023  7.290  -31.226 0.0000000000
98636  -30.233  5.348  -28.766 0.0000000000
94582  -32.061  2.599  -28.204 0.0000000000
115483  -22.570  17.521  -33.520 0.0000000000
116808  -26.119  18.219  -31.702 0.0000000000
118104  -29.465  19.358  -28.936 0.0000000000
91989  -26.034  1.215  -28.788 0.0000000000
93257  -27.538  1.106  -28.910 0.0000000000
97279  -25.824  4.199  -29.669 0.0000000000
95922  -24.825  2.887  -28.821 0.0000000000
120647  -24.928  21.286  -32.455 0.0000000000
119414  -22.802  20.705  -32.879 0.0000000000
107024  -26.945  11.577  -32.618 0.0000000000
107058  -27.206  12.612  -33.492 0.0000000000
108330  -28.244  12.718  -32.556 0.0000000000
109677  -28.052  13.750  -31.223 0.0000000000
108303  -28.485  12.873  -29.963 0.0000000000
109642  -30.637  13.315  -28.640 0.0000000000
108305  -30.164  12.474  -29.233 0.0000000000
102708  -25.013  7.811  -32.758 0.0000000000
102740  -26.046  8.747  -33.284 0.0000000000
101341  -27.201  7.950  -32.358 0.0000000000
102709  -28.481  8.141  -31.842 0.0000000000
101327  -27.968  7.372  -31.871 0.0000000000
95970  -28.145  3.848  -30.533 0.0000000000
97303  -28.855  5.021  -30.444 0.0000000000
95949  -29.244  3.838  -29.735 0.0000000000
97246  -30.683  4.705  -28.169 0.0000000000
95898  -29.657  2.946  -27.928 0.0000000000
123012  -25.687  23.184  -30.820 0.0000000000
124176  -25.757  24.192  -30.685 0.0000000000
125403  -26.754  24.996  -31.116 0.0000000000
126661  -28.156  26.305  -31.854 0.0000000000
125419  -30.068  25.594  -31.336 0.0000000000
120614  -27.842  21.805  -30.577 0.0000000000
109718  -24.760  13.448  -33.106 0.0000000000
111069  -23.494  14.675  -33.101 0.0000000000
114004  -23.275  16.500  -33.481 0.0000000000
116838  -23.709  18.500  -33.500 0.0000000000
114006  -25.183  16.643  -32.974 0.0000000000
113933  -29.464  16.404  -29.370 0.0000000000
116779  -27.690  17.739  -29.505 0.0000000000
115393  -30.141  17.722  -28.306 0.0000000000
104177  -31.037  8.957  -29.197 0.0000000000
104154  -31.873  9.893  -28.015 0.0000000000
90708  -26.711  -0.869  -27.737 0.0000000000
90724  -26.493  -0.049  -28.306 0.0000000000
91990  -26.532  1.158  -29.041 0.0000000000
91972  -28.062  0.358  -28.295 0.0000000000
99984  -25.249  6.059  -31.045 0.0000000000
98693  -27.100  5.660  -31.478 0.0000000000
98671  -25.812  5.158  -30.922 0.0000000000
95968  -26.739  3.531  -29.976 0.0000000000
94648  -27.275  3.037  -29.818 0.0000000000
123014  -26.393  23.336  -31.222 0.0000000000
122998  -27.106  23.737  -30.745 0.0000000000
121803  -26.689  22.695  -31.128 0.0000000000
120634  -27.097  21.855  -31.150 0.0000000000
119403  -26.653  20.835  -31.366 0.0000000000
105703  -24.391  10.315  -32.699 0.0000000000
108344  -25.141  12.438  -33.416 0.0000000000
109719  -25.726  13.225  -33.288 0.0000000000
111055  -25.794  14.571  -32.542 0.0000000000
112475  -25.973  15.512  -32.095 0.0000000000
112477  -27.648  15.048  -32.372 0.0000000000
112444  -28.010  15.263  -30.359 0.0000000000
112423  -30.253  15.678  -29.238 0.0000000000
110996  -31.912  14.185  -28.251 0.0000000000
88045  -28.929  -2.281  -28.019 0.0000000000
89393  -29.407  -1.545  -28.049 0.0000000000
104242  -24.710  9.289  -33.309 0.0000000000
105706  -26.950  10.014  -32.809 0.0000000000
104198  -27.702  10.173  -31.629 0.0000000000
105660  -28.866  10.521  -30.183 0.0000000000
104199  -28.342  9.667  -30.963 0.0000000000
104201  -30.155  8.702  -30.146 0.0000000000
101295  -30.287  7.501  -29.566 0.0000000000
98695  -28.715  5.804  -30.869 0.0000000000
98673  -29.630  6.585  -30.034 0.0000000000
99954  -30.775  6.786  -28.425 0.0000000000
98622  -32.061  5.430  -27.683 0.0000000000
97248  -32.314  4.280  -27.589 0.0000000000
124199  -30.211  24.979  -31.078 0.0000000000
118175  -23.012  19.743  -34.283 0.0000000000
118165  -24.772  19.220  -32.906 0.0000000000
118135  -26.740  19.668  -30.950 0.0000000000
115453  -26.280  17.382  -31.470 0.0000000000
116798  -26.693  18.669  -30.452 0.0000000000
119371  -29.031  20.413  -29.571 0.0000000000
106982  -31.030  11.425  -28.911 0.0000000000
106984  -32.960  11.411  -28.082 0.0000000000
94601  -24.656  2.366  -28.459 0.0000000000
94622  -25.668  2.440  -29.059 0.0000000000
93276  -26.685  1.689  -29.414 0.0000000000
93278  -27.810  1.614  -29.092 0.0000000000
90727  -29.868  -0.705  -28.259 0.0000000000
93259  -29.596  0.985  -28.181 0.0000000000
93238  -30.064  1.553  -27.940 0.0000000000
118134  -22.063  19.548  -31.657 0.0000000000
107011  -27.686  11.825  -31.463 0.0000000000
107025  -27.707  11.928  -32.608 0.0000000000
108318  -28.026  12.856  -30.560 0.0000000000
106997  -28.436  12.162  -29.782 0.0000000000
108304  -29.064  12.719  -29.580 0.0000000000
99999  -24.868  7.106  -31.482 0.0000000000
101323  -24.398  7.612  -31.698 0.0000000000
101324  -25.115  7.751  -31.892 0.0000000000
101339  -25.557  7.832  -32.416 0.0000000000
101326  -26.936  7.251  -31.941 0.0000000000
95948  -28.581  3.376  -30.009 0.0000000000
95971  -28.837  4.181  -30.341 0.0000000000
95923  -29.551  3.452  -28.855 0.0000000000
122997  -26.482  23.971  -31.205 0.0000000000
124177  -26.250  24.375  -31.189 0.0000000000
124178  -27.128  24.729  -31.142 0.0000000000
125417  -28.207  25.562  -31.582 0.0000000000
125418  -29.155  25.613  -31.096 0.0000000000
125405  -28.727  25.024  -30.966 0.0000000000
120615  -28.689  21.654  -30.144 0.0000000000
121785  -29.409  22.619  -30.030 0.0000000000
120616  -29.588  21.737  -30.129 0.0000000000
120597  -29.755  21.120  -29.776 0.0000000000
111071  -24.963  14.281  -33.033 0.0000000000
111070  -24.007  14.541  -33.407 0.0000000000
112488  -24.100  15.460  -33.515 0.0000000000
112487  -23.193  15.564  -33.250 0.0000000000
114005  -24.263  16.555  -33.377 0.0000000000
113934  -30.298  16.736  -28.911 0.0000000000
115416  -29.754  17.519  -28.820 0.0000000000
102624  -31.603  8.459  -27.991 0.0000000000
104132  -31.785  9.064  -28.122 0.0000000000
102625  -32.539  8.407  -27.593 0.0000000000
89379  -27.732  -1.669  -27.878 0.0000000000
91971  -27.020  0.513  -28.745 0.0000000000
98670  -25.248  5.525  -30.772 0.0000000000
97299  -25.615  4.895  -30.326 0.0000000000
97280  -26.312  3.810  -29.744 0.0000000000
94647  -26.709  2.912  -29.666 0.0000000000
120613  -25.542  22.015  -30.908 0.0000000000
121802  -26.103  22.631  -31.338 0.0000000000
120632  -25.585  21.673  -31.498 0.0000000000
120646  -24.025  20.803  -32.664 0.0000000000
120648  -25.651  21.425  -32.203 0.0000000000
119417  -26.085  21.001  -32.140 0.0000000000
119416  -25.396  20.765  -32.516 0.0000000000
105704  -25.219  10.552  -33.097 0.0000000000
108364  -27.444  12.908  -33.789 0.0000000000
108363  -26.470  12.806  -33.424 0.0000000000
109720  -26.864  13.170  -33.410 0.0000000000
109704  -26.230  13.667  -32.730 0.0000000000
111056  -27.077  14.310  -32.177 0.0000000000
111030  -28.105  14.422  -30.817 0.0000000000
111012  -28.550  14.611  -30.270 0.0000000000
112422  -29.371  15.349  -29.662 0.0000000000
112400  -30.678  14.916  -28.747 0.0000000000
111014  -30.080  14.381  -29.225 0.0000000000
108286  -30.851  12.396  -28.879 0.0000000000
109643  -31.507  13.216  -28.155 0.0000000000
108289  -33.256  12.488  -28.363 0.0000000000
86717  -28.884  -2.744  -27.840 0.0000000000
86707  -29.235  -2.811  -27.709 0.0000000000
102706  -23.799  8.592  -32.581 0.0000000000
104221  -23.798  9.190  -32.929 0.0000000000
104245  -27.117  9.218  -32.788 0.0000000000
104244  -26.398  9.433  -33.177 0.0000000000
104222  -27.456  9.739  -32.332 0.0000000000
104223  -28.142  9.154  -31.893 0.0000000000
102710  -28.904  7.951  -31.128 0.0000000000
102690  -29.699  8.037  -30.760 0.0000000000
102691  -30.340  8.106  -30.362 0.0000000000
101312  -30.181  7.448  -30.371 0.0000000000
98694  -27.933  5.676  -31.420 0.0000000000
98654  -29.687  5.236  -29.470 0.0000000000
98672  -29.187  5.780  -30.023 0.0000000000
98655  -29.731  6.113  -29.437 0.0000000000
99953  -30.169  6.758  -28.861 0.0000000000
98637  -30.802  6.180  -28.491 0.0000000000
98621  -31.065  5.429  -28.139 0.0000000000
95899  -30.614  3.513  -27.875 0.0000000000
97247  -31.399  4.476  -27.672 0.0000000000
95900  -31.735  3.404  -27.662 0.0000000000
95925  -33.021  3.207  -28.985 0.0000000000
122999  -28.343  23.659  -30.353 0.0000000000
124180  -29.224  24.740  -30.551 0.0000000000
108343  -24.878  12.592  -32.866 0.0000000000
113986  -22.043  16.885  -32.277 0.0000000000
115471  -22.033  17.784  -33.150 0.0000000000
116824  -22.462  18.556  -33.342 0.0000000000
116837  -23.004  18.711  -34.084 0.0000000000
116840  -25.114  18.697  -33.009 0.0000000000
116839  -24.409  18.777  -33.296 0.0000000000
116825  -25.436  18.790  -32.333 0.0000000000
118149  -26.137  19.855  -32.138 0.0000000000
116826  -26.081  18.937  -31.955 0.0000000000
112459  -26.872  15.765  -31.691 0.0000000000
113970  -26.149  16.693  -31.558 0.0000000000
113971  -26.644  16.603  -31.116 0.0000000000
116780  -28.663  18.351  -29.341 0.0000000000
116800  -27.909  18.358  -29.609 0.0000000000
118124  -27.961  18.858  -29.730 0.0000000000
118103  -28.378  19.512  -29.613 0.0000000000
119358  -30.236  19.950  -28.509 0.0000000000
105641  -29.568  10.514  -29.628 0.0000000000
105642  -30.330  10.451  -29.258 0.0000000000
105627  -32.486  10.290  -27.849 0.0000000000
91969  -25.509  0.800  -28.377 0.0000000000
93255  -24.960  1.580  -28.378 0.0000000000
94602  -25.235  2.117  -28.660 0.0000000000
93256  -25.614  1.653  -28.717 0.0000000000
91991  -26.980  1.116  -29.317 0.0000000000
93277  -27.299  1.654  -29.353 0.0000000000
93258  -28.481  1.376  -28.642 0.0000000000
90710  -29.649  -1.040  -27.990 0.0000000000
97278  -24.969  4.573  -29.870 0.0000000000
95944  -24.631  3.870  -29.399 0.0000000000
95945  -25.143  3.341  -29.288 0.0000000000
120631  -24.514  21.241  -31.877 0.0000000000
120630  -23.756  20.804  -32.124 0.0000000000
120645  -23.302  20.793  -32.898 0.0000000000
120668  -23.492  20.673  -33.252 0.0000000000
107041  -26.583  12.186  -32.940 0.0000000000
107042  -27.673  12.272  -33.404 0.0000000000
107043  -28.005  12.601  -33.934 0.0000000000
109691  -28.301  13.119  -33.247 0.0000000000
109676  -28.132  13.794  -31.976 0.0000000000
108316  -28.241  13.425  -31.911 0.0000000000
109678  -28.140  13.699  -30.654 0.0000000000
109662  -28.511  13.684  -30.042 0.0000000000
109663  -29.532  13.539  -29.492 0.0000000000
102688  -24.010  7.764  -32.097 0.0000000000
102722  -24.970  8.618  -33.410 0.0000000000
102723  -25.500  8.156  -33.098 0.0000000000
102724  -26.567  8.548  -32.848 0.0000000000
102725  -27.398  8.571  -32.509 0.0000000000
102726  -27.966  8.592  -32.269 0.0000000000
101342  -27.885  8.094  -32.318 0.0000000000
97301  -27.642  4.445  -30.762 0.0000000000
97328  -28.092  5.122  -30.925 0.0000000000
97302  -28.360  4.612  -30.644 0.0000000000
97281  -29.367  4.717  -29.981 0.0000000000
97261  -29.671  4.570  -29.205 0.0000000000
97262  -30.097  4.204  -28.484 0.0000000000
95924  -29.890  3.582  -28.179 0.0000000000
94581  -31.383  2.355  -27.862 0.0000000000
122995  -24.770  22.511  -30.403 0.0000000000
125416  -27.265  25.583  -31.523 0.0000000000
126663  -29.998  26.362  -31.673 0.0000000000
121784  -28.487  22.651  -30.173 0.0000000000
122987  -29.097  23.223  -29.820 0.0000000000
111054  -23.193  14.731  -32.284 0.0000000000
112474  -22.800  15.547  -32.844 0.0000000000
114003  -22.421  16.499  -33.217 0.0000000000
115484  -23.489  17.582  -33.483 0.0000000000
115485  -24.472  17.672  -33.342 0.0000000000
115486  -25.416  17.878  -33.015 0.0000000000
113931  -27.648  16.182  -29.868 0.0000000000
115414  -27.569  16.693  -29.666 0.0000000000
115415  -28.510  17.066  -29.306 0.0000000000
116781  -29.410  18.398  -28.723 0.0000000000
104176  -30.561  9.255  -29.531 0.0000000000
105625  -31.125  10.283  -28.835 0.0000000000
104153  -31.528  9.405  -28.497 0.0000000000
105604  -32.676  9.624  -27.740 0.0000000000
90707  -25.721  -0.324  -27.824 0.0000000000
90723  -25.944  0.254  -28.415 0.0000000000
91970  -26.235  0.640  -28.693 0.0000000000
99983  -24.637  6.499  -30.996 0.0000000000
100000  -25.514  6.533  -31.428 0.0000000000
100001  -26.563  6.432  -31.639 0.0000000000
98691  -25.603  5.716  -31.114 0.0000000000
98692  -26.264  5.536  -31.269 0.0000000000
97326  -26.819  5.160  -31.175 0.0000000000
97300  -26.554  4.512  -30.604 0.0000000000
95969  -27.357  3.710  -30.409 0.0000000000
94649  -27.900  3.265  -30.073 0.0000000000
121781  -24.829  22.222  -30.582 0.0000000000
121782  -25.328  22.459  -30.699 0.0000000000
123013  -25.999  23.469  -31.355 0.0000000000
124179  -28.094  24.605  -30.901 0.0000000000
120633  -26.205  21.753  -31.545 0.0000000000
119404  -27.337  21.142  -30.858 0.0000000000
119389  -27.918  20.796  -30.370 0.0000000000
108345  -25.644  12.495  -33.118 0.0000000000
108362  -25.337  12.760  -33.772 0.0000000000
108361  -24.929  12.769  -33.908 0.0000000000
112476  -27.225  15.171  -32.226 0.0000000000
112442  -27.105  15.499  -31.426 0.0000000000
111029  -28.094  14.529  -31.825 0.0000000000
112443  -27.587  15.338  -31.295 0.0000000000
113953  -27.783  15.679  -30.068 0.0000000000
113932  -28.180  15.873  -29.673 0.0000000000
113911  -30.694  15.943  -28.435 0.0000000000
112402  -32.105  15.088  -28.157 0.0000000000
110994  -30.596  14.209  -28.720 0.0000000000
88044  -28.267  -2.175  -27.940 0.0000000000
89392  -28.457  -1.538  -27.958 0.0000000000
104264  -25.298  9.098  -33.488 0.0000000000
104243  -25.636  9.707  -33.333 0.0000000000
105705  -26.334  10.775  -32.856 0.0000000000
105679  -26.753  11.058  -32.547 0.0000000000
105680  -27.115  10.877  -32.195 0.0000000000
105659  -27.790  10.715  -30.850 0.0000000000
107013  -28.618  11.406  -29.848 0.0000000000
102689  -28.716  8.609  -31.077 0.0000000000
104200  -29.277  9.173  -30.475 0.0000000000
102670  -30.750  8.633  -29.213 0.0000000000
102645  -30.330  8.180  -29.016 0.0000000000
100002  -27.518  6.444  -31.672 0.0000000000
100003  -28.418  6.475  -31.442 0.0000000000
100004  -28.978  6.543  -31.058 0.0000000000
99985  -29.550  6.706  -30.680 0.0000000000
99968  -30.105  6.880  -29.845 0.0000000000
101278  -30.171  7.542  -28.875 0.0000000000
101256  -31.453  7.554  -27.953 0.0000000000
99938  -31.480  6.620  -28.055 0.0000000000
99939  -32.565  6.486  -27.617 0.0000000000
98638  -32.703  4.964  -27.962 0.0000000000
124198  -29.671  25.225  -31.037 0.0000000000
124181  -30.239  24.168  -30.679 0.0000000000
118146  -22.163  19.421  -32.805 0.0000000000
119436  -22.923  20.417  -34.151 0.0000000000
119437  -23.368  20.307  -33.706 0.0000000000
116851  -23.459  19.115  -33.958 0.0000000000
118177  -23.783  19.326  -33.585 0.0000000000
118147  -24.432  20.123  -32.863 0.0000000000
118136  -27.295  20.387  -30.841 0.0000000000
113989  -25.525  16.705  -32.020 0.0000000000
115472  -25.640  17.606  -31.862 0.0000000000
113972  -26.735  17.058  -30.643 0.0000000000
115454  -26.543  17.746  -30.929 0.0000000000
118122  -26.908  19.338  -30.478 0.0000000000
118123  -27.519  19.576  -30.194 0.0000000000
106998  -29.381  11.454  -29.493 0.0000000000
106999  -30.243  11.453  -29.208 0.0000000000
105626  -31.650  10.463  -28.353 0.0000000000
106983  -31.922  11.399  -28.202 0.0000000000
94621  -25.141  2.610  -28.827 0.0000000000
93275  -26.149  1.755  -29.109 0.0000000000
94623  -26.313  2.470  -29.481 0.0000000000
94624  -27.019  2.313  -29.608 0.0000000000
94625  -28.114  2.371  -29.373 0.0000000000
90726  -28.893  -0.673  -27.880 0.0000000000
91973  -29.166  0.253  -28.109 0.0000000000
94603  -28.670  1.927  -29.000 0.0000000000
94604  -29.252  2.164  -28.666 0.0000000000
94579  -29.733  2.238  -27.940 0.0000000000
86718  -29.201  -2.588  -27.971 0.0000000000
88031  -28.477  -2.601  -27.782 0.0000000000
90709  -27.277  -1.216  -27.775 0.0000000000
90711  -29.916  -1.028  -28.164 0.0000000000
95901  -32.506  3.278  -28.204 0.0000000000
95947  -26.381  3.206  -29.608 0.0000000000
97263  -32.974  4.172  -28.307 0.0000000000
97298  -25.154  5.113  -30.361 0.0000000000
97329  -28.509  5.144  -30.703 0.0000000000
98620  -30.678  5.174  -28.350 0.0000000000
98635  -29.809  5.091  -29.163 0.0000000000
99986  -29.989  6.904  -30.310 0.0000000000
101279  -30.749  7.590  -28.370 0.0000000000
101311  -29.792  7.326  -30.890 0.0000000000
101340  -26.287  7.866  -32.415 0.0000000000
102646  -31.030  8.554  -28.714 0.0000000000
102669  -30.583  8.341  -29.776 0.0000000000
102738  -25.183  8.834  -33.528 0.0000000000
102739  -25.480  8.726  -33.456 0.0000000000
104133  -32.132  9.315  -27.824 0.0000000000
104152  -30.958  9.650  -29.073 0.0000000000
104263  -24.952  8.959  -33.518 0.0000000000
104265  -25.796  9.123  -33.423 0.0000000000
105605  -33.119  9.718  -27.754 0.0000000000
105658  -27.437  10.877  -31.464 0.0000000000
107057  -26.782  12.555  -33.322 0.0000000000
107059  -27.796  12.664  -33.868 0.0000000000
108288  -32.233  12.366  -28.150 0.0000000000
108317  -28.124  13.094  -31.674 0.0000000000
108329  -28.258  13.341  -32.156 0.0000000000
108331  -28.289  12.751  -33.264 0.0000000000
108346  -28.156  12.399  -33.180 0.0000000000
108347  -28.161  12.692  -33.693 0.0000000000
108365  -28.044  12.925  -34.131 0.0000000000
109664  -30.122  13.434  -29.176 0.0000000000
109690  -28.104  13.660  -32.683 0.0000000000
109692  -28.311  12.910  -33.518 0.0000000000
109706  -28.063  13.415  -33.521 0.0000000000
109707  -28.242  13.084  -33.769 0.0000000000
109721  -27.739  13.216  -33.773 0.0000000000
109722  -28.092  13.196  -33.903 0.0000000000
110995  -31.091  14.169  -28.488 0.0000000000
111028  -28.108  14.204  -32.035 0.0000000000
111041  -28.041  14.258  -32.273 0.0000000000
111042  -27.831  14.766  -32.383 0.0000000000
111057  -27.524  14.870  -32.337 0.0000000000
112401  -31.329  15.083  -28.453 0.0000000000
112421  -28.689  15.118  -30.003 0.0000000000
112458  -26.023  16.121  -31.662 0.0000000000
112460  -27.698  15.222  -32.111 0.0000000000
113952  -27.372  16.159  -30.417 0.0000000000
115417  -30.247  17.189  -28.652 0.0000000000
115436  -26.512  17.972  -30.444 0.0000000000
115437  -26.745  17.506  -30.094 0.0000000000
115455  -26.627  17.424  -30.576 0.0000000000
115470  -21.840  17.435  -32.554 0.0000000000
115482  -21.934  17.155  -33.224 0.0000000000
116758  -30.045  18.361  -28.165 0.0000000000
116799  -27.276  18.489  -29.742 0.0000000000
116809  -26.419  18.857  -31.414 0.0000000000
116850  -23.173  19.390  -34.132 0.0000000000
116852  -23.823  18.944  -33.579 0.0000000000
118102  -28.011  19.764  -29.882 0.0000000000
118148  -24.916  19.902  -32.661 0.0000000000
118162  -22.674  19.582  -33.819 0.0000000000
118163  -23.565  19.933  -33.691 0.0000000000
118164  -24.064  19.864  -33.256 0.0000000000
118176  -23.384  19.830  -33.988 0.0000000000
119370  -28.202  20.174  -29.891 0.0000000000
119401  -22.479  20.249  -32.385 0.0000000000
119413  -22.614  20.351  -33.382 0.0000000000
119438  -23.842  20.472  -33.140 0.0000000000
119452  -23.102  20.142  -34.290 0.0000000000
119453  -23.154  20.241  -34.178 0.0000000000
120596  -29.126  21.153  -29.946 0.0000000000
120644  -22.896  20.798  -33.363 0.0000000000
120666  -22.883  20.654  -33.713 0.0000000000
120667  -23.105  20.738  -33.625 0.0000000000
121768  -28.995  22.966  -29.767 0.0000000000
121769  -29.220  23.093  -29.857 0.0000000000
122986  -28.825  23.246  -29.912 0.0000000000
123000  -29.348  23.548  -30.113 0.0000000000
124196  -27.613  25.189  -31.490 0.0000000000
125404  -28.410  25.120  -31.283 0.0000000000
169031  -24.185  21.993  -30.270 0.0000000000
