#!ascii label  , from subject _151 vox2ras=TkReg
765
16359  -51.194  -56.687  -14.511 0.0000000000
29121  -56.671  -46.259  -17.129 0.0000000000
26634  -49.392  -48.121  -12.307 0.0000000000
23162  -54.775  -50.357  -15.554 0.0000000000
30213  -56.013  -44.029  -8.305 0.0000000000
20767  -50.521  -52.943  -9.030 0.0000000000
27741  -43.977  -47.034  -9.465 0.0000000000
30113  -42.767  -44.585  -3.070 0.0000000000
30242  -49.102  -44.157  -9.828 0.0000000000
28961  -52.534  -45.586  -10.383 0.0000000000
33909  -52.025  -41.538  -8.788 0.0000000000
23038  -47.562  -50.720  -8.672 0.0000000000
26559  -47.473  -48.015  -7.191 0.0000000000
33821  -40.776  -40.965  -3.030 0.0000000000
33878  -41.458  -41.288  -6.341 0.0000000000
14242  -50.352  -58.334  -17.352 0.0000000000
25580  -56.289  -47.829  -15.557 0.0000000000
19796  -53.403  -52.521  -20.707 0.0000000000
22105  -52.909  -51.262  -21.107 0.0000000000
20832  -48.812  -52.245  -13.718 0.0000000000
20862  -51.319  -52.975  -16.351 0.0000000000
26623  -55.950  -47.283  -12.009 0.0000000000
28993  -58.690  -45.718  -11.552 0.0000000000
19659  -47.007  -52.933  -11.292 0.0000000000
26613  -46.637  -47.784  -11.703 0.0000000000
31524  -46.316  -43.144  -9.845 0.0000000000
26489  -46.218  -46.902  -3.597 0.0000000000
28872  -43.263  -45.250  -6.471 0.0000000000
32730  -42.796  -42.114  -8.867 0.0000000000
38954  -45.919  -37.583  -9.938 0.0000000000
18653  -51.957  -54.469  -18.568 0.0000000000
28999  -54.287  -45.180  -13.163 0.0000000000
27871  -52.875  -46.812  -17.211 0.0000000000
20884  -48.744  -52.594  -17.275 0.0000000000
33939  -48.745  -41.276  -9.348 0.0000000000
31497  -50.355  -43.054  -9.099 0.0000000000
15295  -50.885  -57.603  -15.684 0.0000000000
27850  -57.254  -46.376  -16.535 0.0000000000
25641  -55.567  -48.523  -18.266 0.0000000000
25652  -54.210  -49.014  -19.459 0.0000000000
23243  -52.448  -50.758  -19.851 0.0000000000
25638  -53.338  -48.778  -18.644 0.0000000000
24332  -48.842  -49.720  -12.403 0.0000000000
25514  -50.865  -48.141  -12.082 0.0000000000
30247  -53.966  -44.443  -9.276 0.0000000000
27763  -54.182  -46.298  -10.731 0.0000000000
28964  -55.480  -45.758  -10.057 0.0000000000
27795  -57.035  -46.399  -11.248 0.0000000000
28912  -57.559  -44.883  -8.872 0.0000000000
18554  -48.615  -54.907  -11.581 0.0000000000
19617  -48.802  -53.352  -9.755 0.0000000000
25481  -45.766  -49.582  -8.857 0.0000000000
24308  -45.482  -49.930  -10.405 0.0000000000
26603  -44.988  -47.934  -10.747 0.0000000000
28955  -46.363  -45.417  -11.069 0.0000000000
28953  -44.546  -45.548  -10.461 0.0000000000
28823  -44.053  -45.363  -3.429 0.0000000000
28839  -45.235  -45.696  -4.743 0.0000000000
30144  -43.168  -44.424  -4.581 0.0000000000
36263  -41.777  -39.447  -7.936 0.0000000000
33890  -41.994  -41.395  -8.054 0.0000000000
36278  -42.495  -39.717  -8.450 0.0000000000
35110  -44.631  -40.486  -9.319 0.0000000000
22007  -52.647  -51.573  -15.872 0.0000000000
18616  -52.164  -54.195  -17.374 0.0000000000
20888  -53.324  -52.613  -17.384 0.0000000000
18703  -51.718  -54.215  -22.009 0.0000000000
30337  -52.062  -45.180  -13.392 0.0000000000
29062  -53.445  -45.896  -15.664 0.0000000000
23183  -49.747  -50.343  -16.857 0.0000000000
28958  -49.378  -45.615  -10.894 0.0000000000
27759  -50.727  -46.109  -11.302 0.0000000000
30271  -50.667  -44.757  -10.185 0.0000000000
31530  -52.000  -43.600  -9.404 0.0000000000
32737  -53.663  -42.421  -8.463 0.0000000000
20750  -48.892  -52.041  -8.808 0.0000000000
25465  -47.452  -49.278  -8.174 0.0000000000
26574  -45.412  -48.320  -7.918 0.0000000000
31406  -41.596  -42.887  -2.773 0.0000000000
31425  -41.742  -42.952  -4.512 0.0000000000
33864  -40.870  -41.075  -4.602 0.0000000000
36253  -40.885  -39.409  -6.402 0.0000000000
40219  -42.175  -36.728  -7.322 0.0000000000
25579  -55.892  -48.654  -15.124 0.0000000000
22050  -54.496  -51.097  -17.872 0.0000000000
23207  -55.406  -49.999  -17.882 0.0000000000
22106  -54.030  -51.137  -21.011 0.0000000000
20997  -51.337  -52.859  -22.490 0.0000000000
19811  -50.658  -53.171  -22.024 0.0000000000
19772  -50.035  -53.443  -20.216 0.0000000000
18668  -48.726  -54.854  -19.124 0.0000000000
19694  -49.077  -53.954  -14.746 0.0000000000
19702  -50.280  -54.162  -15.713 0.0000000000
23140  -51.577  -50.794  -14.870 0.0000000000
24349  -53.875  -49.304  -13.578 0.0000000000
26619  -52.681  -47.437  -11.526 0.0000000000
25541  -54.144  -48.353  -12.349 0.0000000000
25559  -55.422  -48.369  -13.412 0.0000000000
26648  -56.782  -47.318  -13.956 0.0000000000
27815  -57.772  -46.561  -14.709 0.0000000000
29067  -58.782  -45.133  -15.607 0.0000000000
18583  -48.183  -54.559  -13.485 0.0000000000
20830  -47.672  -52.878  -13.013 0.0000000000
23106  -47.696  -50.761  -12.367 0.0000000000
21958  -47.151  -51.961  -9.791 0.0000000000
23092  -46.356  -50.662  -11.603 0.0000000000
26614  -47.756  -47.743  -12.074 0.0000000000
28956  -47.398  -45.486  -10.954 0.0000000000
31525  -47.389  -43.085  -9.696 0.0000000000
33937  -47.151  -41.365  -9.302 0.0000000000
27675  -47.337  -46.780  -5.260 0.0000000000
28874  -45.282  -46.237  -6.338 0.0000000000
27711  -43.738  -46.661  -8.014 0.0000000000
31453  -42.012  -43.199  -6.103 0.0000000000
30190  -42.310  -44.443  -7.438 0.0000000000
30238  -42.805  -44.751  -9.069 0.0000000000
32752  -44.565  -42.401  -9.628 0.0000000000
35111  -45.571  -40.475  -9.329 0.0000000000
17506  -51.305  -55.737  -16.629 0.0000000000
16389  -50.946  -56.212  -17.885 0.0000000000
19774  -52.778  -53.324  -19.857 0.0000000000
17581  -50.692  -55.796  -21.145 0.0000000000
28941  -59.269  -44.515  -9.532 0.0000000000
30321  -59.153  -44.493  -12.675 0.0000000000
29037  -57.480  -45.074  -15.273 0.0000000000
29035  -55.241  -45.602  -14.877 0.0000000000
27873  -54.874  -46.638  -17.597 0.0000000000
24418  -52.050  -49.545  -18.272 0.0000000000
20910  -49.674  -52.960  -18.510 0.0000000000
35114  -48.376  -40.458  -9.344 0.0000000000
33940  -49.271  -41.350  -9.354 0.0000000000
14202  -50.914  -58.013  -14.820 0.0000000000
16366  -51.146  -56.772  -15.284 0.0000000000
29122  -56.909  -46.282  -16.946 0.0000000000
27891  -56.095  -47.268  -18.078 0.0000000000
27890  -55.842  -47.031  -18.176 0.0000000000
25639  -54.105  -48.474  -18.859 0.0000000000
26711  -54.321  -47.749  -18.388 0.0000000000
25535  -49.142  -48.825  -12.390 0.0000000000
24333  -49.803  -49.569  -12.558 0.0000000000
26635  -49.795  -48.112  -12.303 0.0000000000
30248  -54.898  -44.605  -8.918 0.0000000000
28936  -54.715  -45.119  -9.613 0.0000000000
28937  -55.733  -45.223  -9.354 0.0000000000
28965  -56.494  -45.872  -9.875 0.0000000000
30250  -56.576  -44.549  -8.575 0.0000000000
19620  -52.278  -53.532  -9.937 0.0000000000
19619  -51.165  -53.703  -9.734 0.0000000000
19641  -50.410  -54.136  -10.089 0.0000000000
19618  -49.942  -53.535  -9.606 0.0000000000
25462  -44.883  -48.503  -8.800 0.0000000000
25479  -44.728  -48.379  -9.848 0.0000000000
26602  -44.458  -47.539  -10.288 0.0000000000
27782  -44.571  -47.000  -10.774 0.0000000000
27754  -44.262  -46.389  -10.298 0.0000000000
30112  -42.173  -44.129  -2.613 0.0000000000
28789  -43.094  -45.476  -1.369 0.0000000000
28802  -43.312  -45.086  -2.635 0.0000000000
28803  -43.684  -45.676  -2.368 0.0000000000
28822  -43.365  -44.796  -3.369 0.0000000000
30131  -43.535  -44.698  -3.927 0.0000000000
30130  -42.953  -44.413  -3.842 0.0000000000
37609  -42.166  -38.581  -8.317 0.0000000000
37637  -43.729  -38.633  -9.231 0.0000000000
40252  -43.792  -36.911  -9.188 0.0000000000
23161  -53.668  -50.556  -15.320 0.0000000000
22026  -53.406  -51.923  -16.582 0.0000000000
22009  -54.143  -50.883  -15.809 0.0000000000
27845  -51.380  -46.334  -16.722 0.0000000000
25600  -50.373  -49.015  -16.984 0.0000000000
25599  -49.555  -48.940  -16.822 0.0000000000
30269  -48.782  -44.788  -10.326 0.0000000000
30270  -49.735  -44.793  -10.300 0.0000000000
30243  -49.960  -44.245  -9.668 0.0000000000
32735  -51.624  -42.309  -8.954 0.0000000000
31498  -51.287  -42.978  -9.180 0.0000000000
31499  -52.235  -43.035  -8.939 0.0000000000
31500  -53.278  -43.265  -8.666 0.0000000000
32736  -52.615  -42.360  -8.656 0.0000000000
26575  -46.174  -48.608  -8.033 0.0000000000
26558  -46.347  -47.971  -7.334 0.0000000000
31379  -41.407  -42.966  -2.166 0.0000000000
33822  -41.102  -41.664  -3.296 0.0000000000
33845  -41.166  -41.765  -4.181 0.0000000000
33844  -40.880  -41.003  -3.848 0.0000000000
38916  -41.313  -37.770  -6.891 0.0000000000
13137  -50.154  -58.948  -17.775 0.0000000000
25601  -55.817  -48.580  -16.091 0.0000000000
24398  -55.518  -49.317  -16.591 0.0000000000
25625  -55.793  -48.439  -17.200 0.0000000000
24480  -54.301  -50.012  -20.306 0.0000000000
24462  -54.832  -49.697  -19.446 0.0000000000
23285  -53.638  -51.247  -21.247 0.0000000000
22120  -52.626  -51.837  -22.062 0.0000000000
20935  -51.253  -52.200  -20.091 0.0000000000
20955  -50.857  -52.514  -20.626 0.0000000000
18669  -49.288  -54.616  -19.879 0.0000000000
20933  -50.068  -53.145  -19.104 0.0000000000
20835  -49.072  -52.787  -14.372 0.0000000000
20846  -49.434  -53.390  -15.015 0.0000000000
23141  -52.804  -50.101  -14.425 0.0000000000
24348  -52.975  -49.451  -13.541 0.0000000000
27760  -51.430  -46.044  -11.095 0.0000000000
27790  -52.089  -46.748  -11.336 0.0000000000
27761  -52.298  -46.166  -10.823 0.0000000000
26621  -54.356  -47.589  -11.635 0.0000000000
26636  -54.920  -47.859  -12.149 0.0000000000
25542  -55.158  -48.217  -12.702 0.0000000000
26637  -55.608  -47.719  -12.376 0.0000000000
25560  -56.016  -47.899  -13.660 0.0000000000
27796  -57.952  -46.350  -11.808 0.0000000000
27810  -57.811  -46.636  -13.519 0.0000000000
27811  -58.520  -46.040  -13.859 0.0000000000
27816  -58.564  -45.648  -14.950 0.0000000000
29016  -59.053  -45.351  -14.142 0.0000000000
19661  -47.932  -54.276  -11.465 0.0000000000
18553  -47.829  -54.470  -11.966 0.0000000000
20821  -47.349  -52.467  -12.492 0.0000000000
21976  -47.491  -51.517  -12.486 0.0000000000
21975  -46.811  -51.506  -12.044 0.0000000000
21916  -48.281  -51.442  -8.805 0.0000000000
20765  -48.339  -52.371  -9.357 0.0000000000
21937  -46.893  -51.465  -9.494 0.0000000000
25510  -45.847  -48.996  -11.448 0.0000000000
23091  -45.750  -50.677  -11.003 0.0000000000
25511  -46.454  -48.718  -11.659 0.0000000000
24320  -47.006  -49.221  -11.812 0.0000000000
27756  -47.474  -46.307  -11.195 0.0000000000
27785  -46.969  -46.833  -11.521 0.0000000000
31547  -46.044  -43.923  -10.407 0.0000000000
30267  -46.725  -44.612  -10.688 0.0000000000
32754  -46.765  -42.268  -9.431 0.0000000000
27659  -46.620  -46.721  -4.078 0.0000000000
28852  -44.210  -45.279  -5.536 0.0000000000
28853  -45.162  -45.794  -5.731 0.0000000000
28873  -44.301  -45.957  -6.515 0.0000000000
27697  -44.781  -46.609  -6.892 0.0000000000
28893  -43.409  -45.906  -7.503 0.0000000000
32667  -41.619  -42.585  -5.221 0.0000000000
32687  -41.793  -42.917  -5.543 0.0000000000
32686  -41.704  -42.287  -5.949 0.0000000000
32729  -42.205  -42.459  -8.266 0.0000000000
31472  -41.838  -43.385  -7.299 0.0000000000
31496  -42.304  -43.776  -8.453 0.0000000000
30209  -42.502  -44.742  -8.175 0.0000000000
31521  -43.034  -43.619  -9.380 0.0000000000
31522  -44.007  -43.392  -9.798 0.0000000000
32751  -43.484  -42.457  -9.282 0.0000000000
36315  -45.083  -39.535  -9.341 0.0000000000
36316  -46.007  -39.531  -9.478 0.0000000000
36317  -46.955  -39.508  -9.426 0.0000000000
20861  -50.710  -53.691  -16.108 0.0000000000
18614  -51.182  -55.017  -16.274 0.0000000000
19714  -51.309  -54.113  -16.467 0.0000000000
18632  -52.326  -54.044  -18.106 0.0000000000
18631  -51.856  -54.713  -17.809 0.0000000000
17544  -51.371  -55.262  -18.598 0.0000000000
15340  -50.347  -57.398  -18.860 0.0000000000
17543  -50.878  -55.721  -19.323 0.0000000000
22090  -54.175  -51.582  -19.111 0.0000000000
20912  -53.777  -52.166  -18.549 0.0000000000
16486  -50.491  -56.172  -22.320 0.0000000000
17582  -51.191  -55.058  -21.201 0.0000000000
31505  -58.370  -43.523  -8.233 0.0000000000
31506  -59.182  -43.197  -8.512 0.0000000000
30320  -58.549  -44.263  -12.833 0.0000000000
30358  -58.239  -44.674  -14.881 0.0000000000
30357  -57.426  -44.845  -14.433 0.0000000000
27822  -53.494  -46.068  -16.175 0.0000000000
29063  -54.557  -45.983  -15.602 0.0000000000
27823  -53.989  -46.224  -16.185 0.0000000000
27824  -54.818  -46.203  -16.309 0.0000000000
27872  -53.870  -46.758  -17.332 0.0000000000
26696  -53.425  -47.395  -17.719 0.0000000000
25622  -52.186  -48.442  -17.785 0.0000000000
22047  -50.196  -51.653  -17.637 0.0000000000
19731  -49.192  -53.034  -18.093 0.0000000000
32756  -48.972  -42.839  -9.214 0.0000000000
32757  -49.677  -43.128  -9.099 0.0000000000
32733  -49.610  -42.459  -9.145 0.0000000000
33907  -49.954  -41.496  -9.271 0.0000000000
35081  -51.520  -40.790  -8.978 0.0000000000
36236  -40.554  -39.527  -4.127 0.0000000000
37572  -40.686  -38.803  -3.839 0.0000000000
14216  -50.462  -58.306  -16.357 0.0000000000
26664  -56.767  -47.081  -16.073 0.0000000000
26699  -56.361  -47.294  -17.542 0.0000000000
25640  -55.116  -48.274  -18.892 0.0000000000
24460  -53.543  -49.892  -20.044 0.0000000000
22089  -52.510  -51.110  -20.481 0.0000000000
24440  -53.936  -49.073  -19.480 0.0000000000
23226  -52.692  -50.241  -19.476 0.0000000000
23225  -52.145  -50.632  -18.980 0.0000000000
21978  -49.000  -51.159  -12.982 0.0000000000
23108  -49.597  -50.637  -13.037 0.0000000000
24334  -50.643  -49.383  -12.526 0.0000000000
25539  -52.067  -48.626  -12.220 0.0000000000
28935  -53.699  -45.027  -9.817 0.0000000000
28962  -53.474  -45.621  -10.350 0.0000000000
28963  -54.475  -45.655  -10.265 0.0000000000
27764  -55.182  -46.329  -10.662 0.0000000000
27765  -56.178  -46.353  -10.508 0.0000000000
27806  -56.542  -46.963  -11.943 0.0000000000
27766  -56.869  -46.178  -10.442 0.0000000000
28966  -57.674  -45.857  -10.306 0.0000000000
28967  -58.885  -45.289  -10.260 0.0000000000
19639  -48.227  -53.958  -10.724 0.0000000000
19638  -47.316  -53.173  -10.780 0.0000000000
24295  -46.260  -50.022  -8.764 0.0000000000
23057  -46.089  -50.727  -9.616 0.0000000000
24294  -45.771  -50.204  -9.431 0.0000000000
25496  -45.207  -48.801  -10.714 0.0000000000
26612  -45.596  -47.897  -11.245 0.0000000000
27784  -45.985  -46.968  -11.325 0.0000000000
27783  -45.019  -46.705  -11.107 0.0000000000
28954  -45.347  -45.705  -10.904 0.0000000000
31546  -45.416  -44.167  -10.407 0.0000000000
27640  -45.189  -46.819  -2.806 0.0000000000
27658  -45.588  -46.475  -3.789 0.0000000000
27673  -45.970  -46.252  -4.610 0.0000000000
28824  -44.854  -45.760  -3.938 0.0000000000
30159  -44.116  -44.828  -5.010 0.0000000000
30158  -43.422  -44.707  -5.380 0.0000000000
35046  -41.328  -40.291  -6.818 0.0000000000
33889  -41.616  -41.107  -7.301 0.0000000000
35056  -41.909  -40.423  -8.002 0.0000000000
35077  -42.385  -40.713  -8.361 0.0000000000
35078  -42.994  -40.573  -8.699 0.0000000000
33904  -43.299  -41.426  -8.949 0.0000000000
36279  -43.352  -39.612  -8.921 0.0000000000
37638  -44.604  -38.598  -9.411 0.0000000000
38953  -44.999  -37.611  -9.684 0.0000000000
23159  -52.084  -51.216  -15.510 0.0000000000
22024  -51.998  -52.497  -16.305 0.0000000000
22025  -52.542  -52.211  -16.340 0.0000000000
20887  -52.922  -53.093  -17.289 0.0000000000
19753  -52.770  -53.309  -18.535 0.0000000000
19794  -52.266  -53.652  -21.798 0.0000000000
29032  -52.063  -45.500  -14.678 0.0000000000
29033  -53.049  -45.635  -14.695 0.0000000000
29012  -53.687  -45.424  -13.905 0.0000000000
29061  -52.444  -45.713  -15.488 0.0000000000
27846  -52.343  -46.300  -16.709 0.0000000000
27870  -51.886  -46.875  -17.200 0.0000000000
26695  -52.498  -47.576  -17.530 0.0000000000
23203  -49.777  -51.005  -17.046 0.0000000000
22046  -49.309  -51.701  -17.036 0.0000000000
27787  -49.127  -46.543  -11.440 0.0000000000
27788  -50.268  -46.622  -11.580 0.0000000000
28991  -50.120  -45.938  -11.237 0.0000000000
28959  -50.524  -45.465  -10.817 0.0000000000
30272  -51.375  -44.724  -10.053 0.0000000000
31528  -50.174  -43.643  -9.331 0.0000000000
30245  -51.819  -44.347  -9.766 0.0000000000
28934  -52.712  -45.014  -9.934 0.0000000000
30246  -52.892  -44.280  -9.478 0.0000000000
30211  -54.118  -44.004  -8.629 0.0000000000
31501  -54.353  -43.303  -8.353 0.0000000000
20751  -49.898  -52.156  -8.562 0.0000000000
23039  -48.622  -50.566  -8.362 0.0000000000
25466  -48.240  -49.246  -8.000 0.0000000000
24274  -47.063  -50.033  -8.614 0.0000000000
25464  -46.474  -49.276  -8.424 0.0000000000
25463  -45.623  -48.940  -8.573 0.0000000000
26573  -44.655  -47.806  -8.040 0.0000000000
31380  -41.782  -43.458  -2.396 0.0000000000
31407  -41.919  -43.312  -3.278 0.0000000000
30129  -42.357  -43.975  -3.599 0.0000000000
32628  -41.840  -42.957  -3.768 0.0000000000
32646  -41.569  -42.583  -4.477 0.0000000000
33865  -41.266  -41.591  -5.262 0.0000000000
35018  -40.626  -40.344  -4.413 0.0000000000
36247  -40.751  -39.845  -5.697 0.0000000000
35036  -41.133  -40.479  -5.959 0.0000000000
36262  -41.291  -39.345  -7.277 0.0000000000
37597  -41.544  -38.460  -7.695 0.0000000000
40230  -42.478  -36.914  -8.112 0.0000000000
24373  -55.174  -49.687  -14.985 0.0000000000
22027  -54.415  -51.188  -16.582 0.0000000000
23163  -55.412  -50.067  -16.206 0.0000000000
23206  -55.009  -50.588  -17.391 0.0000000000
23227  -54.976  -50.341  -18.529 0.0000000000
20958  -54.114  -51.268  -20.786 0.0000000000
19832  -51.351  -53.512  -23.061 0.0000000000
20956  -51.486  -52.066  -20.924 0.0000000000
19792  -50.191  -53.461  -21.424 0.0000000000
17580  -49.146  -55.085  -21.005 0.0000000000
17579  -48.609  -55.719  -20.656 0.0000000000
17578  -48.162  -55.902  -20.068 0.0000000000
18592  -49.385  -54.890  -14.965 0.0000000000
18601  -50.001  -54.934  -15.334 0.0000000000
19701  -49.639  -54.033  -15.295 0.0000000000
20847  -50.055  -52.886  -15.548 0.0000000000
22005  -50.573  -52.106  -15.596 0.0000000000
23139  -50.827  -51.121  -14.674 0.0000000000
22006  -51.420  -51.754  -15.814 0.0000000000
23160  -52.713  -50.864  -15.360 0.0000000000
24359  -53.585  -49.628  -14.133 0.0000000000
23142  -53.989  -49.997  -14.741 0.0000000000
26617  -50.965  -47.454  -11.790 0.0000000000
25515  -51.573  -48.097  -11.864 0.0000000000
27792  -53.853  -46.944  -11.102 0.0000000000
26620  -53.508  -47.461  -11.492 0.0000000000
24338  -54.228  -48.997  -13.066 0.0000000000
24350  -54.533  -49.022  -13.732 0.0000000000
24361  -55.006  -49.222  -14.377 0.0000000000
25570  -55.584  -48.556  -14.258 0.0000000000
25571  -56.240  -47.879  -14.575 0.0000000000
27807  -57.356  -46.750  -12.473 0.0000000000
26649  -57.389  -46.926  -13.990 0.0000000000
27814  -57.357  -46.680  -15.088 0.0000000000
27825  -57.393  -46.598  -15.571 0.0000000000
27851  -58.130  -45.684  -16.126 0.0000000000
29097  -57.388  -45.782  -16.481 0.0000000000
17483  -49.760  -55.667  -14.340 0.0000000000
18591  -48.754  -54.846  -14.403 0.0000000000
19686  -48.078  -53.496  -13.615 0.0000000000
18571  -48.214  -54.918  -12.484 0.0000000000
18582  -47.838  -53.758  -13.163 0.0000000000
20831  -48.202  -52.574  -13.360 0.0000000000
21977  -48.378  -51.570  -12.908 0.0000000000
25534  -48.223  -48.805  -12.155 0.0000000000
20766  -49.374  -52.768  -9.130 0.0000000000
19616  -47.795  -53.034  -9.989 0.0000000000
19637  -46.869  -52.678  -10.868 0.0000000000
21956  -46.135  -51.276  -10.458 0.0000000000
21969  -46.281  -51.562  -11.171 0.0000000000
20820  -46.800  -52.122  -11.795 0.0000000000
23105  -46.937  -50.737  -12.216 0.0000000000
24331  -47.652  -49.723  -12.177 0.0000000000
26615  -48.810  -47.458  -12.078 0.0000000000
27786  -48.041  -46.856  -11.526 0.0000000000
28957  -48.370  -45.465  -10.687 0.0000000000
30241  -48.369  -44.138  -9.984 0.0000000000
28989  -46.864  -46.029  -11.253 0.0000000000
30268  -47.783  -44.562  -10.418 0.0000000000
31526  -48.428  -43.393  -9.575 0.0000000000
32755  -48.036  -42.271  -9.294 0.0000000000
33938  -48.027  -41.297  -9.266 0.0000000000
28840  -45.804  -45.990  -5.234 0.0000000000
27684  -46.436  -46.437  -6.009 0.0000000000
27699  -46.205  -46.859  -6.467 0.0000000000
26557  -45.342  -47.443  -7.291 0.0000000000
27712  -44.508  -47.138  -7.537 0.0000000000
27725  -44.062  -47.251  -8.492 0.0000000000
30143  -42.553  -43.888  -4.458 0.0000000000
30157  -42.603  -44.042  -5.331 0.0000000000
30175  -42.573  -44.404  -6.329 0.0000000000
31471  -41.644  -42.697  -6.800 0.0000000000
28871  -42.630  -44.881  -6.896 0.0000000000
28892  -42.727  -45.175  -7.451 0.0000000000
28910  -43.328  -46.016  -8.660 0.0000000000
27740  -43.672  -46.277  -9.468 0.0000000000
28952  -43.980  -45.482  -10.064 0.0000000000
30240  -44.389  -44.003  -10.059 0.0000000000
31523  -45.125  -43.478  -10.042 0.0000000000
33934  -44.133  -41.443  -9.304 0.0000000000
33935  -45.101  -41.408  -9.484 0.0000000000
32753  -45.651  -42.352  -9.572 0.0000000000
35112  -46.536  -40.466  -9.328 0.0000000000
35113  -47.479  -40.441  -9.320 0.0000000000
17505  -50.921  -55.878  -15.895 0.0000000000
16375  -50.963  -56.629  -16.226 0.0000000000
16376  -51.209  -56.445  -17.065 0.0000000000
18615  -51.699  -54.758  -16.934 0.0000000000
17521  -51.418  -55.516  -17.449 0.0000000000
15322  -50.496  -57.400  -17.874 0.0000000000
14268  -50.073  -58.339  -18.524 0.0000000000
22049  -53.998  -51.827  -17.532 0.0000000000
19754  -53.256  -52.786  -18.293 0.0000000000
18654  -52.344  -53.916  -19.040 0.0000000000
19795  -52.736  -53.305  -21.128 0.0000000000
18687  -51.910  -54.080  -20.704 0.0000000000
17563  -51.270  -55.030  -19.893 0.0000000000
36321  -50.923  -39.602  -9.398 0.0000000000
33911  -54.080  -41.520  -8.447 0.0000000000
32738  -54.734  -42.482  -8.301 0.0000000000
31502  -55.377  -43.364  -8.150 0.0000000000
31503  -56.445  -43.363  -8.102 0.0000000000
28911  -57.200  -44.675  -8.634 0.0000000000
30251  -58.511  -44.678  -9.164 0.0000000000
28994  -59.610  -45.074  -10.955 0.0000000000
30273  -59.643  -44.319  -10.413 0.0000000000
30300  -59.527  -44.462  -11.473 0.0000000000
29004  -59.392  -45.052  -12.209 0.0000000000
30360  -59.315  -44.866  -14.144 0.0000000000
30377  -58.623  -44.974  -15.572 0.0000000000
29096  -56.415  -45.929  -16.820 0.0000000000
29013  -54.732  -45.473  -13.958 0.0000000000
29014  -55.809  -45.409  -13.990 0.0000000000
29015  -56.705  -45.101  -13.912 0.0000000000
29036  -56.527  -45.378  -14.932 0.0000000000
27849  -55.373  -46.144  -16.947 0.0000000000
25624  -53.850  -47.784  -18.248 0.0000000000
24419  -52.805  -48.912  -18.379 0.0000000000
22070  -51.410  -51.366  -18.773 0.0000000000
22048  -50.919  -51.310  -17.967 0.0000000000
22069  -50.716  -52.009  -18.546 0.0000000000
19752  -49.410  -53.711  -18.834 0.0000000000
14241  -50.094  -58.877  -16.830 0.0000000000
15296  -51.242  -57.491  -14.925 0.0000000000
15307  -50.794  -57.389  -16.848 0.0000000000
15308  -50.869  -56.863  -17.480 0.0000000000
15323  -50.725  -56.804  -17.881 0.0000000000
16388  -50.631  -56.738  -18.395 0.0000000000
16412  -50.545  -56.543  -19.337 0.0000000000
16413  -50.788  -56.056  -18.665 0.0000000000
16456  -50.465  -56.391  -20.844 0.0000000000
17441  -48.891  -55.273  -11.858 0.0000000000
17458  -48.862  -55.335  -12.211 0.0000000000
17470  -48.881  -55.310  -12.993 0.0000000000
17491  -49.863  -55.386  -14.962 0.0000000000
17492  -50.481  -55.901  -15.084 0.0000000000
17560  -48.492  -55.393  -19.608 0.0000000000
17561  -49.002  -55.310  -20.247 0.0000000000
17598  -50.782  -55.563  -21.933 0.0000000000
17599  -51.200  -54.854  -22.432 0.0000000000
18570  -47.783  -54.125  -12.618 0.0000000000
18602  -50.596  -55.067  -15.755 0.0000000000
18652  -48.999  -54.420  -18.899 0.0000000000
18670  -51.845  -54.421  -19.419 0.0000000000
18671  -52.284  -53.880  -19.866 0.0000000000
18686  -49.659  -54.170  -21.394 0.0000000000
18688  -52.446  -53.644  -20.387 0.0000000000
19640  -49.437  -54.078  -10.228 0.0000000000
19660  -47.399  -53.561  -11.771 0.0000000000
19675  -47.564  -53.340  -12.751 0.0000000000
19685  -47.818  -53.198  -13.227 0.0000000000
19693  -48.461  -53.792  -14.202 0.0000000000
19713  -50.807  -54.412  -16.091 0.0000000000
19715  -52.078  -53.830  -16.788 0.0000000000
19732  -52.597  -53.534  -17.467 0.0000000000
19733  -52.975  -53.069  -17.771 0.0000000000
19773  -50.504  -52.885  -20.385 0.0000000000
19775  -53.341  -52.675  -19.309 0.0000000000
19793  -50.463  -52.918  -21.067 0.0000000000
19831  -50.598  -53.521  -23.041 0.0000000000
20749  -48.426  -51.913  -9.045 0.0000000000
20764  -47.589  -52.327  -9.717 0.0000000000
20768  -51.709  -53.038  -9.075 0.0000000000
20789  -46.626  -52.200  -10.767 0.0000000000
20790  -47.129  -52.439  -10.312 0.0000000000
20806  -46.724  -52.379  -11.292 0.0000000000
20807  -47.037  -52.694  -11.749 0.0000000000
20822  -47.833  -52.022  -12.843 0.0000000000
20834  -48.426  -53.145  -13.912 0.0000000000
20836  -49.705  -52.332  -14.812 0.0000000000
20848  -50.813  -52.390  -15.887 0.0000000000
20863  -52.611  -53.013  -16.687 0.0000000000
20864  -53.030  -52.490  -16.705 0.0000000000
20885  -49.660  -52.419  -17.864 0.0000000000
20886  -50.211  -52.202  -18.125 0.0000000000
20911  -50.179  -52.591  -18.602 0.0000000000
20936  -53.989  -51.935  -19.874 0.0000000000
20937  -54.186  -51.399  -20.445 0.0000000000
20957  -53.868  -51.672  -20.901 0.0000000000
20976  -51.068  -52.558  -21.566 0.0000000000
21915  -47.686  -51.296  -8.918 0.0000000000
21938  -47.670  -51.748  -9.274 0.0000000000
21939  -48.186  -51.858  -9.129 0.0000000000
21957  -46.591  -51.749  -10.248 0.0000000000
21968  -45.909  -51.088  -10.752 0.0000000000
21985  -48.694  -52.023  -13.402 0.0000000000
21986  -49.370  -51.704  -13.666 0.0000000000
21994  -50.953  -51.227  -15.125 0.0000000000
22008  -53.548  -51.239  -15.862 0.0000000000
22071  -54.172  -51.552  -18.381 0.0000000000
22072  -54.460  -51.028  -18.865 0.0000000000
22088  -51.857  -51.488  -19.951 0.0000000000
22091  -54.390  -51.135  -19.814 0.0000000000
22107  -54.286  -50.971  -20.535 0.0000000000
22122  -53.582  -51.545  -21.379 0.0000000000
23037  -47.053  -50.505  -8.716 0.0000000000
23058  -46.608  -50.744  -9.018 0.0000000000
23059  -47.245  -51.247  -8.994 0.0000000000
23075  -45.848  -50.737  -10.227 0.0000000000
23076  -46.318  -51.136  -9.835 0.0000000000
23107  -48.562  -50.636  -12.539 0.0000000000
23143  -54.681  -49.768  -14.780 0.0000000000
23182  -49.125  -50.699  -16.489 0.0000000000
23184  -55.059  -50.516  -16.517 0.0000000000
23185  -55.337  -49.996  -17.008 0.0000000000
23205  -51.393  -50.564  -18.035 0.0000000000
23228  -55.298  -49.896  -18.381 0.0000000000
23244  -53.063  -50.420  -20.266 0.0000000000
23245  -53.697  -50.253  -20.382 0.0000000000
23262  -53.553  -50.925  -20.935 0.0000000000
23263  -54.117  -50.473  -20.576 0.0000000000
23264  -54.527  -50.431  -20.090 0.0000000000
23286  -53.763  -51.129  -21.181 0.0000000000
24275  -48.023  -49.854  -8.430 0.0000000000
24318  -45.796  -49.807  -11.250 0.0000000000
24319  -46.622  -49.765  -11.816 0.0000000000
24330  -47.163  -50.239  -12.239 0.0000000000
24337  -53.481  -48.997  -12.898 0.0000000000
24360  -54.283  -49.455  -14.256 0.0000000000
24362  -55.505  -49.189  -14.836 0.0000000000
24374  -55.523  -49.487  -15.592 0.0000000000
24396  -49.258  -49.712  -16.636 0.0000000000
24397  -50.084  -49.714  -16.915 0.0000000000
24420  -55.466  -49.283  -17.549 0.0000000000
24438  -52.602  -50.026  -18.937 0.0000000000
24439  -53.268  -49.507  -19.236 0.0000000000
24461  -54.134  -49.614  -19.970 0.0000000000
24463  -55.266  -49.231  -18.829 0.0000000000
24481  -54.479  -49.973  -20.231 0.0000000000
25445  -46.965  -48.651  -7.779 0.0000000000
25480  -45.285  -49.211  -9.526 0.0000000000
25495  -44.834  -48.150  -10.424 0.0000000000
25512  -47.291  -48.663  -11.860 0.0000000000
25513  -50.427  -48.280  -12.241 0.0000000000
25517  -53.272  -47.988  -11.834 0.0000000000
25518  -53.839  -47.874  -11.798 0.0000000000
25536  -50.003  -48.590  -12.366 0.0000000000
25537  -50.810  -48.750  -12.262 0.0000000000
25538  -51.369  -48.597  -12.172 0.0000000000
25543  -55.804  -48.024  -12.950 0.0000000000
25558  -54.804  -48.685  -13.142 0.0000000000
25569  -55.050  -48.726  -13.812 0.0000000000
25602  -56.213  -47.771  -16.576 0.0000000000
25623  -53.166  -48.197  -18.145 0.0000000000
25626  -56.204  -47.694  -17.405 0.0000000000
25642  -55.985  -48.054  -17.769 0.0000000000
25653  -54.642  -48.966  -19.353 0.0000000000
25654  -55.217  -48.909  -19.095 0.0000000000
26540  -45.784  -47.104  -6.806 0.0000000000
26541  -46.121  -47.346  -6.841 0.0000000000
26542  -46.971  -47.303  -6.477 0.0000000000
26556  -44.802  -47.505  -7.566 0.0000000000
26590  -44.410  -47.771  -9.167 0.0000000000
26611  -44.863  -47.399  -10.932 0.0000000000
26616  -49.979  -47.650  -12.142 0.0000000000
26618  -51.821  -47.449  -11.596 0.0000000000
26622  -55.270  -47.412  -11.723 0.0000000000
26633  -48.649  -48.170  -12.270 0.0000000000
26639  -57.151  -46.994  -13.349 0.0000000000
26655  -56.889  -46.994  -14.975 0.0000000000
26656  -57.211  -46.931  -14.399 0.0000000000
26678  -56.570  -47.138  -17.027 0.0000000000
26694  -51.473  -47.658  -17.417 0.0000000000
26697  -54.315  -47.251  -17.981 0.0000000000
26698  -54.884  -47.032  -18.069 0.0000000000
26712  -54.982  -47.507  -18.425 0.0000000000
26713  -55.680  -47.677  -18.355 0.0000000000
26714  -56.123  -47.604  -17.925 0.0000000000
27639  -44.327  -46.250  -2.431 0.0000000000
27657  -44.745  -46.216  -3.327 0.0000000000
27674  -46.608  -46.360  -5.180 0.0000000000
27698  -45.482  -46.794  -6.726 0.0000000000
27700  -46.682  -46.768  -6.214 0.0000000000
27713  -45.036  -46.986  -7.107 0.0000000000
27724  -43.674  -46.692  -8.824 0.0000000000
27753  -43.817  -45.902  -9.848 0.0000000000
27755  -44.773  -46.076  -10.726 0.0000000000
27757  -48.180  -46.181  -10.981 0.0000000000
27758  -48.747  -45.963  -10.959 0.0000000000
27762  -53.222  -46.267  -10.735 0.0000000000
27789  -51.231  -46.718  -11.497 0.0000000000
27791  -52.955  -46.843  -11.164 0.0000000000
27794  -55.872  -46.875  -11.267 0.0000000000
27808  -58.335  -46.270  -12.696 0.0000000000
27826  -58.125  -46.143  -15.759 0.0000000000
27827  -58.565  -45.466  -15.779 0.0000000000
27847  -53.352  -46.258  -16.628 0.0000000000
27848  -54.371  -46.306  -16.884 0.0000000000
27852  -58.519  -45.365  -15.980 0.0000000000
27874  -55.916  -46.458  -17.583 0.0000000000
27875  -56.471  -46.837  -17.524 0.0000000000
27889  -55.336  -46.899  -18.039 0.0000000000
28838  -44.469  -45.204  -4.504 0.0000000000
28851  -43.529  -45.026  -5.838 0.0000000000
28854  -45.917  -46.099  -5.834 0.0000000000
28875  -45.891  -46.433  -6.280 0.0000000000
28894  -44.097  -46.497  -7.258 0.0000000000
28909  -42.887  -45.376  -8.316 0.0000000000
28931  -43.052  -45.422  -8.916 0.0000000000
28932  -43.416  -45.495  -9.475 0.0000000000
28933  -51.982  -45.049  -10.052 0.0000000000
28938  -56.917  -45.258  -9.051 0.0000000000
28939  -58.106  -45.082  -9.354 0.0000000000
28940  -58.903  -44.802  -9.567 0.0000000000
28960  -51.548  -45.397  -10.455 0.0000000000
28968  -59.441  -44.714  -10.013 0.0000000000
28987  -45.604  -46.396  -11.152 0.0000000000
28988  -46.171  -46.213  -11.234 0.0000000000
28990  -49.715  -46.159  -11.300 0.0000000000
28992  -57.849  -46.051  -11.233 0.0000000000
29003  -58.999  -45.547  -13.020 0.0000000000
29011  -52.627  -45.326  -13.764 0.0000000000
29017  -59.414  -44.973  -13.535 0.0000000000
29034  -54.108  -45.661  -14.779 0.0000000000
29038  -58.862  -45.093  -14.911 0.0000000000
29039  -59.251  -44.982  -14.335 0.0000000000
29064  -55.747  -45.903  -15.936 0.0000000000
29065  -56.986  -45.486  -15.987 0.0000000000
29066  -57.871  -45.096  -15.814 0.0000000000
29093  -51.888  -45.846  -16.189 0.0000000000
29094  -52.778  -45.907  -16.189 0.0000000000
29095  -53.249  -45.990  -16.185 0.0000000000
29098  -58.410  -45.292  -15.964 0.0000000000
29099  -58.742  -45.133  -15.882 0.0000000000
30094  -42.711  -44.752  -2.244 0.0000000000
30145  -43.860  -44.782  -4.473 0.0000000000
30176  -43.210  -44.842  -5.998 0.0000000000
30210  -53.376  -43.952  -8.969 0.0000000000
30212  -55.042  -44.121  -8.248 0.0000000000
30214  -56.939  -44.070  -8.362 0.0000000000
30215  -58.031  -44.345  -8.652 0.0000000000
30216  -59.048  -43.949  -8.686 0.0000000000
30217  -59.466  -43.645  -8.891 0.0000000000
30239  -43.759  -44.548  -9.884 0.0000000000
30244  -50.817  -44.223  -9.716 0.0000000000
30249  -55.860  -44.626  -8.725 0.0000000000
30252  -58.957  -44.444  -9.120 0.0000000000
30253  -59.537  -44.075  -9.426 0.0000000000
30264  -44.233  -45.049  -10.236 0.0000000000
30265  -44.793  -44.640  -10.373 0.0000000000
30266  -45.759  -44.711  -10.707 0.0000000000
30314  -52.516  -44.941  -12.663 0.0000000000
30339  -58.052  -44.446  -13.807 0.0000000000
30340  -58.772  -44.523  -13.837 0.0000000000
30341  -59.220  -44.751  -13.831 0.0000000000
30359  -58.928  -44.875  -14.675 0.0000000000
30378  -58.849  -45.029  -15.528 0.0000000000
30396  -58.924  -45.052  -15.937 0.0000000000
30397  -58.965  -45.049  -15.879 0.0000000000
31351  -41.991  -43.860  -2.004 0.0000000000
31426  -41.978  -43.202  -4.232 0.0000000000
31437  -41.721  -43.000  -4.801 0.0000000000
31438  -42.016  -43.365  -5.107 0.0000000000
31452  -41.711  -42.553  -6.397 0.0000000000
31527  -49.381  -43.560  -9.391 0.0000000000
31529  -51.042  -43.613  -9.463 0.0000000000
31531  -52.741  -43.633  -9.076 0.0000000000
31548  -47.004  -43.813  -10.198 0.0000000000
31549  -47.800  -43.768  -9.982 0.0000000000
32608  -41.104  -42.242  -2.522 0.0000000000
32627  -41.522  -42.534  -3.541 0.0000000000
32647  -41.749  -42.822  -4.009 0.0000000000
32668  -41.729  -43.017  -5.191 0.0000000000
32706  -41.556  -42.031  -6.718 0.0000000000
32707  -41.697  -42.191  -7.450 0.0000000000
32731  -48.424  -42.125  -9.238 0.0000000000
32732  -48.757  -42.245  -9.244 0.0000000000
32734  -50.620  -42.335  -9.149 0.0000000000
32750  -42.692  -42.874  -8.914 0.0000000000
33903  -42.589  -41.444  -8.561 0.0000000000
33905  -48.493  -41.865  -9.245 0.0000000000
33906  -49.109  -41.832  -9.286 0.0000000000
33908  -51.063  -41.552  -9.094 0.0000000000
33910  -53.013  -41.504  -8.509 0.0000000000
33936  -46.113  -41.402  -9.287 0.0000000000
35001  -40.561  -40.256  -3.557 0.0000000000
35035  -40.772  -40.517  -5.203 0.0000000000
35055  -41.591  -40.120  -7.489 0.0000000000
35109  -43.760  -40.517  -9.085 0.0000000000
35115  -49.383  -40.614  -9.399 0.0000000000
36246  -40.578  -39.576  -5.034 0.0000000000
36280  -51.226  -40.286  -9.169 0.0000000000
36314  -44.182  -39.566  -9.255 0.0000000000
37596  -41.099  -38.301  -6.922 0.0000000000
37639  -45.500  -38.574  -9.612 0.0000000000
38917  -41.553  -37.597  -7.205 0.0000000000
38931  -41.957  -37.592  -7.989 0.0000000000
38951  -43.348  -37.662  -9.065 0.0000000000
