#!ascii label  , from subject _151 vox2ras=TkReg
462
95973  -34.577  3.432  -30.491 0.0000000000
101257  -32.099  7.503  -27.637 0.0000000000
119390  -28.600  20.828  -30.029 0.0000000000
115394  -30.544  17.218  -28.113 0.0000000000
107014  -34.625  11.727  -30.913 0.0000000000
101356  -39.486  6.784  -33.993 0.0000000000
121783  -27.542  22.739  -30.635 0.0000000000
110998  -33.767  14.231  -28.687 0.0000000000
108287  -31.403  12.358  -28.547 0.0000000000
98639  -33.364  5.192  -28.378 0.0000000000
101313  -35.436  7.416  -30.634 0.0000000000
98709  -36.911  5.417  -32.042 0.0000000000
89395  -30.809  -1.345  -28.839 0.0000000000
94582  -32.061  2.599  -28.204 0.0000000000
128926  -27.481  28.283  -32.606 0.0000000000
127845  -30.093  27.477  -33.030 0.0000000000
125437  -31.541  25.393  -32.244 0.0000000000
123015  -32.472  23.227  -31.183 0.0000000000
120618  -32.890  21.331  -30.439 0.0000000000
118104  -29.465  19.358  -28.936 0.0000000000
116802  -33.074  18.298  -30.407 0.0000000000
112461  -33.674  15.490  -31.268 0.0000000000
107060  -33.347  12.398  -34.081 0.0000000000
104295  -35.354  9.964  -36.162 0.0000000000
105628  -33.675  10.343  -28.064 0.0000000000
102741  -36.303  8.861  -34.332 0.0000000000
109642  -30.637  13.315  -28.640 0.0000000000
108305  -30.164  12.474  -29.233 0.0000000000
97264  -33.606  4.186  -29.246 0.0000000000
99987  -35.065  5.795  -30.533 0.0000000000
97305  -35.640  4.660  -31.017 0.0000000000
86663  -29.507  -3.559  -24.422 0.0000000000
87978  -29.841  -2.850  -25.345 0.0000000000
87996  -30.313  -2.285  -26.136 0.0000000000
97246  -30.683  4.705  -28.169 0.0000000000
95898  -29.657  2.946  -27.928 0.0000000000
126686  -30.593  26.842  -32.445 0.0000000000
120614  -27.842  21.805  -30.577 0.0000000000
123001  -30.238  23.234  -30.391 0.0000000000
121786  -30.301  22.359  -30.239 0.0000000000
121788  -32.567  22.300  -30.432 0.0000000000
120598  -30.620  21.345  -29.479 0.0000000000
115393  -30.141  17.722  -28.306 0.0000000000
118090  -31.519  19.276  -28.180 0.0000000000
115397  -33.168  17.489  -29.008 0.0000000000
113955  -33.310  16.787  -30.793 0.0000000000
113914  -33.048  17.044  -29.172 0.0000000000
108319  -34.554  12.635  -30.372 0.0000000000
109693  -34.276  13.502  -31.757 0.0000000000
107044  -34.040  11.903  -33.000 0.0000000000
105750  -33.884  10.623  -35.384 0.0000000000
105751  -34.925  10.106  -34.861 0.0000000000
104177  -31.037  8.957  -29.197 0.0000000000
104154  -31.873  9.893  -28.015 0.0000000000
104134  -32.932  9.150  -27.606 0.0000000000
101344  -36.482  7.064  -32.896 0.0000000000
102711  -35.706  8.268  -32.121 0.0000000000
102743  -38.324  7.811  -33.962 0.0000000000
102762  -38.912  8.894  -35.288 0.0000000000
102757  -40.298  8.240  -34.811 0.0000000000
89397  -31.983  -1.307  -28.458 0.0000000000
90728  -30.591  -0.708  -28.800 0.0000000000
90738  -31.826  -0.280  -29.589 0.0000000000
93279  -32.085  0.538  -29.782 0.0000000000
112423  -30.253  15.678  -29.238 0.0000000000
112403  -33.269  15.067  -28.373 0.0000000000
110996  -31.912  14.185  -28.251 0.0000000000
109644  -32.582  13.336  -28.089 0.0000000000
108290  -34.076  12.603  -28.792 0.0000000000
99939  -32.565  6.486  -27.617 0.0000000000
101280  -33.822  7.830  -27.858 0.0000000000
99956  -34.282  6.282  -28.815 0.0000000000
100005  -36.179  6.197  -31.733 0.0000000000
100017  -37.437  5.808  -33.157 0.0000000000
89364  -31.357  -1.430  -27.300 0.0000000000
99954  -30.775  6.786  -28.425 0.0000000000
98622  -32.061  5.430  -27.683 0.0000000000
97248  -32.314  4.280  -27.589 0.0000000000
95925  -33.021  3.207  -28.985 0.0000000000
129955  -27.242  29.379  -33.901 0.0000000000
126660  -27.487  26.661  -31.687 0.0000000000
127843  -28.573  28.224  -33.311 0.0000000000
127858  -30.304  27.647  -34.456 0.0000000000
126729  -31.148  26.011  -34.817 0.0000000000
125474  -32.381  24.981  -33.752 0.0000000000
124199  -30.211  24.979  -31.078 0.0000000000
124216  -31.673  24.793  -31.983 0.0000000000
123043  -32.951  23.305  -33.287 0.0000000000
121830  -33.148  22.465  -32.876 0.0000000000
119406  -33.248  21.125  -31.853 0.0000000000
118137  -32.929  19.500  -31.590 0.0000000000
119371  -29.031  20.413  -29.571 0.0000000000
119373  -30.593  20.640  -28.863 0.0000000000
118125  -32.989  19.427  -30.469 0.0000000000
115474  -32.465  17.914  -32.603 0.0000000000
113991  -32.349  16.938  -32.366 0.0000000000
168726  -32.892  14.027  -34.747 0.0000000000
112425  -34.174  15.092  -29.662 0.0000000000
109708  -33.728  13.840  -32.767 0.0000000000
106982  -31.030  11.425  -28.911 0.0000000000
106984  -32.960  11.411  -28.082 0.0000000000
105643  -34.735  10.924  -29.504 0.0000000000
102649  -35.179  8.532  -29.402 0.0000000000
104202  -35.341  9.160  -30.849 0.0000000000
104224  -34.940  9.981  -32.171 0.0000000000
104282  -36.736  9.325  -35.258 0.0000000000
105777  -38.347  10.085  -35.881 0.0000000000
93240  -31.587  1.618  -28.312 0.0000000000
94627  -32.329  2.060  -30.068 0.0000000000
94652  -34.312  2.312  -30.382 0.0000000000
97282  -33.795  3.529  -29.981 0.0000000000
97283  -34.346  4.254  -30.068 0.0000000000
95974  -35.233  3.892  -30.688 0.0000000000
97306  -36.167  4.687  -30.766 0.0000000000
86664  -30.182  -2.809  -24.367 0.0000000000
120615  -28.689  21.654  -30.144 0.0000000000
121785  -29.409  22.619  -30.030 0.0000000000
120616  -29.588  21.737  -30.129 0.0000000000
121770  -30.677  21.971  -30.001 0.0000000000
120597  -29.755  21.120  -29.776 0.0000000000
113934  -30.298  16.736  -28.911 0.0000000000
115416  -29.754  17.519  -28.820 0.0000000000
116759  -30.947  18.011  -28.023 0.0000000000
115395  -31.453  17.223  -27.787 0.0000000000
115396  -32.478  17.439  -28.335 0.0000000000
108332  -34.535  12.689  -31.441 0.0000000000
107026  -34.527  11.804  -32.071 0.0000000000
105728  -34.404  10.734  -34.206 0.0000000000
105707  -34.428  10.852  -32.847 0.0000000000
102624  -31.603  8.459  -27.991 0.0000000000
104132  -31.785  9.064  -28.122 0.0000000000
102625  -32.539  8.407  -27.593 0.0000000000
101354  -37.763  7.027  -33.308 0.0000000000
101353  -37.012  7.337  -33.219 0.0000000000
102744  -38.839  7.486  -34.189 0.0000000000
102756  -39.175  8.082  -34.612 0.0000000000
101364  -40.025  7.371  -34.347 0.0000000000
101365  -40.975  7.659  -34.674 0.0000000000
100030  -40.716  7.143  -34.249 0.0000000000
90730  -31.985  -0.649  -29.018 0.0000000000
112422  -29.371  15.349  -29.662 0.0000000000
112400  -30.678  14.916  -28.747 0.0000000000
111014  -30.080  14.381  -29.225 0.0000000000
108286  -30.851  12.396  -28.879 0.0000000000
109643  -31.507  13.216  -28.155 0.0000000000
108289  -33.256  12.488  -28.363 0.0000000000
99940  -33.590  6.313  -27.948 0.0000000000
99941  -34.081  6.806  -28.214 0.0000000000
98696  -35.807  5.310  -31.311 0.0000000000
99988  -35.449  6.301  -30.843 0.0000000000
100006  -36.593  5.626  -31.952 0.0000000000
100016  -36.825  6.064  -32.447 0.0000000000
98710  -37.461  5.200  -32.567 0.0000000000
98718  -37.933  5.152  -33.264 0.0000000000
85350  -28.748  -4.050  -24.871 0.0000000000
85349  -28.108  -4.641  -24.541 0.0000000000
89346  -30.674  -1.646  -26.785 0.0000000000
98637  -30.802  6.180  -28.491 0.0000000000
95899  -30.614  3.513  -27.875 0.0000000000
97247  -31.399  4.476  -27.672 0.0000000000
95900  -31.735  3.404  -27.662 0.0000000000
95901  -32.506  3.278  -28.204 0.0000000000
128942  -26.868  28.765  -33.128 0.0000000000
129956  -27.980  29.281  -33.906 0.0000000000
128943  -28.025  28.761  -33.318 0.0000000000
127830  -29.139  27.311  -32.535 0.0000000000
126684  -28.292  27.037  -32.158 0.0000000000
127844  -29.203  27.859  -33.591 0.0000000000
127857  -29.590  27.976  -34.343 0.0000000000
126703  -31.326  26.315  -32.847 0.0000000000
126717  -31.443  26.291  -33.890 0.0000000000
125454  -31.887  25.664  -33.315 0.0000000000
125473  -31.679  25.476  -34.319 0.0000000000
122999  -28.343  23.659  -30.353 0.0000000000
124201  -31.747  23.898  -30.832 0.0000000000
124200  -31.184  24.622  -31.367 0.0000000000
124217  -32.080  24.294  -31.974 0.0000000000
124224  -32.554  24.226  -33.043 0.0000000000
123033  -32.758  23.519  -32.287 0.0000000000
123034  -32.895  22.841  -31.781 0.0000000000
121789  -33.013  21.871  -30.768 0.0000000000
120635  -33.300  21.717  -31.663 0.0000000000
119392  -33.404  21.251  -31.371 0.0000000000
119405  -32.982  20.412  -32.118 0.0000000000
119391  -33.324  20.607  -31.047 0.0000000000
116780  -28.663  18.351  -29.341 0.0000000000
118124  -27.961  18.858  -29.730 0.0000000000
118103  -28.378  19.512  -29.613 0.0000000000
119372  -29.910  20.528  -29.127 0.0000000000
119358  -30.236  19.950  -28.509 0.0000000000
116782  -33.090  18.792  -29.439 0.0000000000
118105  -32.826  19.392  -29.447 0.0000000000
118106  -33.171  18.958  -29.860 0.0000000000
116801  -32.944  18.420  -31.077 0.0000000000
115456  -33.172  17.663  -32.007 0.0000000000
115438  -33.147  17.434  -31.217 0.0000000000
112478  -33.177  15.391  -32.236 0.0000000000
113974  -32.928  16.206  -31.810 0.0000000000
112490  -33.074  15.319  -33.071 0.0000000000
111072  -33.405  14.733  -32.708 0.0000000000
112404  -33.948  14.943  -28.960 0.0000000000
108349  -34.089  12.910  -32.675 0.0000000000
109709  -34.029  13.545  -32.302 0.0000000000
108348  -33.763  13.298  -33.102 0.0000000000
108366  -33.344  13.166  -33.696 0.0000000000
107072  -32.833  12.395  -34.984 0.0000000000
105774  -34.527  10.053  -35.903 0.0000000000
107086  -37.279  11.157  -35.496 0.0000000000
105641  -29.568  10.514  -29.628 0.0000000000
105627  -32.486  10.290  -27.849 0.0000000000
106985  -34.009  11.565  -28.481 0.0000000000
105630  -35.055  10.387  -29.213 0.0000000000
101282  -35.064  7.801  -28.963 0.0000000000
102648  -34.806  8.554  -28.595 0.0000000000
102727  -36.065  8.218  -33.223 0.0000000000
104225  -35.292  9.133  -31.762 0.0000000000
105682  -35.066  9.781  -31.351 0.0000000000
104248  -35.260  9.392  -32.922 0.0000000000
104266  -35.546  9.319  -34.116 0.0000000000
104299  -39.497  9.335  -35.476 0.0000000000
104298  -38.677  9.520  -35.542 0.0000000000
105778  -39.236  9.957  -35.578 0.0000000000
92005  -32.770  0.853  -30.374 0.0000000000
93280  -32.367  1.178  -30.104 0.0000000000
93296  -32.945  1.379  -30.475 0.0000000000
94650  -32.677  1.822  -30.355 0.0000000000
93298  -33.992  1.567  -30.375 0.0000000000
109663  -29.532  13.539  -29.492 0.0000000000
97265  -34.191  4.717  -29.418 0.0000000000
98656  -34.461  5.342  -29.606 0.0000000000
98675  -35.305  5.273  -30.820 0.0000000000
97330  -35.962  4.786  -31.439 0.0000000000
98697  -36.480  5.024  -31.500 0.0000000000
97331  -36.045  4.736  -31.249 0.0000000000
88013  -30.066  -2.284  -27.275 0.0000000000
87979  -30.716  -2.172  -24.973 0.0000000000
97262  -30.097  4.204  -28.484 0.0000000000
95924  -29.890  3.582  -28.179 0.0000000000
94581  -31.383  2.355  -27.862 0.0000000000
127828  -27.489  27.576  -32.092 0.0000000000
127831  -29.829  27.032  -32.201 0.0000000000
126663  -29.998  26.362  -31.673 0.0000000000
126664  -30.479  25.919  -31.593 0.0000000000
122987  -29.097  23.223  -29.820 0.0000000000
124183  -31.420  23.482  -30.503 0.0000000000
122988  -31.364  22.716  -29.992 0.0000000000
121772  -31.909  22.230  -29.734 0.0000000000
120599  -31.512  21.475  -29.379 0.0000000000
116781  -29.410  18.398  -28.723 0.0000000000
118089  -30.636  19.239  -28.101 0.0000000000
116760  -31.994  18.311  -28.127 0.0000000000
116762  -33.193  17.943  -29.286 0.0000000000
115439  -33.077  17.787  -30.500 0.0000000000
115418  -33.139  17.495  -29.804 0.0000000000
113935  -33.371  16.733  -29.605 0.0000000000
112445  -33.858  15.881  -30.148 0.0000000000
109665  -34.378  13.480  -29.840 0.0000000000
111015  -34.185  14.277  -29.331 0.0000000000
107061  -33.832  11.762  -34.002 0.0000000000
107073  -33.496  11.305  -34.889 0.0000000000
105625  -31.125  10.283  -28.835 0.0000000000
104153  -31.528  9.405  -28.497 0.0000000000
105604  -32.676  9.624  -27.740 0.0000000000
104155  -33.678  9.241  -27.767 0.0000000000
101329  -35.721  7.272  -31.464 0.0000000000
102692  -35.472  8.261  -31.184 0.0000000000
102728  -36.659  7.720  -33.241 0.0000000000
102742  -37.218  8.244  -33.625 0.0000000000
102754  -36.999  8.908  -34.652 0.0000000000
102755  -38.012  8.742  -34.758 0.0000000000
102763  -39.780  8.750  -35.241 0.0000000000
102764  -40.491  8.805  -35.185 0.0000000000
104284  -40.819  9.211  -35.083 0.0000000000
102758  -41.241  8.451  -34.972 0.0000000000
89396  -31.464  -1.293  -28.804 0.0000000000
90729  -31.449  -0.513  -29.168 0.0000000000
91992  -31.703  0.100  -29.671 0.0000000000
91993  -32.275  0.218  -29.846 0.0000000000
113933  -29.464  16.404  -29.370 0.0000000000
113911  -30.694  15.943  -28.435 0.0000000000
113912  -31.375  16.148  -28.092 0.0000000000
112402  -32.105  15.088  -28.157 0.0000000000
110997  -32.969  14.174  -28.088 0.0000000000
110994  -30.596  14.209  -28.720 0.0000000000
109645  -33.597  13.488  -28.568 0.0000000000
108306  -34.443  12.633  -29.445 0.0000000000
107000  -34.582  11.747  -29.904 0.0000000000
101258  -33.169  7.444  -27.552 0.0000000000
101259  -33.874  7.171  -27.899 0.0000000000
101281  -34.422  7.502  -28.382 0.0000000000
101296  -34.934  7.009  -29.099 0.0000000000
99969  -34.794  6.330  -30.013 0.0000000000
99970  -35.291  6.854  -30.282 0.0000000000
100015  -36.344  6.632  -32.351 0.0000000000
101345  -37.024  6.592  -33.092 0.0000000000
100024  -39.201  6.132  -33.632 0.0000000000
100025  -40.420  6.471  -33.915 0.0000000000
98699  -38.148  5.307  -31.893 0.0000000000
85337  -28.460  -4.774  -23.947 0.0000000000
88047  -30.376  -1.841  -28.465 0.0000000000
89363  -30.760  -1.767  -27.737 0.0000000000
89382  -30.917  -1.774  -28.475 0.0000000000
89383  -31.564  -1.611  -28.139 0.0000000000
90712  -31.953  -1.391  -27.703 0.0000000000
101256  -31.453  7.554  -27.953 0.0000000000
99938  -31.480  6.620  -28.055 0.0000000000
98623  -32.904  5.655  -27.783 0.0000000000
98638  -32.703  4.964  -27.962 0.0000000000
97263  -32.974  4.172  -28.307 0.0000000000
95950  -33.559  2.873  -30.261 0.0000000000
128941  -26.328  29.041  -32.770 0.0000000000
126683  -27.863  27.284  -32.134 0.0000000000
127829  -28.295  27.858  -32.643 0.0000000000
128944  -28.703  28.433  -33.751 0.0000000000
128955  -29.129  28.375  -34.477 0.0000000000
126702  -30.856  26.967  -33.498 0.0000000000
126716  -30.941  26.738  -34.436 0.0000000000
125492  -31.168  25.927  -35.524 0.0000000000
125493  -31.321  25.235  -35.353 0.0000000000
124238  -31.873  24.619  -34.684 0.0000000000
124239  -32.518  24.061  -34.063 0.0000000000
124198  -29.671  25.225  -31.037 0.0000000000
125420  -30.776  25.466  -31.559 0.0000000000
124181  -30.239  24.168  -30.679 0.0000000000
125455  -32.229  25.003  -32.772 0.0000000000
123058  -32.626  23.164  -34.373 0.0000000000
121829  -32.921  22.459  -33.721 0.0000000000
120649  -32.858  21.393  -32.999 0.0000000000
121819  -33.186  22.341  -32.086 0.0000000000
120650  -33.149  21.729  -32.450 0.0000000000
118123  -27.519  19.576  -30.194 0.0000000000
120584  -31.113  20.971  -28.936 0.0000000000
120600  -32.313  21.268  -29.483 0.0000000000
119360  -31.949  20.203  -28.513 0.0000000000
119361  -32.418  20.264  -29.082 0.0000000000
119374  -32.671  20.372  -30.025 0.0000000000
116810  -32.973  18.620  -32.247 0.0000000000
113973  -33.051  16.980  -31.579 0.0000000000
113992  -32.398  15.924  -32.699 0.0000000000
114009  -32.456  15.689  -33.957 0.0000000000
113913  -32.140  16.312  -28.034 0.0000000000
112424  -33.760  15.827  -29.141 0.0000000000
112462  -33.977  14.939  -31.122 0.0000000000
111031  -34.290  14.303  -30.231 0.0000000000
111044  -34.182  14.369  -31.251 0.0000000000
111058  -33.721  14.657  -31.947 0.0000000000
105773  -33.738  11.054  -36.075 0.0000000000
106999  -30.243  11.453  -29.208 0.0000000000
105626  -31.650  10.463  -28.353 0.0000000000
106983  -31.922  11.399  -28.202 0.0000000000
106986  -34.569  11.736  -29.069 0.0000000000
105661  -34.708  10.852  -30.320 0.0000000000
102626  -33.403  8.449  -27.647 0.0000000000
104156  -34.289  9.107  -28.278 0.0000000000
104178  -35.234  9.327  -29.961 0.0000000000
104157  -35.175  9.605  -29.004 0.0000000000
105662  -35.100  10.020  -30.592 0.0000000000
105681  -34.778  10.701  -31.452 0.0000000000
105708  -34.841  10.247  -33.318 0.0000000000
104281  -35.736  9.533  -35.256 0.0000000000
104296  -36.384  9.915  -35.802 0.0000000000
104283  -37.353  9.144  -35.074 0.0000000000
104297  -37.658  9.499  -35.559 0.0000000000
105776  -37.350  10.312  -35.808 0.0000000000
94580  -30.356  2.320  -27.706 0.0000000000
93261  -31.828  0.997  -29.039 0.0000000000
93262  -32.243  1.603  -29.766 0.0000000000
94606  -32.559  2.146  -29.006 0.0000000000
94607  -32.724  2.595  -29.679 0.0000000000
94628  -32.928  2.384  -30.092 0.0000000000
95972  -33.977  2.813  -30.529 0.0000000000
84035  -28.167  -5.106  -23.715 0.0000000000
89384  -32.069  -1.428  -28.083 0.0000000000
90737  -31.799  -0.130  -29.682 0.0000000000
91994  -33.175  0.683  -30.208 0.0000000000
92006  -33.217  1.052  -30.487 0.0000000000
93239  -31.057  1.457  -28.003 0.0000000000
93281  -33.693  1.156  -30.308 0.0000000000
93282  -34.253  1.494  -30.078 0.0000000000
93297  -33.584  1.534  -30.408 0.0000000000
94605  -31.961  1.877  -28.446 0.0000000000
94651  -33.396  2.116  -30.386 0.0000000000
95926  -33.299  3.078  -29.702 0.0000000000
95951  -34.035  3.375  -30.410 0.0000000000
97304  -34.948  4.427  -30.783 0.0000000000
98640  -34.028  5.219  -28.924 0.0000000000
98674  -34.822  5.239  -30.365 0.0000000000
98676  -36.766  4.995  -30.272 0.0000000000
98698  -37.326  5.439  -31.638 0.0000000000
98719  -38.741  5.537  -33.177 0.0000000000
99955  -33.812  5.762  -28.498 0.0000000000
100023  -38.251  5.969  -33.412 0.0000000000
100031  -41.441  6.968  -34.390 0.0000000000
101279  -30.749  7.590  -28.370 0.0000000000
101297  -35.245  7.457  -29.787 0.0000000000
101343  -35.978  7.229  -32.344 0.0000000000
101355  -38.711  6.887  -33.824 0.0000000000
101363  -39.220  7.289  -34.219 0.0000000000
102646  -31.030  8.554  -28.714 0.0000000000
102647  -34.130  8.505  -28.009 0.0000000000
102671  -35.325  8.362  -30.295 0.0000000000
102753  -36.397  9.091  -34.932 0.0000000000
102761  -38.328  9.178  -35.330 0.0000000000
104133  -32.132  9.315  -27.824 0.0000000000
104247  -34.879  10.119  -32.789 0.0000000000
104300  -40.180  9.163  -35.426 0.0000000000
104301  -35.339  10.297  -36.301 0.0000000000
104302  -35.762  10.211  -36.231 0.0000000000
105605  -33.119  9.718  -27.754 0.0000000000
105629  -34.724  10.641  -28.832 0.0000000000
105644  -35.142  10.224  -29.713 0.0000000000
105729  -35.093  10.028  -33.893 0.0000000000
108288  -32.233  12.366  -28.150 0.0000000000
108367  -33.680  12.400  -33.490 0.0000000000
109646  -34.166  13.485  -29.031 0.0000000000
109664  -30.122  13.434  -29.176 0.0000000000
109679  -34.459  13.508  -30.810 0.0000000000
109723  -33.350  14.523  -33.584 0.0000000000
110995  -31.091  14.169  -28.488 0.0000000000
111043  -33.926  14.873  -31.405 0.0000000000
111059  -33.980  13.968  -32.000 0.0000000000
112401  -31.329  15.083  -28.453 0.0000000000
112446  -34.102  15.037  -30.605 0.0000000000
113954  -33.198  17.056  -31.207 0.0000000000
115417  -30.247  17.189  -28.652 0.0000000000
116758  -30.045  18.361  -28.165 0.0000000000
116761  -32.922  18.411  -28.873 0.0000000000
116783  -33.154  18.306  -29.777 0.0000000000
116800  -27.909  18.358  -29.609 0.0000000000
118088  -30.031  19.260  -28.306 0.0000000000
118091  -32.332  19.344  -28.621 0.0000000000
118102  -28.011  19.764  -29.882 0.0000000000
118126  -33.109  18.695  -30.308 0.0000000000
118150  -32.756  19.590  -32.636 0.0000000000
119359  -31.110  20.238  -28.443 0.0000000000
119370  -28.202  20.174  -29.891 0.0000000000
119419  -32.955  21.066  -32.495 0.0000000000
120585  -31.711  20.836  -28.902 0.0000000000
120586  -32.129  20.687  -28.926 0.0000000000
120596  -29.126  21.153  -29.946 0.0000000000
120617  -30.205  21.665  -30.053 0.0000000000
120619  -33.385  21.540  -31.019 0.0000000000
121768  -28.995  22.966  -29.767 0.0000000000
121769  -29.220  23.093  -29.857 0.0000000000
121771  -31.266  22.134  -29.778 0.0000000000
121787  -30.923  22.456  -30.073 0.0000000000
121804  -32.666  22.619  -31.074 0.0000000000
121805  -33.004  22.258  -31.266 0.0000000000
122986  -28.825  23.246  -29.912 0.0000000000
122989  -31.641  22.602  -29.859 0.0000000000
123000  -29.348  23.548  -30.113 0.0000000000
123002  -31.011  23.036  -30.313 0.0000000000
123003  -31.852  23.111  -30.143 0.0000000000
123016  -32.727  22.723  -31.349 0.0000000000
123044  -33.096  22.926  -32.469 0.0000000000
124182  -30.987  23.741  -30.743 0.0000000000
125438  -31.892  24.875  -32.273 0.0000000000
126685  -28.782  26.741  -32.134 0.0000000000
126687  -30.927  26.172  -31.920 0.0000000000
127807  -29.282  26.814  -32.134 0.0000000000
127808  -29.558  26.658  -31.928 0.0000000000
128968  -29.977  27.942  -35.195 0.0000000000
