#!ascii label  , from subject _151 vox2ras=TkReg
1172
85337  -28.460  -4.774  -23.947 0.4285714328
85367  -28.604  -3.853  -25.364 0.2857142985
85350  -28.748  -4.050  -24.871 0.4285714328
86663  -29.507  -3.559  -24.422 0.4285714328
86664  -30.182  -2.809  -24.367 0.4285714328
87995  -29.560  -2.831  -26.494 0.2857142985
87978  -29.841  -2.850  -25.345 0.4285714328
87979  -30.716  -2.172  -24.973 0.4285714328
88013  -30.066  -2.284  -27.275 0.4285714328
89346  -30.674  -1.646  -26.785 0.4285714328
89382  -30.917  -1.774  -28.475 0.4285714328
89397  -31.983  -1.307  -28.458 0.4285714328
90728  -30.591  -0.708  -28.800 0.5714285970
89396  -31.464  -1.293  -28.804 0.5714285970
90730  -31.985  -0.649  -29.018 0.4285714328
91976  -32.644  -0.153  -28.743 0.2857142985
91992  -31.703  0.100  -29.671 0.7142857313
91993  -32.275  0.218  -29.846 0.7142857313
93296  -32.945  1.379  -30.475 0.7142857313
93298  -33.992  1.567  -30.375 0.4285714328
93279  -32.085  0.538  -29.782 0.7142857313
92005  -32.770  0.853  -30.374 0.5714285970
95972  -33.977  2.813  -30.529 0.5714285970
94627  -32.329  2.060  -30.068 0.5714285970
94628  -32.928  2.384  -30.092 0.5714285970
95950  -33.559  2.873  -30.261 0.5714285970
95973  -34.577  3.432  -30.491 0.5714285970
94607  -32.724  2.595  -29.679 0.5714285970
95974  -35.233  3.892  -30.688 0.4285714328
97283  -34.346  4.254  -30.068 0.5714285970
97330  -35.962  4.786  -31.439 0.5714285970
97263  -32.974  4.172  -28.307 0.7142857313
98675  -35.305  5.273  -30.820 0.7142857313
98696  -35.807  5.310  -31.311 0.7142857313
98709  -36.911  5.417  -32.042 0.5714285970
97264  -33.606  4.186  -29.246 0.5714285970
97247  -31.399  4.476  -27.672 0.5714285970
98656  -34.461  5.342  -29.606 0.8571428657
100006  -36.593  5.626  -31.952 0.7142857313
98710  -37.461  5.200  -32.567 0.5714285970
98639  -33.364  5.192  -28.378 0.7142857313
98623  -32.904  5.655  -27.783 0.5714285970
100015  -36.344  6.632  -32.351 0.7142857313
100017  -37.437  5.808  -33.157 0.5714285970
99969  -34.794  6.330  -30.013 0.7142857313
100005  -36.179  6.197  -31.733 0.7142857313
101344  -36.482  7.064  -32.896 0.5714285970
99970  -35.291  6.854  -30.282 0.7142857313
101354  -37.763  7.027  -33.308 0.5714285970
99956  -34.282  6.282  -28.815 0.5714285970
101296  -34.934  7.009  -29.099 0.7142857313
101329  -35.721  7.272  -31.464 0.7142857313
102728  -36.659  7.720  -33.241 0.7142857313
101353  -37.012  7.337  -33.219 0.7142857313
102649  -35.179  8.532  -29.402 0.7142857313
102692  -35.472  8.261  -31.184 0.7142857313
102711  -35.706  8.268  -32.121 0.7142857313
102741  -36.303  8.861  -34.332 0.7142857313
102742  -37.218  8.244  -33.625 0.5714285970
101280  -33.822  7.830  -27.858 0.5714285970
104282  -36.736  9.325  -35.258 0.5714285970
104178  -35.234  9.327  -29.961 0.8571428657
104266  -35.546  9.319  -34.116 0.7142857313
104224  -34.940  9.981  -32.171 0.7142857313
104202  -35.341  9.160  -30.849 0.8571428657
105682  -35.066  9.781  -31.351 0.7142857313
107026  -34.527  11.804  -32.071 0.8571428657
105751  -34.925  10.106  -34.861 0.5714285970
105681  -34.778  10.701  -31.452 0.8571428657
105661  -34.708  10.852  -30.320 0.8571428657
105662  -35.100  10.020  -30.592 0.8571428657
108332  -34.535  12.689  -31.441 0.8571428657
109693  -34.276  13.502  -31.757 0.8571428657
112425  -34.174  15.092  -29.662 0.8571428657
107014  -34.625  11.727  -30.913 0.8571428657
111015  -34.185  14.277  -29.331 0.8571428657
112403  -33.269  15.067  -28.373 1.0000000000
112404  -33.948  14.943  -28.960 1.0000000000
108319  -34.554  12.635  -30.372 0.8571428657
110998  -33.767  14.231  -28.687 1.0000000000
113914  -33.048  17.044  -29.172 1.0000000000
115393  -30.141  17.722  -28.306 0.7142857313
113913  -32.140  16.312  -28.034 1.0000000000
113912  -31.375  16.148  -28.092 1.0000000000
115395  -31.453  17.223  -27.787 1.0000000000
120584  -31.113  20.971  -28.936 1.0000000000
120597  -29.755  21.120  -29.776 0.8571428657
121786  -30.301  22.359  -30.239 0.8571428657
121770  -30.677  21.971  -30.001 1.0000000000
125437  -31.541  25.393  -32.244 0.8571428657
124200  -31.184  24.622  -31.367 0.8571428657
124201  -31.747  23.898  -30.832 1.0000000000
126717  -31.443  26.291  -33.890 0.8571428657
125454  -31.887  25.664  -33.315 0.8571428657
126702  -30.856  26.967  -33.498 0.7142857313
126663  -29.998  26.362  -31.673 0.5714285970
127857  -29.590  27.976  -34.343 0.7142857313
127858  -30.304  27.647  -34.456 0.5714285970
126683  -27.863  27.284  -32.134 0.5714285970
127830  -29.139  27.311  -32.535 0.5714285970
127828  -27.489  27.576  -32.092 0.4285714328
128942  -26.868  28.765  -33.128 0.4285714328
129956  -27.980  29.281  -33.906 0.4285714328
127784  -27.499  27.172  -30.571 0.2857142985
128906  -27.299  28.627  -31.528 0.2857142985
128925  -26.890  28.270  -32.251 0.2857142985
128884  -27.932  28.450  -30.608 0.2857142985
86677  -28.858  -3.539  -25.708 0.2857142985
97282  -33.795  3.529  -29.981 0.5714285970
100016  -36.825  6.064  -32.447 0.5714285970
104281  -35.736  9.533  -35.256 0.5714285970
104225  -35.292  9.133  -31.762 0.7142857313
104248  -35.260  9.392  -32.922 0.7142857313
105707  -34.428  10.852  -32.847 0.8571428657
107044  -34.040  11.903  -33.000 0.8571428657
111031  -34.290  14.303  -30.231 0.8571428657
116759  -30.947  18.011  -28.023 0.8571428657
127770  -29.363  27.885  -28.898 0.1428571492
86676  -28.370  -3.777  -25.896 0.2857142985
86694  -28.994  -3.301  -26.951 0.2857142985
87996  -30.313  -2.285  -26.136 0.4285714328
89364  -31.357  -1.430  -27.300 0.4285714328
88032  -29.794  -2.601  -27.838 0.2857142985
90712  -31.953  -1.391  -27.703 0.4285714328
89395  -30.809  -1.345  -28.839 0.5714285970
90729  -31.449  -0.513  -29.168 0.5714285970
91975  -31.177  -0.001  -28.903 0.2857142985
93280  -32.367  1.178  -30.104 0.7142857313
94650  -32.677  1.822  -30.355 0.4285714328
94606  -32.559  2.146  -29.006 0.5714285970
97306  -36.167  4.687  -30.766 0.4285714328
95901  -32.506  3.278  -28.204 0.7142857313
95925  -33.021  3.207  -28.985 0.7142857313
97305  -35.640  4.660  -31.017 0.5714285970
97331  -36.045  4.736  -31.249 0.4285714328
99987  -35.065  5.795  -30.533 0.7142857313
99988  -35.449  6.301  -30.843 0.7142857313
98638  -32.703  4.964  -27.962 0.5714285970
102744  -38.839  7.486  -34.189 0.5714285970
99940  -33.590  6.313  -27.948 0.5714285970
100024  -39.201  6.132  -33.632 0.5714285970
101313  -35.436  7.416  -30.634 0.7142857313
102743  -38.324  7.811  -33.962 0.5714285970
101281  -34.422  7.502  -28.382 0.8571428657
105728  -34.404  10.734  -34.206 0.5714285970
107000  -34.582  11.747  -29.904 1.0000000000
112424  -33.760  15.827  -29.141 1.0000000000
110997  -32.969  14.174  -28.088 1.0000000000
115394  -30.544  17.218  -28.113 0.8571428657
118104  -29.465  19.358  -28.936 0.7142857313
118089  -30.636  19.239  -28.101 1.0000000000
118090  -31.519  19.276  -28.180 1.0000000000
119372  -29.910  20.528  -29.127 0.7142857313
119360  -31.949  20.203  -28.513 1.0000000000
118103  -28.378  19.512  -29.613 0.7142857313
120598  -30.620  21.345  -29.479 0.8571428657
124183  -31.420  23.482  -30.503 1.0000000000
122988  -31.364  22.716  -29.992 1.0000000000
126686  -30.593  26.842  -32.445 0.7142857313
128926  -27.481  28.283  -32.606 0.7142857313
127831  -29.829  27.032  -32.201 0.5714285970
127844  -29.203  27.859  -33.591 0.7142857313
126660  -27.487  26.661  -31.687 0.4285714328
128955  -29.129  28.375  -34.477 0.4285714328
129955  -27.242  29.379  -33.901 0.4285714328
128941  -26.328  29.041  -32.770 0.4285714328
93240  -31.587  1.618  -28.312 0.4285714328
94581  -31.383  2.355  -27.862 0.4285714328
127829  -28.295  27.858  -32.643 0.7142857313
85349  -28.108  -4.641  -24.541 0.4285714328
85366  -28.253  -4.050  -25.527 0.2857142985
85365  -27.624  -4.615  -25.411 0.2857142985
88033  -30.251  -2.136  -28.097 0.2857142985
89363  -30.760  -1.767  -27.737 0.4285714328
89383  -31.564  -1.611  -28.139 0.4285714328
88047  -30.376  -1.841  -28.465 0.4285714328
90738  -31.826  -0.280  -29.589 0.4285714328
93261  -31.828  0.997  -29.039 0.5714285970
93262  -32.243  1.603  -29.766 0.5714285970
97265  -34.191  4.717  -29.418 0.7142857313
98697  -36.480  5.024  -31.500 0.5714285970
97248  -32.314  4.280  -27.589 0.7142857313
95900  -31.735  3.404  -27.662 0.7142857313
101345  -37.024  6.592  -33.092 0.5714285970
99941  -34.081  6.806  -28.214 0.7142857313
101282  -35.064  7.801  -28.963 0.8571428657
102727  -36.065  8.218  -33.223 0.7142857313
102648  -34.806  8.554  -28.595 0.8571428657
105708  -34.841  10.247  -33.318 0.8571428657
105643  -34.735  10.924  -29.504 0.8571428657
109665  -34.378  13.480  -29.840 1.0000000000
116781  -29.410  18.398  -28.723 0.8571428657
126703  -31.326  26.315  -32.847 0.8571428657
127845  -30.093  27.477  -33.030 0.7142857313
127843  -28.573  28.224  -33.311 0.5714285970
126684  -28.292  27.037  -32.158 0.5714285970
128943  -28.025  28.761  -33.318 0.4285714328
127768  -27.952  26.970  -29.757 0.2857142985
127806  -27.334  27.173  -31.341 0.2857142985
127785  -28.341  27.560  -30.205 0.2857142985
127769  -28.645  27.477  -29.236 0.1428571492
88012  -29.503  -2.797  -27.347 0.2857142985
119358  -30.236  19.950  -28.509 1.0000000000
128944  -28.703  28.433  -33.751 0.5714285970
131975  -25.959  32.098  -35.598 0.2857142985
131944  -25.755  31.929  -32.528 0.1428571492
129973  -25.461  30.228  -34.703 0.2857142985
130998  -26.589  31.247  -35.726 0.2857142985
131953  -25.076  31.720  -33.632 0.1428571492
129934  -25.841  29.782  -32.686 0.1428571492
129954  -26.017  29.691  -33.667 0.2857142985
130953  -25.332  30.467  -32.913 0.1428571492
131023  -27.714  30.508  -37.387 0.2857142985
123095  -30.657  23.806  -37.951 0.2857142985
126751  -28.889  27.321  -38.288 0.2857142985
131932  -26.308  31.606  -31.454 0.1428571492
129975  -27.904  29.650  -34.545 0.2857142985
126741  -30.225  26.649  -36.829 0.2857142985
129997  -28.204  30.027  -36.983 0.2857142985
129974  -26.745  30.273  -34.873 0.2857142985
124264  -32.157  23.660  -36.108 0.1428571492
126753  -29.857  26.210  -37.509 0.2857142985
128991  -29.266  28.164  -37.343 0.2857142985
130954  -25.903  30.803  -32.240 0.1428571492
128979  -28.847  29.222  -36.292 0.2857142985
129990  -27.883  30.185  -35.723 0.2857142985
168759  -30.877  19.045  -36.904 0.1428571492
120692  -32.732  21.337  -35.815 0.1428571492
124262  -30.668  24.666  -36.785 0.4285714328
128967  -29.448  28.292  -35.613 0.2857142985
120669  -32.744  21.534  -33.850 0.2857142985
124238  -31.873  24.619  -34.684 0.4285714328
126728  -30.828  26.671  -35.488 0.2857142985
128954  -28.517  29.049  -34.103 0.2857142985
118166  -32.438  19.650  -33.637 0.1428571492
121843  -32.619  22.295  -34.675 0.2857142985
125492  -31.168  25.927  -35.524 0.4285714328
124239  -32.518  24.061  -34.063 0.5714285970
126729  -31.148  26.011  -34.817 0.7142857313
118150  -32.756  19.590  -32.636 0.1428571492
119418  -32.701  20.612  -33.132 0.1428571492
125473  -31.679  25.476  -34.319 0.7142857313
121830  -33.148  22.465  -32.876 0.4285714328
115473  -31.798  17.671  -32.854 0.2857142985
118137  -32.929  19.500  -31.590 0.7142857313
125455  -32.229  25.003  -32.772 0.7142857313
121772  -31.909  22.230  -29.734 0.8571428657
120635  -33.300  21.717  -31.663 0.8571428657
123033  -32.758  23.519  -32.287 0.5714285970
114008  -31.766  16.651  -33.271 0.2857142985
114007  -31.736  17.206  -32.828 0.2857142985
123034  -32.895  22.841  -31.781 0.7142857313
124199  -30.211  24.979  -31.078 0.5714285970
123015  -32.472  23.227  -31.183 0.8571428657
114009  -32.456  15.689  -33.957 0.1428571492
109663  -29.532  13.539  -29.492 0.5714285970
113911  -30.694  15.943  -28.435 0.8571428657
112423  -30.253  15.678  -29.238 0.4285714328
113934  -30.298  16.736  -28.911 0.5714285970
119373  -30.593  20.640  -28.863 0.8571428657
116762  -33.193  17.943  -29.286 0.8571428657
120600  -32.313  21.268  -29.483 0.8571428657
112490  -33.074  15.319  -33.071 0.2857142985
118106  -33.171  18.958  -29.860 0.8571428657
119374  -32.671  20.372  -30.025 0.8571428657
168726  -32.892  14.027  -34.747 0.4285714328
115438  -33.147  17.434  -31.217 0.7142857313
118125  -32.989  19.427  -30.469 0.7142857313
110996  -31.912  14.185  -28.251 0.5714285970
111014  -30.080  14.381  -29.225 0.5714285970
115397  -33.168  17.489  -29.008 0.8571428657
116760  -31.994  18.311  -28.127 0.8571428657
116782  -33.090  18.792  -29.439 0.8571428657
118105  -32.826  19.392  -29.447 0.8571428657
112478  -33.177  15.391  -32.236 0.4285714328
113955  -33.310  16.787  -30.793 0.8571428657
116802  -33.074  18.298  -30.407 0.8571428657
104132  -31.785  9.064  -28.122 0.7142857313
105625  -31.125  10.283  -28.835 0.4285714328
104134  -32.932  9.150  -27.606 0.7142857313
105628  -33.675  10.343  -28.064 0.8571428657
106983  -31.922  11.399  -28.202 0.5714285970
108286  -30.851  12.396  -28.879 0.5714285970
108305  -30.164  12.474  -29.233 0.4285714328
106985  -34.009  11.565  -28.481 0.8571428657
108287  -31.403  12.358  -28.547 0.5714285970
109642  -30.637  13.315  -28.640 0.5714285970
108306  -34.443  12.633  -29.445 0.8571428657
109644  -32.582  13.336  -28.089 0.7142857313
109643  -31.507  13.216  -28.155 0.5714285970
109709  -34.029  13.545  -32.302 0.7142857313
111044  -34.182  14.369  -31.251 0.7142857313
112445  -33.858  15.881  -30.148 0.7142857313
113935  -33.371  16.733  -29.605 0.8571428657
105772  -32.972  12.273  -35.952 0.2857142985
108366  -33.344  13.166  -33.696 0.4285714328
111072  -33.405  14.733  -32.708 0.5714285970
99939  -32.565  6.486  -27.617 0.4285714328
101257  -32.099  7.503  -27.637 0.4285714328
104177  -31.037  8.957  -29.197 0.4285714328
104157  -35.175  9.605  -29.004 0.7142857313
105630  -35.055  10.387  -29.213 0.7142857313
108290  -34.076  12.603  -28.792 0.8571428657
107061  -33.832  11.762  -34.002 0.7142857313
105749  -33.222  11.437  -35.582 0.2857142985
107060  -33.347  12.398  -34.081 0.5714285970
108349  -34.089  12.910  -32.675 0.5714285970
99954  -30.775  6.786  -28.425 0.5714285970
101258  -33.169  7.444  -27.552 0.5714285970
102625  -32.539  8.407  -27.593 0.5714285970
104156  -34.289  9.107  -28.278 0.7142857313
105750  -33.884  10.623  -35.384 0.4285714328
105773  -33.738  11.054  -36.075 0.4285714328
107073  -33.496  11.305  -34.889 0.4285714328
95899  -30.614  3.513  -27.875 0.5714285970
101356  -39.486  6.784  -33.993 0.4285714328
104298  -38.677  9.520  -35.542 0.4285714328
102754  -36.999  8.908  -34.652 0.4285714328
105777  -38.347  10.085  -35.881 0.4285714328
104296  -36.384  9.915  -35.802 0.4285714328
91954  -32.793  -0.083  -27.595 0.1428571492
102756  -39.175  8.082  -34.612 0.4285714328
102763  -39.780  8.750  -35.241 0.4285714328
104299  -39.497  9.335  -35.476 0.4285714328
91977  -33.194  0.397  -29.400 0.1428571492
93241  -33.739  0.982  -28.729 0.1428571492
95952  -35.469  3.607  -30.117 0.2857142985
98713  -40.530  5.326  -33.017 0.2857142985
100034  -44.164  6.931  -34.914 0.2857142985
100027  -42.433  6.057  -34.524 0.2857142985
98699  -38.148  5.307  -31.893 0.4285714328
101367  -42.919  7.363  -34.634 0.2857142985
100031  -41.441  6.968  -34.390 0.2857142985
98720  -39.835  5.641  -33.436 0.2857142985
102759  -42.149  8.305  -34.814 0.2857142985
101365  -40.975  7.659  -34.674 0.4285714328
91955  -33.279  0.382  -28.194 0.1428571492
94608  -34.651  2.223  -28.450 0.2857142985
94629  -34.634  2.193  -29.562 0.2857142985
97286  -37.889  4.770  -29.935 0.2857142985
97332  -40.027  5.273  -31.534 0.2857142985
98700  -39.203  5.378  -31.886 0.2857142985
98677  -37.343  5.304  -30.593 0.2857142985
98701  -40.253  5.526  -32.107 0.2857142985
93242  -34.252  1.605  -28.010 0.1428571492
97250  -36.681  4.400  -28.175 0.2857142985
97249  -36.246  4.416  -28.600 0.2857142985
94609  -35.073  2.955  -28.875 0.2857142985
93264  -34.283  1.507  -29.170 0.2857142985
98641  -36.861  5.313  -28.977 0.2857142985
90690  -31.905  -1.024  -26.997 0.1428571492
89347  -31.380  -1.303  -26.331 0.2857142985
91934  -32.850  0.052  -26.922 0.1428571492
85338  -29.092  -4.608  -23.615 0.2857142985
84036  -28.679  -5.199  -23.195 0.2857142985
84035  -28.167  -5.106  -23.715 0.2857142985
89329  -31.485  -1.252  -25.188 0.2857142985
85324  -29.302  -4.872  -22.896 0.1428571492
84020  -27.663  -5.731  -23.416 0.2857142985
82714  -27.445  -6.438  -22.856 0.1428571492
95902  -35.748  3.859  -28.198 0.2857142985
98702  -41.218  5.200  -32.299 0.2857142985
97307  -37.921  5.270  -30.458 0.2857142985
98722  -42.363  5.576  -33.987 0.2857142985
98718  -37.933  5.152  -33.264 0.4285714328
100025  -40.420  6.471  -33.915 0.4285714328
101366  -41.965  7.600  -34.891 0.2857142985
104269  -41.759  8.709  -34.528 0.2857142985
104154  -31.873  9.893  -28.015 0.7142857313
102764  -40.491  8.805  -35.185 0.4285714328
104283  -37.353  9.144  -35.074 0.4285714328
105795  -34.792  10.719  -36.294 0.2857142985
105794  -33.888  11.846  -36.316 0.2857142985
107072  -32.833  12.395  -34.984 0.5714285970
123001  -30.238  23.234  -30.391 0.7142857313
112461  -33.674  15.490  -31.268 0.7142857313
120599  -31.512  21.475  -29.379 0.8571428657
126664  -30.479  25.919  -31.593 0.5714285970
124216  -31.673  24.793  -31.983 0.7142857313
108391  -32.472  13.204  -35.311 0.2857142985
120618  -32.890  21.331  -30.439 0.8571428657
124217  -32.080  24.294  -31.974 0.8571428657
115474  -32.465  17.914  -32.603 0.5714285970
120649  -32.858  21.393  -32.999 0.4285714328
121829  -32.921  22.459  -33.721 0.4285714328
130925  -27.261  30.918  -30.650 0.1428571492
124263  -31.343  24.091  -36.441 0.2857142985
121851  -32.695  22.062  -35.781 0.1428571492
86653  -29.700  -3.865  -23.620 0.1428571492
85348  -27.700  -4.789  -24.919 0.2857142985
87962  -30.987  -2.643  -23.899 0.1428571492
89328  -30.879  -1.702  -25.863 0.2857142985
93224  -34.481  1.681  -26.784 0.1428571492
94583  -34.699  2.173  -27.313 0.1428571492
94652  -34.312  2.312  -30.382 0.2857142985
95927  -35.491  3.490  -29.334 0.2857142985
98658  -37.276  5.035  -29.620 0.2857142985
97333  -40.908  5.019  -31.479 0.2857142985
97284  -35.802  4.278  -30.353 0.2857142985
97345  -42.826  4.754  -33.355 0.2857142985
99938  -31.480  6.620  -28.055 0.5714285970
98698  -37.326  5.439  -31.638 0.2857142985
98678  -38.015  5.671  -30.942 0.2857142985
102670  -30.750  8.633  -29.213 0.2857142985
102747  -42.638  7.767  -34.300 0.2857142985
104268  -41.157  9.259  -34.134 0.2857142985
105604  -32.676  9.624  -27.740 0.7142857313
104155  -33.678  9.241  -27.767 0.5714285970
105641  -29.568  10.514  -29.628 0.4285714328
105626  -31.650  10.463  -28.353 0.5714285970
104284  -40.819  9.211  -35.083 0.4285714328
109662  -28.511  13.684  -30.042 0.2857142985
105779  -40.065  9.708  -35.338 0.2857142985
102755  -38.012  8.742  -34.758 0.4285714328
106984  -32.960  11.411  -28.082 0.7142857313
111013  -29.131  14.463  -29.787 0.2857142985
105752  -38.776  10.513  -35.302 0.1428571492
107086  -37.279  11.157  -35.496 0.4285714328
104295  -35.354  9.964  -36.162 0.4285714328
115396  -32.478  17.439  -28.335 0.8571428657
107096  -35.596  11.122  -36.237 0.1428571492
108348  -33.763  13.298  -33.102 0.5714285970
168723  -32.415  12.860  -35.567 0.2857142985
113973  -33.051  16.980  -31.579 0.7142857313
121789  -33.013  21.871  -30.768 0.8571428657
168734  -32.436  14.777  -35.200 0.2857142985
128924  -26.437  29.069  -32.134 0.2857142985
113991  -32.349  16.938  -32.366 0.4285714328
114022  -31.807  16.446  -34.799 0.1428571492
119406  -33.248  21.125  -31.853 0.5714285970
114021  -31.885  16.806  -34.258 0.1428571492
116828  -32.409  18.817  -33.027 0.1428571492
116842  -31.915  18.923  -33.810 0.1428571492
130938  -26.626  30.724  -31.318 0.1428571492
116841  -31.605  18.311  -34.035 0.1428571492
118179  -32.036  19.519  -34.834 0.1428571492
125512  -31.403  24.897  -36.258 0.2857142985
123068  -32.467  22.989  -35.407 0.2857142985
118193  -31.413  19.325  -35.750 0.1428571492
118194  -31.676  20.327  -35.692 0.1428571492
123080  -30.646  23.754  -37.022 0.2857142985
123096  -31.102  23.161  -37.489 0.2857142985
120699  -33.361  21.256  -36.978 0.1428571492
119466  -33.253  20.923  -36.704 0.1428571492
91920  -32.796  0.264  -26.399 0.1428571492
98723  -43.329  5.663  -34.196 0.2857142985
107094  -34.394  12.683  -35.914 0.2857142985
119477  -32.168  20.135  -37.271 0.1428571492
121875  -32.284  22.669  -38.206 0.2857142985
84050  -27.776  -5.065  -24.264 0.2857142985
86654  -30.311  -3.386  -23.557 0.1428571492
90713  -32.438  -0.994  -27.948 0.1428571492
93263  -33.813  0.924  -29.769 0.2857142985
94653  -34.962  3.188  -30.429 0.2857142985
102626  -33.403  8.449  -27.647 0.5714285970
101259  -33.874  7.171  -27.899 0.4285714328
104297  -37.658  9.499  -35.559 0.4285714328
106986  -34.569  11.736  -29.069 0.7142857313
112462  -33.977  14.939  -31.122 0.7142857313
112402  -32.105  15.088  -28.157 0.8571428657
109645  -33.597  13.488  -28.568 0.8571428657
125420  -30.776  25.466  -31.559 0.5714285970
126716  -30.941  26.738  -34.436 0.5714285970
128956  -29.700  28.053  -34.819 0.2857142985
127869  -30.296  27.671  -35.866 0.2857142985
90691  -32.454  -0.361  -26.762 0.1428571492
94582  -32.061  2.599  -28.204 0.5714285970
97285  -36.407  4.714  -29.816 0.2857142985
101364  -40.025  7.371  -34.347 0.4285714328
119361  -32.418  20.264  -29.082 0.8571428657
121788  -32.567  22.300  -30.432 0.8571428657
128966  -28.671  29.149  -35.102 0.2857142985
130997  -25.494  31.537  -35.719 0.2857142985
131963  -25.298  32.012  -34.897 0.1428571492
130982  -24.836  31.039  -34.537 0.2857142985
129972  -24.941  30.415  -34.702 0.2857142985
130999  -27.294  30.904  -36.059 0.2857142985
130967  -24.985  30.721  -33.552 0.1428571492
129933  -25.239  30.012  -33.370 0.1428571492
129989  -27.162  30.731  -35.558 0.2857142985
125529  -29.712  26.027  -37.907 0.2857142985
128990  -28.746  28.880  -37.612 0.2857142985
127880  -29.537  27.613  -37.136 0.2857142985
131916  -26.739  31.273  -30.992 0.1428571492
127881  -29.974  27.405  -36.685 0.2857142985
125530  -30.085  25.500  -37.469 0.2857142985
125511  -30.971  25.701  -36.336 0.2857142985
124250  -31.839  24.440  -35.745 0.2857142985
121861  -33.096  21.699  -36.493 0.1428571492
121852  -33.060  21.606  -36.068 0.1428571492
128980  -29.393  28.390  -36.758 0.2857142985
119476  -31.391  19.665  -36.719 0.1428571492
120685  -32.500  21.447  -34.942 0.1428571492
119465  -32.557  20.759  -36.365 0.1428571492
123081  -31.353  23.192  -36.645 0.1428571492
119439  -32.486  20.566  -34.296 0.1428571492
125474  -32.381  24.981  -33.752 0.5714285970
125493  -31.321  25.235  -35.353 0.5714285970
116870  -31.200  18.514  -35.586 0.1428571492
119454  -32.265  20.701  -35.304 0.2857142985
123058  -32.626  23.164  -34.373 0.4285714328
123043  -32.951  23.305  -33.287 0.5714285970
124224  -32.554  24.226  -33.043 0.7142857313
119405  -32.982  20.412  -32.118 0.4285714328
120650  -33.149  21.729  -32.450 0.5714285970
116810  -32.973  18.620  -32.247 0.5714285970
119391  -33.324  20.607  -31.047 0.7142857313
119392  -33.404  21.251  -31.371 0.7142857313
121819  -33.186  22.341  -32.086 0.7142857313
115456  -33.172  17.663  -32.007 0.5714285970
113992  -32.398  15.924  -32.699 0.4285714328
110994  -30.596  14.209  -28.720 0.5714285970
112400  -30.678  14.916  -28.747 0.5714285970
113933  -29.464  16.404  -29.370 0.4285714328
112422  -29.371  15.349  -29.662 0.4285714328
115418  -33.139  17.495  -29.804 0.8571428657
115439  -33.077  17.787  -30.500 0.8571428657
113974  -32.928  16.206  -31.810 0.4285714328
116801  -32.944  18.420  -31.077 0.8571428657
102624  -31.603  8.459  -27.991 0.5714285970
104153  -31.528  9.405  -28.497 0.4285714328
105627  -32.486  10.290  -27.849 0.7142857313
106982  -31.030  11.425  -28.911 0.4285714328
106999  -30.243  11.453  -29.208 0.4285714328
106998  -29.381  11.454  -29.493 0.2857142985
108289  -33.256  12.488  -28.363 0.7142857313
109708  -33.728  13.840  -32.767 0.5714285970
111058  -33.721  14.657  -31.947 0.7142857313
101256  -31.453  7.554  -27.953 0.5714285970
105774  -34.527  10.053  -35.903 0.4285714328
107095  -34.998  11.744  -36.047 0.2857142985
98721  -41.068  5.677  -33.627 0.2857142985
100030  -40.716  7.143  -34.249 0.4285714328
102762  -38.912  8.894  -35.288 0.4285714328
105778  -39.236  9.957  -35.578 0.4285714328
105776  -37.350  10.312  -35.808 0.4285714328
102757  -40.298  8.240  -34.811 0.4285714328
94630  -35.121  2.860  -29.929 0.2857142985
97266  -35.951  4.238  -29.312 0.2857142985
98712  -39.429  5.428  -32.789 0.2857142985
100032  -42.651  6.602  -34.839 0.2857142985
98711  -38.399  5.164  -32.708 0.2857142985
102758  -41.241  8.451  -34.972 0.4285714328
91935  -33.300  0.425  -26.976 0.1428571492
93223  -33.781  1.050  -27.525 0.1428571492
97308  -38.543  5.092  -30.429 0.2857142985
97268  -37.598  4.378  -28.735 0.2857142985
84021  -28.235  -5.670  -22.957 0.1428571492
85325  -29.719  -4.705  -22.691 0.1428571492
105775  -36.324  10.708  -36.018 0.2857142985
130924  -26.802  30.986  -30.940 0.1428571492
85339  -30.040  -4.097  -23.072 0.1428571492
130939  -27.131  30.294  -31.117 0.1428571492
122987  -29.097  23.223  -29.820 0.5714285970
120615  -28.689  21.654  -30.144 0.4285714328
120614  -27.842  21.805  -30.577 0.4285714328
121785  -29.409  22.619  -30.030 0.5714285970
119390  -28.600  20.828  -30.029 0.4285714328
118124  -27.961  18.858  -29.730 0.4285714328
119371  -29.031  20.413  -29.571 0.4285714328
118123  -27.519  19.576  -30.194 0.4285714328
120616  -29.588  21.737  -30.129 0.5714285970
115416  -29.754  17.519  -28.820 0.5714285970
100019  -43.449  6.648  -33.107 0.1428571492
101358  -42.997  7.437  -33.934 0.1428571492
101357  -42.296  7.610  -33.541 0.1428571492
98726  -42.882  5.902  -34.741 0.1428571492
99990  -42.220  5.821  -30.986 0.1428571492
98715  -43.708  5.673  -32.341 0.1428571492
99971  -41.147  6.054  -30.062 0.1428571492
100008  -42.141  6.597  -32.127 0.1428571492
101299  -40.270  7.131  -29.769 0.1428571492
89381  -29.985  -1.089  -28.294 0.2857142985
97346  -43.888  3.897  -33.033 0.1428571492
98705  -44.924  4.777  -32.554 0.1428571492
97350  -43.714  4.973  -33.628 0.1428571492
98659  -41.261  5.660  -28.999 0.1428571492
98703  -43.525  5.415  -31.560 0.1428571492
101207  -39.562  7.760  -25.912 0.1428571492
99942  -39.952  6.773  -27.931 0.1428571492
101238  -39.593  7.346  -26.537 0.1428571492
89394  -30.140  -1.414  -28.435 0.2857142985
89393  -29.407  -1.545  -28.049 0.2857142985
97287  -38.948  4.155  -29.424 0.1428571492
97310  -41.320  3.940  -30.769 0.1428571492
97309  -39.732  4.770  -30.833 0.1428571492
97334  -42.472  4.223  -32.035 0.1428571492
97313  -44.420  3.953  -31.305 0.1428571492
95988  -44.117  2.705  -32.453 0.1428571492
98661  -42.756  4.806  -30.017 0.1428571492
96003  -45.238  2.750  -32.980 0.1428571492
99919  -40.322  5.742  -27.091 0.1428571492
99889  -39.585  6.734  -25.752 0.1428571492
99918  -39.889  6.396  -26.871 0.1428571492
88046  -29.705  -2.249  -28.129 0.2857142985
88045  -28.929  -2.281  -28.019 0.2857142985
86717  -28.884  -2.744  -27.840 0.2857142985
97251  -37.238  4.149  -27.849 0.1428571492
95953  -39.153  3.503  -29.098 0.1428571492
97288  -40.227  3.783  -30.031 0.1428571492
95977  -44.366  3.053  -30.830 0.1428571492
97311  -42.168  3.515  -31.316 0.1428571492
97290  -42.778  4.296  -29.376 0.1428571492
98624  -40.606  5.168  -27.377 0.1428571492
98644  -41.550  5.091  -28.680 0.1428571492
101180  -39.366  7.616  -24.991 0.1428571492
95903  -36.729  3.882  -27.397 0.1428571492
95928  -38.151  3.743  -28.371 0.1428571492
95904  -37.744  3.357  -27.585 0.1428571492
95955  -40.544  2.884  -30.066 0.1428571492
95929  -38.826  3.180  -28.576 0.1428571492
94656  -42.709  1.789  -30.687 0.1428571492
97289  -40.818  3.388  -30.355 0.1428571492
94634  -43.328  2.489  -30.267 0.1428571492
94667  -42.522  2.156  -31.270 0.1428571492
98609  -39.829  5.879  -26.076 0.1428571492
97252  -41.222  4.588  -27.810 0.1428571492
99863  -39.406  6.414  -24.535 0.1428571492
95883  -36.941  3.157  -26.704 0.1428571492
94584  -35.240  2.784  -27.680 0.1428571492
94611  -39.288  2.121  -28.746 0.1428571492
94632  -40.322  2.108  -29.869 0.1428571492
95930  -39.428  2.640  -28.968 0.1428571492
94633  -42.846  2.223  -29.532 0.1428571492
95931  -42.675  3.463  -28.699 0.1428571492
97253  -41.684  3.867  -27.519 0.1428571492
95957  -43.227  3.299  -29.428 0.1428571492
98610  -40.246  5.316  -26.556 0.1428571492
95956  -42.715  3.838  -28.958 0.1428571492
93265  -38.985  1.304  -28.607 0.1428571492
94610  -38.778  2.164  -28.094 0.1428571492
94586  -38.225  2.213  -27.355 0.1428571492
93300  -40.937  1.028  -30.630 0.1428571492
93283  -40.133  1.117  -30.103 0.1428571492
93302  -42.134  1.320  -30.351 0.1428571492
93301  -41.774  1.172  -30.494 0.1428571492
97238  -41.062  4.312  -26.724 0.1428571492
95906  -42.356  3.140  -28.028 0.1428571492
95954  -39.691  3.082  -29.367 0.1428571492
94655  -41.796  1.895  -30.737 0.1428571492
94668  -43.339  2.276  -31.543 0.1428571492
102550  -39.644  8.242  -23.859 0.1428571492
99972  -41.862  5.518  -30.231 0.1428571492
99943  -40.390  5.992  -27.682 0.1428571492
98728  -44.040  6.524  -34.745 0.1428571492
101331  -41.458  7.059  -32.148 0.1428571492
86707  -29.235  -2.811  -27.709 0.2857142985
98583  -39.911  5.231  -25.846 0.1428571492
101172  -39.569  7.610  -23.808 0.1428571492
102551  -39.881  8.531  -23.391 0.1428571492
116780  -28.663  18.351  -29.341 0.4285714328
102557  -39.557  8.588  -24.384 0.1428571492
99957  -39.954  6.925  -28.514 0.1428571492
102610  -39.450  8.410  -26.758 0.1428571492
101347  -41.839  7.285  -32.900 0.1428571492
102745  -41.421  8.749  -33.580 0.1428571492
122999  -28.343  23.659  -30.353 0.4285714328
124198  -29.671  25.225  -31.037 0.4285714328
121876  -33.086  22.245  -38.298 0.1428571492
124181  -30.239  24.168  -30.679 0.4285714328
124290  -30.689  23.942  -38.812 0.1428571492
100028  -43.707  7.170  -33.927 0.1428571492
95882  -36.009  3.204  -26.961 0.1428571492
105732  -40.654  9.857  -34.142 0.1428571492
105753  -39.696  10.300  -34.949 0.1428571492
98724  -44.142  5.532  -33.889 0.1428571492
100020  -43.992  6.122  -33.638 0.1428571492
101348  -42.671  7.232  -33.253 0.1428571492
100009  -42.996  5.962  -31.906 0.1428571492
99989  -41.418  6.595  -31.188 0.1428571492
98680  -42.370  5.281  -30.287 0.1428571492
98716  -44.260  5.451  -33.001 0.1428571492
100007  -41.462  6.843  -31.752 0.1428571492
102673  -40.342  7.594  -30.391 0.1428571492
101284  -39.910  7.069  -28.971 0.1428571492
97335  -43.424  3.499  -32.489 0.1428571492
97347  -44.940  3.359  -33.686 0.1428571492
97351  -44.611  4.292  -33.777 0.1428571492
97336  -44.770  4.431  -32.080 0.1428571492
99958  -40.475  6.378  -28.753 0.1428571492
98643  -40.927  5.357  -28.248 0.1428571492
98682  -43.826  4.817  -31.297 0.1428571492
101260  -39.558  7.463  -27.418 0.1428571492
97269  -38.335  3.838  -28.796 0.1428571492
94670  -44.966  2.399  -32.487 0.1428571492
97291  -43.504  4.098  -30.320 0.1428571492
95986  -42.701  2.925  -31.575 0.1428571492
98660  -42.009  5.175  -29.471 0.1428571492
95976  -42.013  2.828  -31.047 0.1428571492
95975  -41.308  2.852  -30.453 0.1428571492
95958  -43.745  3.115  -30.445 0.1428571492
94657  -43.990  2.393  -31.154 0.1428571492
97271  -41.908  4.163  -28.619 0.1428571492
94585  -37.648  2.516  -26.932 0.1428571492
94631  -39.735  2.068  -29.390 0.1428571492
95905  -38.419  2.768  -27.855 0.1428571492
93266  -39.471  1.264  -29.317 0.1428571492
94654  -40.933  2.029  -30.353 0.1428571492
95932  -42.881  2.839  -28.696 0.1428571492
97239  -41.560  3.710  -26.948 0.1428571492
93284  -40.584  1.549  -30.304 0.1428571492
82713  -26.679  -6.728  -23.295 0.1428571492
82733  -27.092  -6.121  -23.681 0.1428571492
82732  -26.375  -6.460  -24.025 0.1428571492
84034  -27.490  -5.492  -24.052 0.1428571492
82759  -26.892  -5.878  -24.499 0.1428571492
84049  -27.459  -5.191  -24.861 0.1428571492
85386  -27.763  -4.224  -25.958 0.1428571492
85385  -27.178  -4.443  -26.353 0.1428571492
86692  -27.488  -3.963  -26.612 0.1428571492
86693  -28.045  -3.772  -26.406 0.1428571492
85384  -26.452  -4.547  -26.568 0.1428571492
86705  -27.272  -3.579  -26.940 0.1428571492
86706  -28.418  -3.081  -27.362 0.1428571492
88030  -27.746  -2.518  -27.572 0.1428571492
89378  -27.073  -1.745  -27.601 0.1428571492
89392  -28.457  -1.538  -27.958 0.1428571492
90726  -28.893  -0.673  -27.880 0.2857142985
90710  -29.649  -1.040  -27.990 0.1428571492
90727  -29.868  -0.705  -28.259 0.1428571492
91974  -30.168  0.045  -28.495 0.1428571492
93260  -30.690  0.710  -28.330 0.2857142985
97246  -30.683  4.705  -28.169 0.4285714328
98622  -32.061  5.430  -27.683 0.4285714328
98637  -30.802  6.180  -28.491 0.4285714328
116779  -27.690  17.739  -29.505 0.2857142985
119417  -26.085  21.001  -32.140 0.2857142985
120634  -27.097  21.855  -31.150 0.2857142985
121784  -28.487  22.651  -30.173 0.2857142985
121783  -27.542  22.739  -30.635 0.4285714328
91972  -28.062  0.358  -28.295 0.1428571492
91973  -29.166  0.253  -28.109 0.2857142985
84078  -26.538  -5.383  -25.924 0.1428571492
85400  -26.839  -4.185  -26.705 0.1428571492
88029  -26.765  -2.571  -27.274 0.1428571492
89379  -27.732  -1.669  -27.878 0.1428571492
90725  -27.566  -0.604  -27.975 0.1428571492
93257  -27.538  1.106  -28.910 0.2857142985
93259  -29.596  0.985  -28.181 0.2857142985
93258  -28.481  1.376  -28.642 0.2857142985
93238  -30.064  1.553  -27.940 0.2857142985
95924  -29.890  3.582  -28.179 0.4285714328
97261  -29.671  4.570  -29.205 0.2857142985
113931  -27.648  16.182  -29.868 0.2857142985
115415  -28.510  17.066  -29.306 0.2857142985
113972  -26.735  17.058  -30.643 0.2857142985
116800  -27.909  18.358  -29.609 0.2857142985
118136  -27.295  20.387  -30.841 0.2857142985
118149  -26.137  19.855  -32.138 0.2857142985
119404  -27.337  21.142  -30.858 0.2857142985
113932  -28.180  15.873  -29.673 0.2857142985
115414  -27.569  16.693  -29.666 0.2857142985
113953  -27.783  15.679  -30.068 0.2857142985
115454  -26.543  17.746  -30.929 0.2857142985
116826  -26.081  18.937  -31.955 0.2857142985
116798  -26.693  18.669  -30.452 0.2857142985
118122  -26.908  19.338  -30.478 0.2857142985
115453  -26.280  17.382  -31.470 0.2857142985
115472  -25.640  17.606  -31.862 0.2857142985
116808  -26.119  18.219  -31.702 0.2857142985
94580  -30.356  2.320  -27.706 0.4285714328
119389  -27.918  20.796  -30.370 0.2857142985
118135  -26.740  19.668  -30.950 0.2857142985
88044  -28.267  -2.175  -27.940 0.1428571492
84048  -26.726  -5.634  -25.310 0.1428571492
84104  -26.772  -5.007  -26.060 0.1428571492
86704  -26.437  -3.334  -26.891 0.1428571492
97262  -30.097  4.204  -28.484 0.4285714328
119403  -26.653  20.835  -31.366 0.2857142985
95898  -29.657  2.946  -27.928 0.4285714328
99953  -30.169  6.758  -28.861 0.2857142985
102645  -30.330  8.180  -29.016 0.2857142985
130029  -27.334  29.248  -40.809 0.1428571492
129009  -27.022  28.471  -41.487 0.1428571492
127898  -26.855  28.325  -40.244 0.1428571492
125558  -28.348  25.968  -39.578 0.1428571492
130024  -28.615  29.918  -39.699 0.1428571492
127899  -27.629  27.990  -39.608 0.1428571492
131022  -27.345  30.949  -37.736 0.1428571492
131977  -28.204  32.148  -35.870 0.1428571492
101278  -30.171  7.542  -28.875 0.2857142985
101295  -30.287  7.501  -29.566 0.2857142985
124304  -29.719  24.579  -39.596 0.1428571492
126794  -27.084  26.914  -42.016 0.1428571492
125546  -29.217  25.662  -38.606 0.1428571492
126778  -27.446  26.773  -40.391 0.1428571492
125559  -28.691  25.104  -39.844 0.1428571492
126752  -29.414  26.746  -37.889 0.1428571492
130006  -27.855  30.075  -38.054 0.1428571492
126764  -28.525  26.897  -39.001 0.1428571492
132002  -27.018  31.306  -39.021 0.1428571492
131986  -28.047  31.818  -36.861 0.1428571492
131985  -27.630  31.469  -37.259 0.1428571492
131976  -27.269  31.770  -35.944 0.1428571492
132964  -26.169  32.344  -35.250 0.1428571492
131010  -27.322  31.264  -36.556 0.1428571492
127890  -28.496  27.977  -38.523 0.1428571492
128999  -27.796  28.998  -38.698 0.1428571492
98621  -31.065  5.429  -28.139 0.2857142985
129004  -26.724  28.907  -40.616 0.1428571492
131042  -28.065  30.542  -39.698 0.1428571492
127905  -27.065  27.907  -41.032 0.1428571492
130015  -27.247  29.856  -38.824 0.1428571492
130014  -26.932  30.325  -39.210 0.1428571492
130016  -29.234  30.226  -38.705 0.1428571492
130005  -27.140  30.536  -38.542 0.1428571492
125565  -27.847  25.610  -40.733 0.1428571492
112459  -26.872  15.765  -31.691 0.1428571492
113951  -26.949  15.689  -31.141 0.1428571492
113971  -26.644  16.603  -31.116 0.1428571492
116825  -25.436  18.790  -32.333 0.1428571492
118175  -23.012  19.743  -34.283 0.1428571492
119437  -23.368  20.307  -33.706 0.1428571492
112444  -28.010  15.263  -30.359 0.1428571492
118165  -24.772  19.220  -32.906 0.1428571492
120645  -23.302  20.793  -32.898 0.1428571492
120647  -24.928  21.286  -32.455 0.1428571492
120631  -24.514  21.241  -31.877 0.2857142985
105642  -30.330  10.451  -29.258 0.2857142985
109678  -28.140  13.699  -30.654 0.1428571492
111030  -28.105  14.422  -30.817 0.1428571492
112443  -27.587  15.338  -31.295 0.1428571492
113970  -26.149  16.693  -31.558 0.1428571492
119416  -25.396  20.765  -32.516 0.1428571492
120633  -26.205  21.753  -31.545 0.1428571492
120632  -25.585  21.673  -31.498 0.2857142985
122998  -27.106  23.737  -30.745 0.2857142985
125402  -26.477  25.232  -30.931 0.2857142985
125401  -26.060  24.715  -30.679 0.2857142985
126659  -26.766  26.319  -31.236 0.2857142985
128905  -26.716  29.316  -31.790 0.1428571492
126635  -28.008  26.588  -29.151 0.1428571492
121802  -26.103  22.631  -31.338 0.2857142985
124179  -28.094  24.605  -30.901 0.2857142985
125418  -29.155  25.613  -31.096 0.2857142985
124178  -27.128  24.729  -31.142 0.2857142985
124177  -26.250  24.375  -31.189 0.2857142985
126685  -28.782  26.741  -32.134 0.2857142985
125416  -27.265  25.583  -31.523 0.2857142985
125398  -26.398  25.330  -30.430 0.2857142985
128885  -28.697  28.407  -30.011 0.1428571492
169039  -25.225  23.753  -29.962 0.1428571492
169038  -24.903  23.351  -30.000 0.1428571492
127805  -26.765  26.583  -31.006 0.1428571492
126642  -26.484  26.066  -30.654 0.2857142985
126634  -27.130  26.334  -29.449 0.1428571492
126643  -26.766  26.368  -30.237 0.1428571492
119387  -22.961  20.103  -31.236 0.2857142985
126615  -26.080  24.104  -28.672 0.1428571492
126617  -27.620  25.938  -28.561 0.1428571492
126616  -26.756  25.157  -28.574 0.1428571492
118100  -21.848  18.786  -28.920 0.1428571492
168722  -32.689  13.785  -35.424 0.1428571492
107084  -35.212  12.374  -35.631 0.1428571492
108303  -28.485  12.873  -29.963 0.1428571492
111029  -28.094  14.529  -31.825 0.1428571492
168721  -33.262  13.896  -35.558 0.1428571492
112477  -27.648  15.048  -32.372 0.1428571492
114006  -25.183  16.643  -32.974 0.1428571492
115486  -25.416  17.878  -33.015 0.1428571492
116851  -23.459  19.115  -33.958 0.1428571492
118147  -24.432  20.123  -32.863 0.1428571492
119402  -23.188  20.484  -32.244 0.1428571492
120611  -23.751  20.877  -31.059 0.2857142985
123014  -26.393  23.336  -31.222 0.1428571492
123013  -25.999  23.469  -31.355 0.1428571492
122997  -26.482  23.971  -31.205 0.2857142985
124194  -25.624  23.582  -30.687 0.1428571492
126604  -26.490  24.583  -28.301 0.1428571492
126633  -26.425  25.301  -29.770 0.1428571492
105793  -33.350  12.999  -36.175 0.1428571492
168724  -33.754  13.374  -35.943 0.1428571492
126662  -29.025  26.312  -31.768 0.2857142985
126661  -28.156  26.305  -31.854 0.2857142985
125415  -26.839  25.977  -31.506 0.2857142985
124180  -29.224  24.740  -30.551 0.2857142985
108304  -29.064  12.719  -29.580 0.1428571492
106997  -28.436  12.162  -29.782 0.1428571492
125419  -30.068  25.594  -31.336 0.2857142985
111012  -28.550  14.611  -30.270 0.1428571492
108394  -36.178  12.478  -35.070 0.1428571492
125405  -28.727  25.024  -30.966 0.2857142985
112442  -27.105  15.499  -31.426 0.1428571492
113989  -25.525  16.705  -32.020 0.1428571492
116840  -25.114  18.697  -33.009 0.1428571492
112475  -25.973  15.512  -32.095 0.1428571492
112476  -27.225  15.171  -32.226 0.1428571492
116839  -24.409  18.777  -33.296 0.1428571492
118177  -23.783  19.326  -33.585 0.1428571492
120668  -23.492  20.673  -33.252 0.1428571492
119415  -24.464  20.520  -32.763 0.1428571492
120630  -23.756  20.804  -32.124 0.1428571492
120646  -24.025  20.803  -32.664 0.1428571492
120648  -25.651  21.425  -32.203 0.1428571492
109677  -28.052  13.750  -31.223 0.1428571492
121803  -26.689  22.695  -31.128 0.2857142985
120613  -25.542  22.015  -30.908 0.2857142985
125397  -25.959  24.706  -30.326 0.1428571492
124197  -27.896  24.967  -31.442 0.2857142985
125403  -26.754  24.996  -31.116 0.2857142985
125417  -28.207  25.562  -31.582 0.2857142985
124176  -25.757  24.192  -30.685 0.1428571492
127783  -26.860  26.681  -30.774 0.1428571492
129894  -28.214  29.259  -30.262 0.1428571492
121801  -25.869  22.587  -31.079 0.1428571492
123012  -25.687  23.184  -30.820 0.2857142985
91990  -26.532  1.158  -29.041 0.1428571492
93278  -27.810  1.614  -29.092 0.1428571492
93275  -26.149  1.755  -29.109 0.1428571492
94647  -26.709  2.912  -29.666 0.1428571492
95968  -26.739  3.531  -29.976 0.1428571492
94625  -28.114  2.371  -29.373 0.1428571492
95969  -27.357  3.710  -30.409 0.1428571492
94648  -27.275  3.037  -29.818 0.1428571492
94604  -29.252  2.164  -28.666 0.1428571492
97301  -27.642  4.445  -30.762 0.1428571492
95971  -28.837  4.181  -30.341 0.1428571492
95923  -29.551  3.452  -28.855 0.1428571492
97281  -29.367  4.717  -29.981 0.1428571492
95949  -29.244  3.838  -29.735 0.1428571492
97300  -26.554  4.512  -30.604 0.1428571492
97328  -28.092  5.122  -30.925 0.1428571492
98654  -29.687  5.236  -29.470 0.1428571492
98673  -29.630  6.585  -30.034 0.1428571492
102691  -30.340  8.106  -30.362 0.1428571492
94579  -29.733  2.238  -27.940 0.1428571492
91970  -26.235  0.640  -28.693 0.1428571492
94624  -27.019  2.313  -29.608 0.1428571492
126632  -25.729  24.205  -29.611 0.1428571492
104176  -30.561  9.255  -29.531 0.1428571492
98636  -30.233  5.348  -28.766 0.1428571492
91991  -26.980  1.116  -29.317 0.1428571492
94603  -28.670  1.927  -29.000 0.1428571492
94626  -29.014  2.998  -29.426 0.1428571492
98655  -29.731  6.113  -29.437 0.1428571492
93277  -27.299  1.654  -29.353 0.1428571492
93276  -26.685  1.689  -29.414 0.1428571492
95946  -25.925  3.243  -29.452 0.1428571492
94649  -27.900  3.265  -30.073 0.1428571492
95970  -28.145  3.848  -30.533 0.1428571492
95948  -28.581  3.376  -30.009 0.1428571492
97302  -28.360  4.612  -30.644 0.1428571492
97327  -27.361  5.087  -31.086 0.1428571492
97303  -28.855  5.021  -30.444 0.1428571492
84079  -27.049  -5.070  -25.692 0.1428571492
86718  -29.201  -2.588  -27.971 0.2857142985
88031  -28.477  -2.601  -27.782 0.2857142985
89380  -29.878  -1.266  -28.176 0.2857142985
89384  -32.069  -1.428  -28.083 0.4285714328
90709  -27.277  -1.216  -27.775 0.1428571492
90711  -29.916  -1.028  -28.164 0.1428571492
90737  -31.799  -0.130  -29.682 0.7142857313
91994  -33.175  0.683  -30.208 0.5714285970
92006  -33.217  1.052  -30.487 0.7142857313
93239  -31.057  1.457  -28.003 0.4285714328
93281  -33.693  1.156  -30.308 0.4285714328
93282  -34.253  1.494  -30.078 0.4285714328
93297  -33.584  1.534  -30.408 0.4285714328
94563  -34.752  2.090  -26.776 0.1428571492
94605  -31.961  1.877  -28.446 0.4285714328
94651  -33.396  2.116  -30.386 0.4285714328
94658  -44.676  2.473  -31.894 0.1428571492
94669  -44.334  2.385  -32.178 0.1428571492
94681  -44.962  2.440  -32.645 0.1428571492
94682  -45.119  2.489  -32.680 0.1428571492
95884  -37.360  2.843  -26.843 0.1428571492
95926  -33.299  3.078  -29.702 0.5714285970
95947  -26.381  3.206  -29.608 0.1428571492
95951  -34.035  3.375  -30.410 0.5714285970
95978  -44.729  2.846  -31.406 0.1428571492
95987  -43.489  2.933  -32.137 0.1428571492
95989  -45.068  2.788  -32.167 0.1428571492
96001  -43.945  3.141  -32.570 0.1428571492
96002  -44.586  2.810  -32.871 0.1428571492
97267  -36.711  4.992  -28.838 0.2857142985
97270  -41.383  4.800  -28.334 0.1428571492
97292  -44.019  3.540  -30.706 0.1428571492
97304  -34.948  4.427  -30.783 0.5714285970
97312  -43.695  4.492  -30.922 0.1428571492
97314  -44.866  3.311  -31.831 0.1428571492
97329  -28.509  5.144  -30.703 0.1428571492
97337  -45.160  3.808  -32.489 0.1428571492
97348  -45.315  3.761  -33.524 0.1428571492
97349  -43.071  5.335  -33.734 0.2857142985
97352  -45.085  3.880  -33.825 0.1428571492
98582  -39.601  5.713  -25.377 0.1428571492
98620  -30.678  5.174  -28.350 0.2857142985
98635  -29.809  5.091  -29.163 0.1428571492
98640  -34.028  5.219  -28.924 0.8571428657
98642  -37.123  5.205  -28.974 0.2857142985
98657  -36.915  5.246  -29.311 0.2857142985
98674  -34.822  5.239  -30.365 0.7142857313
98676  -36.766  4.995  -30.272 0.4285714328
98679  -38.757  5.465  -31.169 0.2857142985
98681  -43.150  5.120  -30.762 0.1428571492
98704  -44.424  5.097  -31.902 0.1428571492
98714  -41.702  5.069  -33.132 0.2857142985
98717  -45.068  4.684  -33.289 0.1428571492
98719  -38.741  5.537  -33.177 0.4285714328
98725  -44.923  4.357  -33.708 0.1428571492
98727  -43.566  6.127  -34.856 0.1428571492
99955  -33.812  5.762  -28.498 0.5714285970
99991  -42.998  5.648  -31.253 0.1428571492
100018  -42.577  6.991  -32.812 0.1428571492
100023  -38.251  5.969  -33.412 0.5714285970
100026  -41.723  6.194  -34.255 0.2857142985
100029  -44.063  6.783  -34.264 0.2857142985
100033  -43.698  6.829  -35.065 0.2857142985
101279  -30.749  7.590  -28.370 0.5714285970
101283  -39.602  7.507  -28.454 0.1428571492
101297  -35.245  7.457  -29.787 0.8571428657
101343  -35.978  7.229  -32.344 0.7142857313
101346  -41.100  7.516  -32.383 0.1428571492
101355  -38.711  6.887  -33.824 0.5714285970
101359  -43.638  7.249  -34.359 0.1428571492
101363  -39.220  7.289  -34.219 0.5714285970
101368  -43.867  7.111  -34.777 0.2857142985
102558  -39.816  9.031  -23.956 0.1428571492
102646  -31.030  8.554  -28.714 0.5714285970
102647  -34.130  8.505  -28.009 0.5714285970
102669  -30.583  8.341  -29.776 0.2857142985
102671  -35.325  8.362  -30.295 0.7142857313
102730  -41.825  7.803  -33.420 0.1428571492
102746  -42.115  8.296  -34.007 0.2857142985
102753  -36.397  9.091  -34.932 0.4285714328
102760  -42.462  7.927  -34.505 0.2857142985
102761  -38.328  9.178  -35.330 0.4285714328
104133  -32.132  9.315  -27.824 0.7142857313
104152  -30.958  9.650  -29.073 0.1428571492
104247  -34.879  10.119  -32.789 0.8571428657
104267  -40.677  9.830  -33.880 0.1428571492
104285  -41.546  8.890  -34.847 0.2857142985
104300  -40.180  9.163  -35.426 0.4285714328
104301  -35.339  10.297  -36.301 0.4285714328
104302  -35.762  10.211  -36.231 0.4285714328
105605  -33.119  9.718  -27.754 0.7142857313
105629  -34.724  10.641  -28.832 0.7142857313
105644  -35.142  10.224  -29.713 0.8571428657
105729  -35.093  10.028  -33.893 0.8571428657
105754  -40.451  9.805  -34.621 0.1428571492
105796  -35.541  10.552  -36.296 0.2857142985
107013  -28.618  11.406  -29.848 0.2857142985
108288  -32.233  12.366  -28.150 0.7142857313
108367  -33.680  12.400  -33.490 0.5714285970
109646  -34.166  13.485  -29.031 0.8571428657
109664  -30.122  13.434  -29.176 0.5714285970
109679  -34.459  13.508  -30.810 0.8571428657
109723  -33.350  14.523  -33.584 0.5714285970
110995  -31.091  14.169  -28.488 0.5714285970
111042  -27.831  14.766  -32.383 0.1428571492
111043  -33.926  14.873  -31.405 0.7142857313
111057  -27.524  14.870  -32.337 0.1428571492
111059  -33.980  13.968  -32.000 0.7142857313
112401  -31.329  15.083  -28.453 0.8571428657
112421  -28.689  15.118  -30.003 0.1428571492
112446  -34.102  15.037  -30.605 0.8571428657
112458  -26.023  16.121  -31.662 0.1428571492
112460  -27.698  15.222  -32.111 0.1428571492
113952  -27.372  16.159  -30.417 0.1428571492
113954  -33.198  17.056  -31.207 0.8571428657
113990  -32.033  17.408  -32.640 0.2857142985
115417  -30.247  17.189  -28.652 0.5714285970
115436  -26.512  17.972  -30.444 0.2857142985
115437  -26.745  17.506  -30.094 0.2857142985
115455  -26.627  17.424  -30.576 0.2857142985
116758  -30.045  18.361  -28.165 0.8571428657
116761  -32.922  18.411  -28.873 0.8571428657
116783  -33.154  18.306  -29.777 0.8571428657
116799  -27.276  18.489  -29.742 0.2857142985
116809  -26.419  18.857  -31.414 0.2857142985
116827  -31.786  18.253  -33.190 0.1428571492
116837  -23.004  18.711  -34.084 0.1428571492
116850  -23.173  19.390  -34.132 0.1428571492
116852  -23.823  18.944  -33.579 0.1428571492
118088  -30.031  19.260  -28.306 1.0000000000
118091  -32.332  19.344  -28.621 1.0000000000
118102  -28.011  19.764  -29.882 0.4285714328
118126  -33.109  18.695  -30.308 0.8571428657
118148  -24.916  19.902  -32.661 0.1428571492
118162  -22.674  19.582  -33.819 0.1428571492
118163  -23.565  19.933  -33.691 0.1428571492
118164  -24.064  19.864  -33.256 0.1428571492
118176  -23.384  19.830  -33.988 0.1428571492
119359  -31.110  20.238  -28.443 1.0000000000
119370  -28.202  20.174  -29.891 0.4285714328
119388  -23.439  20.583  -31.672 0.2857142985
119419  -32.955  21.066  -32.495 0.5714285970
119438  -23.842  20.472  -33.140 0.1428571492
119452  -23.102  20.142  -34.290 0.1428571492
119453  -23.154  20.241  -34.178 0.1428571492
119464  -31.628  20.206  -36.396 0.1428571492
119487  -31.114  19.377  -36.897 0.1428571492
120585  -31.711  20.836  -28.902 0.8571428657
120586  -32.129  20.687  -28.926 0.8571428657
120596  -29.126  21.153  -29.946 0.5714285970
120617  -30.205  21.665  -30.053 1.0000000000
120619  -33.385  21.540  -31.019 0.7142857313
120644  -22.896  20.798  -33.363 0.1428571492
120667  -23.105  20.738  -33.625 0.1428571492
120670  -33.016  21.924  -33.183 0.2857142985
120693  -33.221  21.243  -36.337 0.1428571492
121768  -28.995  22.966  -29.767 0.5714285970
121769  -29.220  23.093  -29.857 0.5714285970
121771  -31.266  22.134  -29.778 1.0000000000
121787  -30.923  22.456  -30.073 1.0000000000
121804  -32.666  22.619  -31.074 0.8571428657
121805  -33.004  22.258  -31.266 0.7142857313
121859  -31.710  22.535  -37.048 0.1428571492
121860  -32.582  22.237  -36.729 0.1428571492
121866  -31.685  22.763  -37.877 0.2857142985
121867  -32.389  22.365  -37.556 0.2857142985
121868  -33.076  21.855  -37.309 0.2857142985
121874  -31.849  22.982  -38.343 0.2857142985
122986  -28.825  23.246  -29.912 0.5714285970
122989  -31.641  22.602  -29.859 1.0000000000
123000  -29.348  23.548  -30.113 0.5714285970
123002  -31.011  23.036  -30.313 1.0000000000
123003  -31.852  23.111  -30.143 1.0000000000
123016  -32.727  22.723  -31.349 0.8571428657
123044  -33.096  22.926  -32.469 0.7142857313
123082  -32.210  22.782  -36.317 0.1428571492
123110  -30.706  23.875  -38.489 0.1428571492
123111  -31.341  23.581  -38.618 0.1428571492
124182  -30.987  23.741  -30.743 1.0000000000
124195  -25.792  23.809  -31.076 0.1428571492
124196  -27.613  25.189  -31.490 0.2857142985
124251  -32.176  23.801  -35.046 0.2857142985
124274  -30.342  24.466  -37.671 0.2857142985
124288  -29.345  24.729  -39.030 0.1428571492
124289  -30.204  24.270  -38.639 0.1428571492
124303  -29.187  24.763  -39.679 0.1428571492
124305  -30.640  24.302  -39.510 0.1428571492
125404  -28.410  25.120  -31.283 0.2857142985
125438  -31.892  24.875  -32.273 0.8571428657
125545  -28.776  26.184  -38.959 0.1428571492
125547  -29.806  24.878  -38.253 0.1428571492
126687  -30.927  26.172  -31.920 0.8571428657
126740  -29.784  27.086  -37.122 0.2857142985
126765  -29.018  26.353  -38.633 0.1428571492
126777  -27.024  27.302  -40.823 0.1428571492
126786  -26.914  27.056  -41.416 0.1428571492
126787  -27.412  26.322  -41.538 0.1428571492
127807  -29.282  26.814  -32.134 0.5714285970
127808  -29.558  26.658  -31.928 0.5714285970
127868  -29.760  27.884  -36.414 0.2857142985
127891  -29.087  27.764  -37.796 0.2857142985
127906  -27.072  27.628  -40.402 0.1428571492
127909  -26.847  27.599  -41.917 0.1428571492
128968  -29.977  27.942  -35.195 0.5714285970
128998  -27.110  29.224  -39.650 0.1428571492
129012  -27.035  27.903  -42.046 0.1428571492
129953  -24.887  30.031  -34.128 0.2857142985
130023  -27.731  29.939  -39.993 0.1428571492
130028  -26.844  29.254  -40.875 0.1428571492
130983  -25.120  30.852  -35.229 0.2857142985
130984  -25.803  30.798  -35.359 0.2857142985
130996  -25.009  31.566  -35.419 0.2857142985
131011  -27.545  30.698  -36.749 0.2857142985
131032  -26.806  30.994  -38.706 0.1428571492
131034  -28.387  31.072  -39.219 0.1428571492
131040  -26.863  30.882  -39.374 0.1428571492
131943  -25.257  31.206  -32.904 0.1428571492
131964  -25.930  32.376  -34.937 0.1428571492
131974  -25.227  32.038  -35.764 0.2857142985
132958  -26.290  32.418  -35.013 0.1428571492
132965  -26.584  32.288  -35.313 0.1428571492
168743  -32.938  14.207  -35.292 0.1428571492
169028  -25.016  23.352  -30.134 0.1428571492
169029  -24.939  23.250  -30.113 0.1428571492
169030  -24.888  23.213  -30.058 0.1428571492
169035  -24.847  23.062  -29.825 0.1428571492
169045  -24.984  23.307  -29.776 0.1428571492
