#!ascii label  , from subject _151 vox2ras=TkReg
1012
75181  21.472  -19.037  43.235 0.0000000000
75107  32.228  -19.143  47.042 0.0000000000
95697  41.137  -3.940  25.413 0.0000000000
88069  31.882  -10.323  33.392 0.0000000000
78329  35.693  -16.479  39.360 0.0000000000
106004  54.121  3.396  17.913 0.0000000000
91734  41.522  -7.375  27.998 0.0000000000
91763  36.440  -7.493  27.517 0.0000000000
75186  16.358  -18.646  43.157 0.0000000000
81136  27.292  -15.696  46.290 0.0000000000
78256  28.005  -16.281  42.272 0.0000000000
79773  22.080  -16.177  40.356 0.0000000000
102186  47.204  1.209  21.904 0.0000000000
79659  23.588  -16.683  49.014 0.0000000000
75093  19.071  -18.805  47.940 0.0000000000
99533  46.034  -1.174  26.540 0.0000000000
76647  14.297  -18.017  48.562 0.0000000000
73620  9.667  -20.054  48.314 0.0000000000
92999  35.843  -6.543  34.019 0.0000000000
84178  34.549  -12.964  36.148 0.0000000000
79874  31.635  -16.418  34.303 0.0000000000
79784  30.527  -16.698  38.906 0.0000000000
91669  41.551  -6.938  31.215 0.0000000000
91736  39.311  -7.455  28.236 0.0000000000
91686  38.587  -6.861  30.404 0.0000000000
93051  44.186  -6.704  31.337 0.0000000000
73718  19.717  -20.012  40.991 0.0000000000
73720  17.771  -20.166  40.628 0.0000000000
75203  18.946  -19.513  42.451 0.0000000000
78224  22.821  -16.434  45.262 0.0000000000
81197  23.497  -15.392  43.366 0.0000000000
76801  22.133  -17.736  41.845 0.0000000000
75244  21.047  -19.422  39.080 0.0000000000
99578  41.485  -2.153  22.886 0.0000000000
95656  43.480  -3.951  27.113 0.0000000000
98297  43.220  -2.506  25.023 0.0000000000
99575  44.108  -0.968  23.667 0.0000000000
76592  17.709  -18.221  50.606 0.0000000000
76670  17.003  -18.211  47.763 0.0000000000
76594  15.675  -17.797  50.519 0.0000000000
76527  9.084  -18.560  53.650 0.0000000000
76575  10.461  -18.787  51.315 0.0000000000
73589  8.634  -20.189  50.757 0.0000000000
70930  6.721  -22.456  50.569 0.0000000000
69368  5.899  -23.388  52.561 0.0000000000
85481  35.942  -12.584  39.327 0.0000000000
82769  35.809  -14.475  37.714 0.0000000000
79853  34.101  -15.355  35.591 0.0000000000
79815  33.927  -16.630  36.842 0.0000000000
81253  26.822  -15.337  39.832 0.0000000000
78297  29.672  -16.734  40.698 0.0000000000
79822  27.880  -15.638  38.040 0.0000000000
79859  28.329  -15.757  35.978 0.0000000000
91641  33.323  -7.923  33.740 0.0000000000
91692  33.627  -7.572  30.897 0.0000000000
89269  31.001  -9.498  30.237 0.0000000000
107229  57.240  4.261  16.338 0.0000000000
106012  55.421  3.314  16.654 0.0000000000
93125  41.219  -6.040  26.897 0.0000000000
93140  38.667  -6.265  25.898 0.0000000000
93099  43.611  -5.864  29.073 0.0000000000
76664  30.112  -18.088  47.266 0.0000000000
76742  30.730  -17.904  45.238 0.0000000000
79712  27.895  -16.180  44.188 0.0000000000
82683  25.243  -14.551  41.567 0.0000000000
81271  22.966  -15.048  38.789 0.0000000000
103436  48.473  1.403  24.696 0.0000000000
103449  49.119  2.238  22.572 0.0000000000
104715  49.914  2.645  20.141 0.0000000000
104754  51.788  2.356  18.001 0.0000000000
75110  22.562  -18.021  46.154 0.0000000000
75137  20.338  -19.488  45.666 0.0000000000
76667  22.333  -19.004  48.227 0.0000000000
81118  24.988  -15.499  47.642 0.0000000000
102171  46.468  0.387  24.791 0.0000000000
76745  17.615  -18.503  45.366 0.0000000000
76724  15.570  -18.379  45.728 0.0000000000
76727  12.491  -18.991  45.449 0.0000000000
76573  12.822  -17.993  51.488 0.0000000000
76650  11.729  -18.921  48.003 0.0000000000
66409  4.595  -25.043  53.310 0.0000000000
93018  38.377  -6.479  33.523 0.0000000000
89206  33.674  -9.615  35.707 0.0000000000
88011  35.056  -10.705  37.712 0.0000000000
86818  33.122  -11.439  34.719 0.0000000000
82832  32.845  -14.301  33.645 0.0000000000
79892  32.399  -15.824  33.532 0.0000000000
78431  29.953  -17.453  31.401 0.0000000000
78252  31.579  -17.696  43.147 0.0000000000
76816  32.942  -17.734  40.937 0.0000000000
78332  33.579  -17.682  38.294 0.0000000000
79837  31.190  -16.502  36.300 0.0000000000
79876  29.512  -16.340  34.389 0.0000000000
93074  36.023  -6.704  30.516 0.0000000000
91785  34.191  -7.459  27.307 0.0000000000
93035  40.975  -6.496  32.737 0.0000000000
91670  40.343  -7.041  31.114 0.0000000000
93036  40.043  -6.523  32.738 0.0000000000
93034  41.955  -6.577  32.537 0.0000000000
75201  20.786  -19.383  42.333 0.0000000000
75220  19.261  -19.674  41.530 0.0000000000
75182  20.642  -19.328  43.396 0.0000000000
75178  22.621  -18.028  43.968 0.0000000000
76766  22.579  -17.603  43.414 0.0000000000
75200  21.537  -19.004  42.254 0.0000000000
73716  20.915  -19.337  41.271 0.0000000000
98300  40.897  -2.743  24.128 0.0000000000
95672  42.452  -4.055  26.197 0.0000000000
96978  43.505  -3.379  26.517 0.0000000000
97023  41.793  -2.912  24.973 0.0000000000
98315  42.311  -2.235  23.877 0.0000000000
73576  7.870  -19.739  53.072 0.0000000000
75013  8.568  -19.443  52.496 0.0000000000
73591  7.520  -20.553  52.042 0.0000000000
70910  7.712  -21.162  50.393 0.0000000000
70893  6.835  -21.738  51.623 0.0000000000
70912  6.397  -22.454  51.231 0.0000000000
82744  36.428  -14.476  38.913 0.0000000000
81280  36.147  -15.379  38.536 0.0000000000
79833  35.109  -15.591  36.642 0.0000000000
78344  35.181  -16.889  38.180 0.0000000000
75132  32.666  -18.963  46.482 0.0000000000
81270  25.772  -14.679  38.658 0.0000000000
81268  27.569  -15.744  39.002 0.0000000000
81284  26.445  -14.960  37.785 0.0000000000
81314  25.791  -15.350  35.646 0.0000000000
89232  32.269  -9.367  33.320 0.0000000000
90406  32.221  -8.521  31.913 0.0000000000
105993  53.172  3.473  19.062 0.0000000000
105974  54.548  3.851  19.200 0.0000000000
105973  55.149  3.937  18.733 0.0000000000
105989  55.912  3.966  17.590 0.0000000000
106003  54.588  3.390  17.506 0.0000000000
90478  41.573  -6.997  27.323 0.0000000000
93127  39.709  -6.287  26.430 0.0000000000
91759  40.524  -7.354  27.308 0.0000000000
91737  38.234  -7.384  28.318 0.0000000000
91781  37.510  -7.368  26.342 0.0000000000
91782  36.509  -7.400  26.490 0.0000000000
91682  43.077  -6.988  29.824 0.0000000000
91707  42.982  -7.008  28.967 0.0000000000
91756  42.409  -6.159  28.279 0.0000000000
75222  17.293  -19.563  41.365 0.0000000000
75187  15.371  -18.957  43.334 0.0000000000
79690  28.104  -16.271  46.176 0.0000000000
78208  28.645  -16.728  45.690 0.0000000000
81150  27.613  -15.722  45.384 0.0000000000
79757  22.372  -16.002  41.401 0.0000000000
81195  25.195  -14.619  42.912 0.0000000000
81216  23.257  -15.164  41.588 0.0000000000
82703  23.644  -14.517  40.490 0.0000000000
81256  22.424  -15.497  39.649 0.0000000000
78318  21.742  -16.861  39.351 0.0000000000
82844  31.563  -14.581  32.036 0.0000000000
103445  47.931  1.369  23.817 0.0000000000
103444  48.795  1.733  23.576 0.0000000000
103450  48.115  1.551  22.540 0.0000000000
104716  49.143  2.432  19.856 0.0000000000
104745  50.054  2.348  18.483 0.0000000000
104726  50.734  2.659  19.436 0.0000000000
78177  23.415  -17.182  47.515 0.0000000000
75089  22.508  -18.683  47.195 0.0000000000
76637  22.831  -17.421  48.506 0.0000000000
81119  24.134  -15.880  47.851 0.0000000000
78194  23.450  -16.752  46.654 0.0000000000
102160  47.072  0.324  25.556 0.0000000000
100877  45.873  -0.413  25.455 0.0000000000
100920  44.664  -0.400  22.686 0.0000000000
75114  20.141  -19.356  46.750 0.0000000000
75138  19.230  -19.346  45.932 0.0000000000
75139  18.407  -18.813  46.370 0.0000000000
78179  15.506  -17.725  48.065 0.0000000000
76697  15.890  -18.369  46.765 0.0000000000
76698  14.886  -18.413  46.676 0.0000000000
76725  14.525  -18.464  45.597 0.0000000000
76699  13.821  -18.453  46.528 0.0000000000
76549  12.098  -18.249  52.567 0.0000000000
75050  9.905  -19.543  49.105 0.0000000000
75049  10.799  -19.082  49.511 0.0000000000
75072  10.952  -19.343  48.277 0.0000000000
75095  10.607  -19.522  47.068 0.0000000000
90347  34.594  -8.446  36.542 0.0000000000
85500  35.289  -12.393  37.562 0.0000000000
86748  35.432  -11.360  37.949 0.0000000000
86783  34.529  -11.773  36.772 0.0000000000
86802  33.938  -11.235  35.780 0.0000000000
85534  33.821  -12.382  35.372 0.0000000000
85553  33.109  -12.717  34.485 0.0000000000
84196  33.838  -13.607  35.217 0.0000000000
79854  33.481  -15.695  35.150 0.0000000000
79872  33.187  -15.624  34.449 0.0000000000
79893  31.685  -16.389  33.215 0.0000000000
78396  31.238  -16.683  32.340 0.0000000000
79894  30.825  -16.651  33.490 0.0000000000
78235  29.835  -17.121  43.673 0.0000000000
78234  30.856  -17.691  43.987 0.0000000000
78254  29.710  -17.013  42.672 0.0000000000
79785  29.799  -16.652  39.144 0.0000000000
78296  31.058  -17.266  40.290 0.0000000000
78315  31.526  -16.980  39.114 0.0000000000
78294  33.310  -17.841  40.024 0.0000000000
78334  31.648  -16.705  38.347 0.0000000000
78333  32.447  -16.908  38.127 0.0000000000
79818  31.008  -16.523  37.240 0.0000000000
79897  27.413  -16.255  33.378 0.0000000000
79858  29.337  -16.204  35.588 0.0000000000
93020  36.578  -6.547  33.268 0.0000000000
93039  37.294  -6.524  32.506 0.0000000000
93041  35.470  -6.680  32.201 0.0000000000
90443  32.222  -8.246  28.856 0.0000000000
91742  33.765  -7.466  28.980 0.0000000000
107238  58.151  4.466  15.290 0.0000000000
91683  41.927  -7.042  29.979 0.0000000000
91735  40.395  -7.490  28.148 0.0000000000
91710  40.095  -7.354  29.194 0.0000000000
91711  38.977  -7.384  29.317 0.0000000000
91712  37.902  -7.076  29.327 0.0000000000
93032  44.371  -6.488  32.526 0.0000000000
91668  42.642  -6.840  30.761 0.0000000000
73719  18.769  -19.995  40.616 0.0000000000
75221  18.341  -19.497  41.386 0.0000000000
75204  17.976  -18.960  42.284 0.0000000000
81153  24.419  -14.849  45.990 0.0000000000
81165  24.758  -14.835  44.740 0.0000000000
79725  23.060  -15.804  43.582 0.0000000000
78277  22.417  -16.594  42.253 0.0000000000
78279  21.562  -17.230  41.354 0.0000000000
76820  21.295  -18.261  40.411 0.0000000000
75232  21.148  -19.126  40.031 0.0000000000
73736  20.159  -20.059  40.215 0.0000000000
102200  46.450  1.330  21.017 0.0000000000
79641  23.665  -16.761  49.805 0.0000000000
96961  44.594  -3.362  27.733 0.0000000000
98258  44.510  -2.645  26.981 0.0000000000
99554  44.312  -1.960  25.647 0.0000000000
99565  45.028  -0.757  24.807 0.0000000000
99567  43.592  -1.853  24.721 0.0000000000
99577  42.024  -1.927  23.036 0.0000000000
76642  18.913  -18.640  48.806 0.0000000000
76669  17.934  -18.460  47.962 0.0000000000
76616  17.396  -18.204  49.657 0.0000000000
76617  16.411  -17.917  49.585 0.0000000000
76619  14.471  -18.079  49.544 0.0000000000
76550  11.039  -18.488  52.447 0.0000000000
76551  9.982  -18.594  52.311 0.0000000000
75021  9.340  -19.270  51.484 0.0000000000
73600  8.692  -20.264  49.913 0.0000000000
70927  7.888  -20.908  49.792 0.0000000000
84163  36.005  -13.235  38.146 0.0000000000
82789  35.331  -14.277  36.981 0.0000000000
82804  34.253  -13.952  35.535 0.0000000000
81296  35.077  -15.029  36.377 0.0000000000
79834  34.406  -15.756  36.146 0.0000000000
79835  33.255  -16.211  36.049 0.0000000000
79755  27.639  -15.916  41.558 0.0000000000
78274  28.655  -16.591  41.617 0.0000000000
79788  27.778  -16.115  40.171 0.0000000000
79803  28.242  -16.281  39.026 0.0000000000
79802  29.113  -16.346  38.672 0.0000000000
79839  29.316  -16.156  36.718 0.0000000000
79840  28.534  -15.777  37.132 0.0000000000
81330  27.318  -15.448  34.882 0.0000000000
91640  34.129  -7.240  33.423 0.0000000000
93042  34.675  -6.886  32.530 0.0000000000
91675  33.529  -7.579  31.849 0.0000000000
90414  32.333  -8.399  30.937 0.0000000000
107217  56.407  4.255  17.519 0.0000000000
106000  56.637  3.933  16.437 0.0000000000
94353  41.169  -4.748  26.000 0.0000000000
95699  39.603  -3.930  24.820 0.0000000000
94355  39.826  -5.365  25.972 0.0000000000
91760  39.545  -7.414  27.265 0.0000000000
91798  37.297  -6.949  25.356 0.0000000000
93050  45.378  -6.448  31.586 0.0000000000
94296  45.141  -5.540  30.264 0.0000000000
94306  44.695  -4.820  29.362 0.0000000000
94317  43.249  -5.086  28.181 0.0000000000
94339  42.182  -5.053  27.274 0.0000000000
75109  30.977  -18.642  47.519 0.0000000000
76716  31.283  -18.256  45.945 0.0000000000
76718  29.990  -17.567  45.979 0.0000000000
78221  28.882  -16.859  44.275 0.0000000000
79723  27.852  -16.040  43.274 0.0000000000
81177  25.955  -14.714  43.728 0.0000000000
81176  26.956  -15.381  43.290 0.0000000000
81193  27.102  -15.247  42.458 0.0000000000
82701  25.982  -14.743  40.827 0.0000000000
82746  25.045  -14.410  39.037 0.0000000000
82772  23.809  -14.840  37.639 0.0000000000
104693  50.719  2.824  22.501 0.0000000000
103459  48.618  2.164  21.589 0.0000000000
104703  49.985  2.611  21.149 0.0000000000
104702  50.704  2.818  21.524 0.0000000000
104713  51.405  3.118  20.907 0.0000000000
104724  52.352  3.298  19.328 0.0000000000
104741  53.298  3.231  18.164 0.0000000000
104752  53.503  3.040  17.418 0.0000000000
73658  22.461  -18.751  44.583 0.0000000000
75158  21.663  -19.374  44.325 0.0000000000
76721  22.245  -19.241  46.023 0.0000000000
75113  21.235  -19.377  46.568 0.0000000000
75070  20.685  -18.999  48.660 0.0000000000
76610  22.549  -17.469  49.462 0.0000000000
75048  20.241  -19.150  49.123 0.0000000000
76590  19.983  -18.506  50.540 0.0000000000
75085  31.845  -19.153  47.918 0.0000000000
76662  30.864  -18.528  48.133 0.0000000000
78176  28.732  -16.880  47.659 0.0000000000
79675  28.173  -16.433  47.616 0.0000000000
79658  27.590  -16.053  47.935 0.0000000000
81138  25.254  -15.270  46.674 0.0000000000
81140  23.567  -15.673  46.386 0.0000000000
76744  22.669  -17.486  45.132 0.0000000000
102158  48.678  1.153  25.772 0.0000000000
102170  47.323  0.896  24.453 0.0000000000
102187  46.320  0.849  22.276 0.0000000000
100904  44.717  -0.627  23.622 0.0000000000
102188  45.392  0.216  22.538 0.0000000000
102201  45.547  0.758  21.422 0.0000000000
75160  19.447  -19.259  44.693 0.0000000000
75184  18.648  -19.053  43.532 0.0000000000
75162  16.892  -18.574  44.269 0.0000000000
76695  17.717  -18.493  47.026 0.0000000000
76723  16.560  -18.308  45.892 0.0000000000
75163  15.936  -18.506  43.991 0.0000000000
76769  14.664  -18.746  43.796 0.0000000000
76750  13.190  -18.978  44.609 0.0000000000
76595  14.689  -17.984  50.520 0.0000000000
76620  13.458  -18.188  49.452 0.0000000000
76621  12.443  -18.497  49.285 0.0000000000
76648  13.304  -18.293  48.414 0.0000000000
76675  12.158  -18.621  47.255 0.0000000000
67965  5.383  -24.287  53.305 0.0000000000
93017  39.327  -6.465  33.604 0.0000000000
91618  35.226  -6.997  34.787 0.0000000000
91619  34.265  -7.517  34.668 0.0000000000
90371  33.295  -8.735  34.544 0.0000000000
89219  32.952  -9.752  34.592 0.0000000000
88027  34.261  -10.301  36.748 0.0000000000
88042  33.654  -10.479  35.498 0.0000000000
88055  32.657  -10.702  34.282 0.0000000000
85554  32.540  -12.512  33.954 0.0000000000
84231  32.328  -13.561  33.545 0.0000000000
81359  31.980  -15.351  32.402 0.0000000000
81328  33.500  -15.053  34.504 0.0000000000
81350  32.569  -15.192  33.335 0.0000000000
79909  31.957  -15.852  32.771 0.0000000000
79923  31.586  -16.667  31.553 0.0000000000
78430  30.784  -17.528  31.245 0.0000000000
78311  35.547  -16.895  39.886 0.0000000000
76741  31.590  -18.244  45.134 0.0000000000
76762  32.616  -18.208  44.066 0.0000000000
76779  32.543  -17.970  43.165 0.0000000000
76798  30.653  -17.356  42.012 0.0000000000
76796  32.498  -17.746  42.089 0.0000000000
76795  33.642  -18.088  41.712 0.0000000000
76815  33.902  -18.131  40.626 0.0000000000
76830  34.399  -17.964  39.858 0.0000000000
78331  34.571  -17.557  38.633 0.0000000000
78346  33.296  -17.218  37.420 0.0000000000
79816  32.894  -16.712  36.803 0.0000000000
79856  31.405  -16.409  35.306 0.0000000000
79838  30.206  -16.489  36.454 0.0000000000
79857  30.366  -16.497  35.412 0.0000000000
79875  30.601  -16.539  34.381 0.0000000000
78415  29.821  -16.790  32.185 0.0000000000
93037  39.101  -6.500  32.678 0.0000000000
93072  37.763  -6.563  30.954 0.0000000000
91739  36.259  -7.485  28.508 0.0000000000
91673  34.822  -6.906  30.877 0.0000000000
91741  34.591  -7.424  28.727 0.0000000000
91764  35.531  -7.558  27.647 0.0000000000
104762  54.427  2.982  16.717 0.0000000000
93015  41.304  -6.444  33.603 0.0000000000
93014  42.371  -6.545  33.535 0.0000000000
75202  19.920  -19.668  42.329 0.0000000000
73678  22.227  -18.836  43.634 0.0000000000
75180  21.997  -18.556  43.016 0.0000000000
97024  41.199  -3.308  24.904 0.0000000000
97025  40.126  -3.286  24.198 0.0000000000
97003  41.492  -3.745  25.440 0.0000000000
97002  42.071  -3.390  25.486 0.0000000000
73584  7.446  -20.497  52.744 0.0000000000
72224  7.063  -21.328  52.329 0.0000000000
81266  36.381  -15.357  39.389 0.0000000000
79798  35.862  -15.952  39.002 0.0000000000
79813  35.702  -16.117  38.185 0.0000000000
78343  35.538  -16.501  38.733 0.0000000000
75084  32.689  -19.571  47.822 0.0000000000
81285  25.286  -14.727  37.527 0.0000000000
81299  25.012  -15.092  36.412 0.0000000000
89220  32.481  -9.667  34.012 0.0000000000
89246  31.754  -9.328  32.507 0.0000000000
105992  53.701  3.453  18.498 0.0000000000
105975  53.654  3.671  19.500 0.0000000000
105991  54.620  3.562  18.333 0.0000000000
90460  41.778  -7.242  27.586 0.0000000000
91758  41.223  -7.167  27.297 0.0000000000
91762  37.415  -7.401  27.377 0.0000000000
91783  35.618  -7.488  26.678 0.0000000000
91708  42.238  -7.272  28.972 0.0000000000
91733  42.306  -7.168  28.192 0.0000000000
90459  42.069  -7.207  27.819 0.0000000000
75205  16.845  -19.028  42.238 0.0000000000
75223  16.361  -19.737  41.529 0.0000000000
75206  15.739  -19.393  42.269 0.0000000000
81151  26.648  -15.321  45.465 0.0000000000
79772  22.416  -15.783  40.686 0.0000000000
81235  22.730  -15.300  40.583 0.0000000000
81236  22.402  -15.663  40.336 0.0000000000
79790  21.708  -16.691  39.816 0.0000000000
81368  31.792  -15.585  31.253 0.0000000000
102178  47.131  1.142  23.120 0.0000000000
103492  50.462  2.194  18.029 0.0000000000
79677  23.663  -16.583  48.113 0.0000000000
76665  22.886  -17.800  47.798 0.0000000000
78161  23.118  -17.077  48.450 0.0000000000
81098  24.133  -16.232  48.767 0.0000000000
99532  46.640  -0.647  26.390 0.0000000000
99551  46.577  -0.476  25.994 0.0000000000
99552  46.179  -0.681  25.923 0.0000000000
75092  19.982  -19.014  47.743 0.0000000000
75115  19.174  -19.220  47.031 0.0000000000
78164  15.386  -17.762  48.199 0.0000000000
76672  15.253  -17.932  47.771 0.0000000000
76673  14.122  -18.281  47.566 0.0000000000
76523  12.371  -18.071  53.756 0.0000000000
75073  10.159  -19.704  47.910 0.0000000000
84177  35.044  -13.258  36.922 0.0000000000
85509  34.781  -12.307  36.838 0.0000000000
85510  34.420  -12.094  36.454 0.0000000000
84195  34.014  -12.995  35.414 0.0000000000
79855  32.449  -16.140  35.197 0.0000000000
79873  32.640  -16.060  34.229 0.0000000000
78236  28.949  -16.651  43.293 0.0000000000
78255  28.823  -16.555  42.445 0.0000000000
78316  30.380  -16.911  39.639 0.0000000000
79800  30.924  -16.582  38.197 0.0000000000
92998  36.691  -6.497  34.180 0.0000000000
93021  35.697  -6.526  33.128 0.0000000000
91684  40.834  -7.415  30.191 0.0000000000
91671  39.382  -6.744  31.046 0.0000000000
91685  39.716  -7.227  30.237 0.0000000000
93012  44.556  -6.518  33.632 0.0000000000
91656  41.877  -6.634  31.849 0.0000000000
91655  42.427  -6.751  31.682 0.0000000000
81166  23.715  -15.225  45.232 0.0000000000
79714  23.116  -15.818  44.685 0.0000000000
76783  22.499  -17.310  42.525 0.0000000000
78258  22.629  -16.607  43.110 0.0000000000
76800  22.303  -17.116  42.060 0.0000000000
76802  21.340  -17.960  41.359 0.0000000000
75216  21.720  -18.310  41.661 0.0000000000
73717  20.514  -19.681  41.362 0.0000000000
73735  20.779  -19.467  40.631 0.0000000000
95642  44.201  -4.103  28.067 0.0000000000
95655  43.987  -3.795  27.548 0.0000000000
98281  43.547  -2.687  25.879 0.0000000000
98259  43.994  -2.960  26.503 0.0000000000
98280  44.208  -2.530  26.251 0.0000000000
99535  44.506  -2.226  26.406 0.0000000000
99555  43.662  -2.250  25.312 0.0000000000
98316  41.383  -2.361  23.491 0.0000000000
76615  18.393  -18.507  49.677 0.0000000000
76643  18.076  -18.369  48.830 0.0000000000
76618  15.430  -17.917  49.561 0.0000000000
76508  10.113  -17.999  54.087 0.0000000000
76525  10.497  -18.266  53.300 0.0000000000
75022  8.472  -19.695  51.932 0.0000000000
75033  9.369  -19.775  50.211 0.0000000000
72239  8.186  -20.800  49.563 0.0000000000
72229  8.107  -20.581  50.291 0.0000000000
70911  7.192  -21.663  50.899 0.0000000000
70929  7.355  -22.033  50.001 0.0000000000
70894  6.399  -22.388  52.225 0.0000000000
69394  5.829  -23.422  51.628 0.0000000000
82745  36.121  -14.216  38.320 0.0000000000
84153  36.203  -13.493  38.676 0.0000000000
84154  35.923  -13.789  38.116 0.0000000000
84164  35.564  -13.470  37.663 0.0000000000
81295  35.569  -15.230  36.992 0.0000000000
79814  35.137  -16.209  37.212 0.0000000000
81213  27.375  -15.623  41.108 0.0000000000
79771  27.752  -16.108  40.912 0.0000000000
81232  27.333  -15.697  40.449 0.0000000000
81283  27.356  -15.460  38.076 0.0000000000
81267  28.028  -15.955  38.659 0.0000000000
79821  28.407  -15.788  38.204 0.0000000000
79841  27.877  -15.579  37.519 0.0000000000
81313  27.119  -15.315  35.863 0.0000000000
91659  33.404  -7.600  32.831 0.0000000000
90407  31.761  -8.701  31.376 0.0000000000
90415  31.597  -8.731  30.598 0.0000000000
106002  55.425  3.594  17.312 0.0000000000
106001  56.174  3.776  16.960 0.0000000000
106011  56.055  3.374  15.950 0.0000000000
104760  55.882  2.832  15.714 0.0000000000
94354  40.705  -5.012  25.982 0.0000000000
94341  40.646  -5.607  26.459 0.0000000000
93139  39.187  -5.763  26.015 0.0000000000
93141  37.741  -6.200  25.391 0.0000000000
93086  43.935  -6.372  29.541 0.0000000000
94297  44.485  -6.094  29.840 0.0000000000
94307  44.328  -5.639  29.443 0.0000000000
94316  44.057  -4.988  28.528 0.0000000000
93100  43.052  -5.642  28.546 0.0000000000
93124  41.843  -5.840  27.326 0.0000000000
94340  41.411  -5.142  26.574 0.0000000000
76690  30.737  -18.495  46.809 0.0000000000
76691  30.021  -17.841  46.565 0.0000000000
79702  28.670  -16.651  45.352 0.0000000000
78207  29.082  -17.028  45.410 0.0000000000
79711  28.619  -16.548  44.919 0.0000000000
82648  25.041  -14.605  44.247 0.0000000000
81164  25.884  -14.895  44.653 0.0000000000
81178  24.779  -14.606  43.768 0.0000000000
82666  24.800  -14.579  42.237 0.0000000000
81194  26.257  -14.794  42.727 0.0000000000
81215  26.649  -14.776  42.081 0.0000000000
81234  26.562  -14.902  41.455 0.0000000000
82682  26.022  -14.726  41.749 0.0000000000
82725  23.633  -14.542  39.284 0.0000000000
82724  24.501  -14.282  39.675 0.0000000000
82747  24.353  -14.445  38.742 0.0000000000
82748  23.675  -14.765  38.271 0.0000000000
76832  21.423  -18.674  39.187 0.0000000000
103421  49.199  1.503  25.601 0.0000000000
103443  49.668  2.146  23.412 0.0000000000
103448  49.693  2.426  22.821 0.0000000000
104680  50.128  2.568  23.012 0.0000000000
103471  47.719  1.837  20.195 0.0000000000
103460  47.784  1.664  21.270 0.0000000000
104704  49.216  2.450  20.829 0.0000000000
104714  50.761  2.801  20.487 0.0000000000
104743  51.546  2.585  18.494 0.0000000000
104742  52.665  3.212  18.645 0.0000000000
104753  52.291  2.540  17.893 0.0000000000
73649  22.450  -18.670  45.053 0.0000000000
75135  22.131  -19.270  45.470 0.0000000000
76693  22.385  -18.896  45.913 0.0000000000
76666  22.550  -18.606  48.107 0.0000000000
75090  22.095  -19.259  47.621 0.0000000000
75091  20.999  -19.090  47.583 0.0000000000
75069  21.650  -19.107  48.351 0.0000000000
78145  22.770  -17.229  49.540 0.0000000000
76612  21.654  -18.362  49.656 0.0000000000
76613  20.671  -18.766  49.450 0.0000000000
76614  19.529  -18.834  49.567 0.0000000000
76634  30.919  -18.741  48.475 0.0000000000
81096  25.734  -15.507  48.444 0.0000000000
81117  26.040  -15.448  47.454 0.0000000000
81139  24.242  -15.718  46.768 0.0000000000
78209  22.962  -16.995  46.434 0.0000000000
76719  22.694  -17.457  45.956 0.0000000000
73657  22.578  -18.374  44.842 0.0000000000
95700  38.849  -4.383  24.635 0.0000000000
102179  46.197  0.427  23.604 0.0000000000
99566  44.394  -1.115  24.479 0.0000000000
100889  45.037  -0.641  24.313 0.0000000000
100934  44.287  -0.143  21.890 0.0000000000
102189  44.828  -0.049  22.165 0.0000000000
102202  44.810  0.324  21.619 0.0000000000
75136  21.402  -19.502  45.483 0.0000000000
75159  20.538  -19.483  44.518 0.0000000000
75161  18.098  -18.701  44.952 0.0000000000
75185  17.492  -18.727  43.381 0.0000000000
76747  16.244  -18.326  44.923 0.0000000000
75164  15.438  -18.529  43.876 0.0000000000
76748  15.214  -18.429  44.525 0.0000000000
76726  13.473  -18.576  45.519 0.0000000000
76749  14.122  -18.606  44.603 0.0000000000
76596  13.645  -18.011  50.485 0.0000000000
76599  10.695  -18.923  50.683 0.0000000000
76622  11.602  -18.847  48.930 0.0000000000
76598  11.245  -18.709  50.228 0.0000000000
76649  12.399  -18.594  48.220 0.0000000000
69345  5.737  -23.496  53.256 0.0000000000
69346  5.449  -23.570  53.708 0.0000000000
67966  4.877  -24.544  53.571 0.0000000000
92973  37.734  -6.451  35.352 0.0000000000
91598  35.686  -7.128  35.636 0.0000000000
91599  34.775  -7.708  35.581 0.0000000000
90357  33.921  -8.555  35.486 0.0000000000
90358  33.537  -9.147  35.258 0.0000000000
90372  32.801  -9.216  34.296 0.0000000000
89207  33.405  -9.719  35.109 0.0000000000
88012  34.533  -10.386  37.376 0.0000000000
86803  33.570  -11.306  35.227 0.0000000000
88054  33.275  -10.574  34.904 0.0000000000
86819  32.727  -11.658  34.263 0.0000000000
85536  33.001  -12.118  34.498 0.0000000000
84230  32.999  -13.427  34.095 0.0000000000
82833  32.130  -14.466  33.047 0.0000000000
81311  33.898  -14.894  35.285 0.0000000000
82805  33.642  -14.185  35.014 0.0000000000
81329  33.027  -15.510  33.933 0.0000000000
79910  31.586  -16.392  32.186 0.0000000000
78414  30.654  -16.898  31.840 0.0000000000
76946  30.100  -18.381  31.058 0.0000000000
78233  31.568  -17.777  43.788 0.0000000000
76763  31.759  -17.989  44.322 0.0000000000
76780  32.040  -17.866  43.700 0.0000000000
78298  28.416  -16.512  40.948 0.0000000000
78273  29.521  -16.859  41.858 0.0000000000
76817  31.852  -17.479  41.086 0.0000000000
78314  32.850  -17.538  39.158 0.0000000000
78293  33.854  -18.138  39.988 0.0000000000
78313  33.960  -17.985  39.398 0.0000000000
78312  34.795  -17.571  39.628 0.0000000000
79817  32.023  -16.522  37.156 0.0000000000
78347  32.664  -16.889  37.359 0.0000000000
79836  32.201  -16.277  36.173 0.0000000000
79895  29.834  -16.675  33.315 0.0000000000
93038  38.180  -6.453  32.601 0.0000000000
93058  37.104  -6.548  31.623 0.0000000000
93073  36.888  -6.617  30.694 0.0000000000
91688  36.936  -6.487  30.046 0.0000000000
93089  36.172  -6.884  29.838 0.0000000000
91674  34.152  -7.117  31.341 0.0000000000
91657  34.801  -6.942  31.740 0.0000000000
91691  34.266  -7.225  30.473 0.0000000000
91766  33.953  -7.433  27.961 0.0000000000
91765  34.730  -7.502  27.824 0.0000000000
108519  58.713  4.984  14.718 0.0000000000
104763  53.778  2.788  16.782 0.0000000000
93053  41.440  -6.516  32.020 0.0000000000
93054  40.709  -6.541  31.907 0.0000000000
93055  39.760  -6.592  31.854 0.0000000000
73700  20.062  -19.826  41.672 0.0000000000
75183  19.677  -19.428  43.499 0.0000000000
76765  22.642  -17.467  44.355 0.0000000000
78239  22.758  -16.679  44.185 0.0000000000
76784  22.420  -18.064  42.619 0.0000000000
75199  22.055  -18.541  42.046 0.0000000000
75217  21.264  -18.834  41.317 0.0000000000
75218  21.043  -19.279  41.711 0.0000000000
95671  43.038  -3.867  26.547 0.0000000000
97001  42.864  -3.334  26.069 0.0000000000
98282  42.815  -2.900  25.465 0.0000000000
98298  42.414  -2.655  24.809 0.0000000000
98299  41.637  -2.633  24.410 0.0000000000
76568  18.056  -18.268  51.605 0.0000000000
76569  16.958  -18.068  51.541 0.0000000000
73583  7.913  -19.945  52.264 0.0000000000
73590  8.176  -20.228  51.554 0.0000000000
72230  7.995  -20.917  50.966 0.0000000000
72231  7.429  -21.051  51.547 0.0000000000
72225  6.677  -21.818  52.946 0.0000000000
82721  36.637  -14.518  40.023 0.0000000000
82768  36.196  -14.810  38.197 0.0000000000
81281  35.915  -15.428  37.728 0.0000000000
81254  26.278  -14.808  39.417 0.0000000000
81269  26.715  -15.169  38.780 0.0000000000
81297  27.188  -15.194  37.091 0.0000000000
81298  26.144  -15.087  36.699 0.0000000000
90385  33.000  -8.391  33.867 0.0000000000
90396  32.923  -8.217  33.256 0.0000000000
90397  32.478  -8.719  32.853 0.0000000000
89261  31.711  -8.927  31.844 0.0000000000
105976  52.713  3.466  19.692 0.0000000000
105962  53.516  3.872  20.612 0.0000000000
105990  55.397  3.794  18.071 0.0000000000
106013  54.945  3.411  17.023 0.0000000000
93126  40.579  -6.266  26.680 0.0000000000
91778  40.527  -6.936  26.803 0.0000000000
91779  39.711  -7.086  26.702 0.0000000000
91761  38.477  -7.387  27.266 0.0000000000
91799  36.499  -7.409  25.510 0.0000000000
91667  43.553  -6.830  30.603 0.0000000000
91681  43.692  -6.820  30.125 0.0000000000
93087  43.409  -6.726  29.474 0.0000000000
91706  43.277  -6.447  29.156 0.0000000000
91731  43.104  -6.082  28.938 0.0000000000
91732  42.707  -6.418  28.596 0.0000000000
91757  42.159  -6.564  27.874 0.0000000000
75207  15.086  -19.702  42.669 0.0000000000
75188  14.460  -19.506  43.102 0.0000000000
78191  28.811  -16.864  46.402 0.0000000000
78190  29.487  -17.393  46.189 0.0000000000
79703  28.283  -16.283  45.303 0.0000000000
81162  27.804  -15.818  44.787 0.0000000000
81196  23.893  -14.979  42.802 0.0000000000
82684  24.224  -14.550  41.591 0.0000000000
81255  22.997  -14.867  39.777 0.0000000000
81272  22.383  -15.675  38.446 0.0000000000
79789  21.986  -16.309  39.204 0.0000000000
78335  21.791  -17.062  38.717 0.0000000000
103478  48.522  2.236  19.278 0.0000000000
104727  49.758  2.471  19.118 0.0000000000
104744  50.607  2.425  18.619 0.0000000000
103491  51.037  2.298  18.181 0.0000000000
76692  22.869  -17.461  46.849 0.0000000000
75088  22.616  -18.077  46.883 0.0000000000
79691  23.950  -16.660  47.132 0.0000000000
78193  23.468  -17.110  46.893 0.0000000000
102143  47.254  0.031  26.155 0.0000000000
102161  46.487  0.181  25.318 0.0000000000
100902  45.954  0.027  24.443 0.0000000000
100905  44.119  -0.828  23.151 0.0000000000
76645  16.117  -17.865  48.525 0.0000000000
76671  16.162  -18.014  47.589 0.0000000000
76700  12.780  -18.552  46.393 0.0000000000
76548  13.172  -17.979  52.551 0.0000000000
75032  10.299  -19.136  50.422 0.0000000000
75031  10.769  -18.940  50.056 0.0000000000
91584  35.138  -7.718  36.245 0.0000000000
90346  35.078  -7.922  36.741 0.0000000000
89190  34.035  -9.438  36.357 0.0000000000
85489  35.895  -12.738  38.559 0.0000000000
85482  35.624  -12.193  38.935 0.0000000000
85490  35.605  -12.140  38.332 0.0000000000
86766  34.729  -11.399  37.243 0.0000000000
86767  34.350  -10.862  37.006 0.0000000000
86784  34.297  -11.273  36.494 0.0000000000
85524  33.760  -11.859  35.474 0.0000000000
85535  33.446  -12.231  34.989 0.0000000000
84208  33.706  -12.719  35.152 0.0000000000
84209  33.508  -13.266  34.842 0.0000000000
82816  33.377  -14.200  34.267 0.0000000000
78397  30.783  -16.792  32.697 0.0000000000
78220  29.917  -17.546  44.784 0.0000000000
78219  30.647  -17.763  44.669 0.0000000000
78253  30.535  -17.407  42.900 0.0000000000
78317  29.749  -16.692  39.764 0.0000000000
78295  32.264  -17.468  40.100 0.0000000000
79799  31.624  -16.587  37.839 0.0000000000
79877  28.215  -15.788  34.541 0.0000000000
79896  28.598  -16.326  33.123 0.0000000000
79912  28.666  -16.721  32.510 0.0000000000
78399  28.257  -16.884  32.466 0.0000000000
93019  37.461  -6.531  33.407 0.0000000000
93040  36.407  -6.531  32.361 0.0000000000
93059  36.233  -6.611  31.433 0.0000000000
90442  32.972  -7.796  29.398 0.0000000000
91717  33.651  -7.481  29.958 0.0000000000
91709  41.203  -7.440  29.079 0.0000000000
91738  37.192  -7.296  28.407 0.0000000000
93033  43.161  -6.717  32.365 0.0000000000
93052  43.218  -6.774  31.348 0.0000000000
81152  25.543  -15.009  45.677 0.0000000000
81179  23.678  -15.192  43.969 0.0000000000
79743  23.287  -15.508  43.141 0.0000000000
79742  22.897  -15.765  42.582 0.0000000000
79758  21.711  -16.627  41.109 0.0000000000
79774  21.545  -16.844  40.481 0.0000000000
78300  21.351  -17.422  40.754 0.0000000000
102199  47.149  1.453  21.269 0.0000000000
81072  24.044  -16.573  50.000 0.0000000000
96950  45.220  -3.333  28.560 0.0000000000
96960  45.085  -3.036  27.913 0.0000000000
96977  44.048  -3.391  27.029 0.0000000000
99511  45.400  -2.099  27.410 0.0000000000
99534  45.058  -1.796  26.758 0.0000000000
99553  45.296  -1.027  25.561 0.0000000000
99576  43.223  -1.373  23.404 0.0000000000
98314  43.030  -2.253  24.279 0.0000000000
99591  42.187  -1.451  22.282 0.0000000000
75094  18.511  -18.642  47.865 0.0000000000
76668  18.511  -18.573  48.267 0.0000000000
76644  17.154  -18.205  48.714 0.0000000000
76646  15.223  -17.881  48.648 0.0000000000
76576  9.903  -18.817  51.695 0.0000000000
75020  10.003  -19.002  51.065 0.0000000000
75051  9.257  -20.082  49.477 0.0000000000
73610  9.363  -20.167  48.875 0.0000000000
72248  8.538  -21.162  48.737 0.0000000000
85499  35.823  -12.757  37.982 0.0000000000
82790  34.791  -14.089  36.290 0.0000000000
81310  34.518  -14.892  35.787 0.0000000000
78275  27.902  -16.325  41.507 0.0000000000
79769  28.674  -16.401  40.345 0.0000000000
81252  27.465  -15.833  39.791 0.0000000000
79787  28.237  -16.279  39.855 0.0000000000
79786  29.081  -16.421  39.628 0.0000000000
79801  29.967  -16.446  38.362 0.0000000000
79820  29.288  -16.067  37.766 0.0000000000
79860  27.831  -15.528  36.705 0.0000000000
81312  27.783  -15.475  35.290 0.0000000000
79878  26.962  -15.682  34.087 0.0000000000
91639  35.004  -6.868  33.859 0.0000000000
93022  34.952  -6.690  33.032 0.0000000000
91658  34.088  -7.164  32.286 0.0000000000
90405  32.913  -8.093  32.353 0.0000000000
90413  33.047  -8.157  31.389 0.0000000000
90424  33.026  -7.990  30.407 0.0000000000
90425  32.260  -8.288  29.950 0.0000000000
107216  56.951  4.379  17.090 0.0000000000
106020  56.542  3.165  15.580 0.0000000000
95674  40.886  -4.414  25.655 0.0000000000
95698  40.476  -3.822  25.178 0.0000000000
95675  40.127  -4.496  25.545 0.0000000000
95676  39.384  -4.637  25.343 0.0000000000
94356  38.728  -5.294  25.352 0.0000000000
91780  38.603  -7.120  26.302 0.0000000000
91797  38.101  -6.718  25.703 0.0000000000
93068  45.021  -6.459  30.777 0.0000000000
94286  45.533  -6.132  30.876 0.0000000000
94315  44.563  -4.508  28.884 0.0000000000
94327  43.854  -4.488  28.102 0.0000000000
94328  43.495  -4.680  27.991 0.0000000000
93101  42.908  -5.249  28.149 0.0000000000
94329  42.910  -4.944  27.777 0.0000000000
95657  42.791  -4.445  26.976 0.0000000000
95658  42.069  -4.589  26.599 0.0000000000
95673  41.621  -4.319  25.860 0.0000000000
75108  31.418  -18.911  47.279 0.0000000000
76689  31.688  -18.756  46.545 0.0000000000
76717  30.504  -17.889  46.017 0.0000000000
76743  30.142  -17.680  45.511 0.0000000000
78206  29.699  -17.448  45.574 0.0000000000
78222  28.286  -16.435  43.615 0.0000000000
78237  28.277  -16.212  42.951 0.0000000000
81163  27.147  -15.286  44.378 0.0000000000
79713  27.408  -15.629  43.786 0.0000000000
79724  27.530  -15.777  43.421 0.0000000000
79741  27.563  -15.810  42.687 0.0000000000
79740  27.865  -16.037  42.781 0.0000000000
79756  27.601  -15.755  42.054 0.0000000000
81233  26.799  -15.241  40.837 0.0000000000
82700  26.515  -14.963  40.399 0.0000000000
82702  24.856  -14.372  40.680 0.0000000000
82723  25.573  -14.468  39.773 0.0000000000
82771  24.378  -14.623  37.920 0.0000000000
81286  24.215  -14.836  37.113 0.0000000000
78319  21.574  -17.466  39.659 0.0000000000
86836  31.459  -11.443  33.248 0.0000000000
104692  51.484  3.074  22.852 0.0000000000
103470  48.453  2.183  20.511 0.0000000000
104695  49.349  2.444  21.681 0.0000000000
104694  49.958  2.553  22.194 0.0000000000
104701  51.353  3.151  21.870 0.0000000000
105951  51.991  3.392  21.298 0.0000000000
105964  51.981  3.266  20.550 0.0000000000
104725  51.805  3.071  19.740 0.0000000000
105977  52.245  3.310  20.157 0.0000000000
73660  22.010  -19.184  43.705 0.0000000000
75112  22.169  -19.293  46.352 0.0000000000
78162  22.739  -17.161  48.917 0.0000000000
76638  22.579  -17.709  48.849 0.0000000000
76639  22.187  -18.668  48.814 0.0000000000
78131  22.590  -17.427  50.016 0.0000000000
76611  22.343  -17.747  49.689 0.0000000000
76640  21.333  -18.828  48.997 0.0000000000
75071  19.732  -19.063  48.664 0.0000000000
76591  18.816  -18.487  50.618 0.0000000000
76567  19.291  -18.365  51.693 0.0000000000
75086  31.270  -18.674  48.007 0.0000000000
75087  30.947  -18.535  47.851 0.0000000000
76636  29.945  -17.957  48.077 0.0000000000
78175  29.482  -17.471  47.236 0.0000000000
79689  28.452  -16.386  46.980 0.0000000000
79676  27.835  -16.020  47.043 0.0000000000
81116  27.053  -15.555  47.248 0.0000000000
81137  26.320  -15.365  46.466 0.0000000000
81154  23.651  -15.238  46.147 0.0000000000
79704  23.076  -15.701  45.884 0.0000000000
79692  23.526  -16.181  46.568 0.0000000000
78210  22.941  -16.452  46.182 0.0000000000
78238  22.632  -17.006  44.914 0.0000000000
75155  22.688  -17.961  44.640 0.0000000000
73677  22.543  -18.634  44.000 0.0000000000
97026  39.502  -3.597  24.166 0.0000000000
103422  48.613  1.258  25.394 0.0000000000
102159  48.114  0.877  25.424 0.0000000000
102169  47.947  1.111  24.763 0.0000000000
103437  47.905  1.219  24.440 0.0000000000
100888  45.474  -0.359  24.833 0.0000000000
100903  45.495  -0.258  23.880 0.0000000000
100919  45.191  -0.239  23.194 0.0000000000
102180  45.547  0.063  23.313 0.0000000000
75116  18.480  -18.754  47.354 0.0000000000
76722  17.535  -18.372  45.936 0.0000000000
76696  16.812  -18.416  46.837 0.0000000000
76746  17.173  -18.440  45.216 0.0000000000
76768  15.171  -18.580  43.839 0.0000000000
75165  13.761  -19.030  43.729 0.0000000000
76574  11.693  -18.358  51.416 0.0000000000
76597  12.543  -18.229  50.396 0.0000000000
76674  13.090  -18.412  47.394 0.0000000000
76676  11.363  -18.997  47.257 0.0000000000
76701  11.820  -19.035  46.295 0.0000000000
76728  11.954  -19.262  45.635 0.0000000000
70881  6.252  -22.590  53.272 0.0000000000
67964  5.640  -24.095  52.790 0.0000000000
66407  5.396  -24.843  52.594 0.0000000000
67956  5.117  -23.886  53.900 0.0000000000
93016  40.298  -6.445  33.639 0.0000000000
92975  36.018  -6.706  34.776 0.0000000000
91620  33.673  -7.837  34.284 0.0000000000
90370  33.740  -8.125  34.789 0.0000000000
90386  32.679  -8.853  33.789 0.0000000000
89175  34.466  -9.409  37.188 0.0000000000
88041  34.013  -10.395  36.091 0.0000000000
86835  32.245  -11.472  33.750 0.0000000000
85555  31.924  -12.174  33.429 0.0000000000
85573  31.911  -12.901  33.396 0.0000000000
84248  31.617  -13.647  32.931 0.0000000000
81349  33.226  -14.885  33.836 0.0000000000
79922  31.892  -16.318  31.500 0.0000000000
78429  31.533  -17.319  30.966 0.0000000000
78413  31.276  -16.865  31.661 0.0000000000
76945  31.001  -18.414  30.948 0.0000000000
78310  35.858  -16.488  39.760 0.0000000000
76688  32.226  -18.892  46.469 0.0000000000
76715  32.307  -18.627  45.866 0.0000000000
76740  32.469  -18.386  44.900 0.0000000000
76739  33.449  -18.494  44.698 0.0000000000
76778  33.479  -18.049  42.775 0.0000000000
76799  30.034  -17.352  42.134 0.0000000000
78271  31.131  -17.436  42.482 0.0000000000
76818  30.817  -17.213  41.254 0.0000000000
76797  31.483  -17.396  41.901 0.0000000000
78270  31.791  -17.550  42.476 0.0000000000
76777  34.437  -18.097  42.492 0.0000000000
76831  34.174  -18.153  40.020 0.0000000000
76814  34.773  -17.891  40.434 0.0000000000
78292  35.275  -17.450  40.230 0.0000000000
78330  35.145  -16.932  39.068 0.0000000000
78345  34.348  -17.192  37.689 0.0000000000
79819  30.114  -16.435  37.447 0.0000000000
78398  30.328  -16.810  32.948 0.0000000000
79911  29.128  -16.647  32.570 0.0000000000
78432  29.267  -17.507  31.652 0.0000000000
93056  38.828  -6.502  31.732 0.0000000000
93057  37.947  -6.444  31.760 0.0000000000
93071  38.417  -6.537  31.170 0.0000000000
91687  37.509  -6.678  30.123 0.0000000000
91713  36.803  -6.876  29.425 0.0000000000
93060  35.450  -6.712  31.200 0.0000000000
93075  35.387  -6.944  30.532 0.0000000000
91716  34.422  -7.369  29.625 0.0000000000
91690  35.001  -7.334  30.197 0.0000000000
91689  35.638  -7.170  29.978 0.0000000000
91714  35.960  -7.363  29.328 0.0000000000
104751  54.157  3.269  17.174 0.0000000000
103518  54.723  2.135  16.040 0.0000000000
70909  7.841  -20.790  50.012 0.0000000000
70928  7.702  -21.182  49.952 0.0000000000
72240  7.841  -21.221  49.602 0.0000000000
73648  22.531  -18.455  45.163 0.0000000000
73659  22.331  -19.127  44.135 0.0000000000
73676  22.586  -18.349  44.383 0.0000000000
73679  21.935  -18.923  43.406 0.0000000000
73699  20.318  -19.649  41.931 0.0000000000
75047  20.535  -19.048  49.084 0.0000000000
75068  22.157  -19.112  48.275 0.0000000000
75111  22.462  -18.686  46.301 0.0000000000
75133  22.652  -18.065  45.325 0.0000000000
75134  22.427  -18.722  45.486 0.0000000000
75156  22.381  -18.856  44.943 0.0000000000
75157  22.260  -19.076  44.803 0.0000000000
75179  22.423  -18.326  43.514 0.0000000000
75219  19.763  -19.803  41.635 0.0000000000
76509  9.394  -18.357  54.083 0.0000000000
76641  20.914  -18.879  49.030 0.0000000000
76663  30.570  -18.398  47.739 0.0000000000
76694  22.332  -19.084  46.080 0.0000000000
76714  33.091  -18.614  45.397 0.0000000000
76720  22.312  -19.077  45.800 0.0000000000
76764  31.112  -17.919  44.665 0.0000000000
76767  22.387  -18.164  43.139 0.0000000000
76781  30.380  -17.394  42.378 0.0000000000
76782  30.152  -17.345  42.483 0.0000000000
76819  30.123  -17.153  41.580 0.0000000000
78144  23.110  -16.933  49.341 0.0000000000
78146  22.607  -17.417  49.770 0.0000000000
78163  15.609  -17.756  48.297 0.0000000000
78178  15.752  -17.710  48.023 0.0000000000
78192  28.441  -16.606  45.896 0.0000000000
78223  22.747  -16.964  45.666 0.0000000000
78251  32.128  -17.729  42.724 0.0000000000
78257  27.711  -16.098  41.976 0.0000000000
78272  30.667  -17.416  42.430 0.0000000000
78276  27.743  -16.139  41.773 0.0000000000
78278  21.945  -16.840  41.752 0.0000000000
78299  28.013  -16.357  40.991 0.0000000000
79726  23.283  -15.582  43.403 0.0000000000
79759  21.443  -16.984  40.975 0.0000000000
79770  28.103  -16.337  40.547 0.0000000000
79804  27.844  -16.129  39.549 0.0000000000
81180  23.356  -15.509  43.573 0.0000000000
81214  27.240  -15.230  41.677 0.0000000000
81282  27.857  -15.735  38.405 0.0000000000
82634  25.656  -14.683  44.213 0.0000000000
82635  25.339  -14.700  44.396 0.0000000000
82647  25.359  -14.568  44.062 0.0000000000
82664  26.136  -14.692  42.220 0.0000000000
82665  25.601  -14.617  42.243 0.0000000000
82722  26.314  -14.737  40.057 0.0000000000
82770  24.977  -14.438  38.345 0.0000000000
85523  34.032  -12.131  35.938 0.0000000000
90440  42.186  -7.265  27.944 0.0000000000
90441  42.061  -7.263  27.835 0.0000000000
90477  41.884  -6.990  27.540 0.0000000000
91672  38.838  -6.600  31.068 0.0000000000
91715  35.195  -7.416  29.415 0.0000000000
91740  35.399  -7.516  28.581 0.0000000000
91776  41.653  -6.566  27.311 0.0000000000
91777  41.166  -6.729  26.987 0.0000000000
93070  43.710  -6.731  29.839 0.0000000000
93088  36.542  -6.581  30.078 0.0000000000
93112  42.588  -5.953  28.439 0.0000000000
93113  42.430  -5.641  28.024 0.0000000000
93128  39.174  -6.735  26.357 0.0000000000
94318  43.017  -5.066  28.050 0.0000000000
94342  40.175  -5.865  26.446 0.0000000000
95643  43.717  -4.254  27.716 0.0000000000
95644  43.291  -4.475  27.494 0.0000000000
98236  44.950  -2.799  27.579 0.0000000000
100875  46.901  -0.239  26.063 0.0000000000
100876  46.463  -0.195  25.645 0.0000000000
100887  46.040  0.049  25.150 0.0000000000
