#!ascii label  , from subject _151 vox2ras=TkReg
948
63536  28.104  -27.439  53.860 0.0000000000
86774  48.436  -11.479  35.859 0.0000000000
90392  57.739  -8.344  32.289 0.0000000000
82586  47.321  -15.115  45.612 0.0000000000
68006  33.897  -25.988  49.461 0.0000000000
58215  31.344  -30.492  51.641 0.0000000000
89216  53.533  -9.849  34.382 0.0000000000
89138  53.742  -9.931  39.104 0.0000000000
78172  44.037  -17.770  47.841 0.0000000000
70920  38.863  -23.949  49.089 0.0000000000
102097  58.243  0.459  28.340 0.0000000000
93081  54.817  -6.475  29.355 0.0000000000
84123  44.184  -13.763  41.447 0.0000000000
87918  47.800  -11.371  42.538 0.0000000000
62204  31.441  -29.148  51.225 0.0000000000
59574  30.283  -29.838  54.135 0.0000000000
88038  50.532  -10.549  35.502 0.0000000000
89188  53.300  -9.575  37.076 0.0000000000
88009  50.673  -10.739  37.335 0.0000000000
70948  44.470  -21.918  46.698 0.0000000000
62199  34.871  -28.002  50.604 0.0000000000
69405  36.311  -24.922  49.114 0.0000000000
63612  37.365  -26.709  49.344 0.0000000000
100812  56.263  -0.347  29.092 0.0000000000
99486  57.823  -1.271  28.975 0.0000000000
98189  57.608  -2.672  31.071 0.0000000000
89256  54.461  -9.682  30.687 0.0000000000
90436  53.294  -8.293  28.290 0.0000000000
90421  56.459  -8.491  29.994 0.0000000000
93106  56.410  -6.811  28.589 0.0000000000
89287  57.114  -9.253  28.756 0.0000000000
79665  45.499  -16.330  47.289 0.0000000000
81158  44.538  -15.700  44.750 0.0000000000
85366  45.367  -13.633  45.086 0.0000000000
87904  46.117  -12.162  42.526 0.0000000000
87858  47.875  -11.121  44.923 0.0000000000
86657  50.379  -11.711  43.188 0.0000000000
82625  48.635  -14.461  43.293 0.0000000000
62202  33.046  -28.830  50.731 0.0000000000
89258  52.750  -10.318  31.495 0.0000000000
90384  55.406  -9.222  33.266 0.0000000000
89185  55.611  -9.956  35.669 0.0000000000
86755  54.702  -10.937  36.872 0.0000000000
73607  41.597  -20.791  48.944 0.0000000000
75039  43.917  -19.814  48.533 0.0000000000
76625  45.780  -19.198  47.024 0.0000000000
76679  46.795  -17.909  45.335 0.0000000000
76731  48.749  -17.647  43.969 0.0000000000
70963  39.504  -23.120  47.726 0.0000000000
69401  41.025  -23.439  49.909 0.0000000000
98272  59.199  -2.080  25.928 0.0000000000
95611  54.367  -4.633  29.766 0.0000000000
94290  57.181  -5.513  30.597 0.0000000000
94323  54.625  -5.637  27.545 0.0000000000
86718  48.809  -11.603  38.633 0.0000000000
89106  50.754  -9.662  41.737 0.0000000000
86671  52.802  -11.901  40.937 0.0000000000
60857  27.656  -28.043  53.790 0.0000000000
60855  29.576  -29.138  54.116 0.0000000000
59562  29.385  -29.226  53.579 0.0000000000
86792  49.091  -10.908  35.081 0.0000000000
88025  50.700  -10.563  36.372 0.0000000000
86757  49.414  -11.296  36.683 0.0000000000
62215  36.157  -27.477  49.902 0.0000000000
100790  55.275  -0.972  29.027 0.0000000000
100765  56.711  -0.943  30.311 0.0000000000
99455  55.212  -2.431  29.507 0.0000000000
89254  56.287  -8.984  32.020 0.0000000000
90411  55.727  -8.902  30.500 0.0000000000
91680  56.845  -8.493  30.744 0.0000000000
91721  57.453  -8.491  29.433 0.0000000000
82588  46.407  -14.960  46.384 0.0000000000
82590  45.464  -14.827  46.576 0.0000000000
85344  46.550  -13.804  45.473 0.0000000000
86593  46.828  -12.646  45.311 0.0000000000
85362  47.766  -13.214  45.451 0.0000000000
85392  48.625  -13.178  44.685 0.0000000000
84034  47.958  -14.518  44.344 0.0000000000
62203  32.477  -29.004  50.821 0.0000000000
59588  31.913  -29.982  51.743 0.0000000000
59605  33.028  -30.262  51.320 0.0000000000
89231  51.700  -10.297  33.874 0.0000000000
89260  51.084  -10.283  31.753 0.0000000000
89243  52.642  -10.211  32.480 0.0000000000
89228  54.465  -9.560  32.773 0.0000000000
89215  54.486  -9.502  33.844 0.0000000000
90355  55.522  -9.441  34.356 0.0000000000
89202  54.632  -9.501  35.114 0.0000000000
90324  53.750  -9.307  38.467 0.0000000000
90333  55.269  -9.176  37.622 0.0000000000
87990  54.080  -10.648  37.974 0.0000000000
85494  54.399  -11.639  37.473 0.0000000000
86717  53.899  -11.512  39.137 0.0000000000
72235  42.687  -21.772  48.952 0.0000000000
73606  42.540  -20.219  49.072 0.0000000000
72234  43.453  -21.852  48.453 0.0000000000
73615  44.849  -20.722  46.542 0.0000000000
76654  46.468  -18.446  45.698 0.0000000000
69403  37.622  -24.263  49.269 0.0000000000
69454  38.047  -24.016  48.611 0.0000000000
70952  38.925  -23.495  48.757 0.0000000000
70935  40.641  -22.845  48.903 0.0000000000
69402  40.281  -23.907  50.001 0.0000000000
103383  57.797  1.222  27.673 0.0000000000
100858  58.714  -0.580  26.956 0.0000000000
98218  56.823  -2.491  28.592 0.0000000000
93096  53.896  -7.044  28.651 0.0000000000
91703  52.560  -6.891  28.305 0.0000000000
93067  53.795  -5.875  29.115 0.0000000000
94294  53.391  -5.400  28.915 0.0000000000
94292  54.764  -5.348  30.105 0.0000000000
95601  55.547  -4.883  30.987 0.0000000000
93064  55.764  -5.679  30.589 0.0000000000
91749  55.734  -7.542  27.700 0.0000000000
93107  55.762  -6.409  28.046 0.0000000000
76656  42.876  -18.880  46.929 0.0000000000
76708  43.472  -18.424  45.434 0.0000000000
82643  44.739  -14.805  43.133 0.0000000000
79735  44.251  -16.733  42.614 0.0000000000
87919  46.903  -11.688  42.520 0.0000000000
87958  45.438  -12.287  40.919 0.0000000000
86686  47.074  -11.581  40.955 0.0000000000
86720  46.970  -12.121  39.160 0.0000000000
87955  48.607  -11.352  40.278 0.0000000000
87954  49.520  -10.663  40.674 0.0000000000
87934  49.676  -10.068  41.842 0.0000000000
85429  51.295  -12.699  42.485 0.0000000000
87897  51.624  -11.375  42.180 0.0000000000
84106  52.303  -13.120  41.553 0.0000000000
81220  52.138  -13.275  40.156 0.0000000000
62169  30.441  -29.182  52.860 0.0000000000
58184  30.245  -29.819  53.251 0.0000000000
58217  30.086  -30.502  51.774 0.0000000000
58201  29.646  -29.761  53.086 0.0000000000
89218  51.693  -10.249  34.726 0.0000000000
89203  53.274  -9.945  35.811 0.0000000000
88036  52.335  -10.167  36.302 0.0000000000
88007  52.267  -9.964  37.792 0.0000000000
89156  52.504  -9.766  38.898 0.0000000000
64992  34.623  -27.259  50.309 0.0000000000
69380  34.941  -25.543  49.215 0.0000000000
66415  35.878  -26.305  49.763 0.0000000000
66413  37.384  -25.674  49.680 0.0000000000
66437  38.466  -25.657  49.728 0.0000000000
66463  39.453  -25.306  49.821 0.0000000000
62229  38.243  -26.450  48.738 0.0000000000
103355  57.493  0.511  28.859 0.0000000000
100811  57.881  -0.597  28.315 0.0000000000
100763  57.342  -1.054  29.917 0.0000000000
98206  57.823  -2.139  30.167 0.0000000000
96927  57.693  -3.425  30.241 0.0000000000
88136  53.234  -9.981  29.472 0.0000000000
89267  54.529  -9.484  29.771 0.0000000000
90423  55.058  -8.422  29.003 0.0000000000
91700  55.369  -7.204  28.747 0.0000000000
93079  56.622  -6.313  29.275 0.0000000000
91699  56.359  -7.301  29.060 0.0000000000
91747  57.233  -7.979  28.515 0.0000000000
78171  44.817  -17.236  47.347 0.0000000000
79698  44.424  -16.503  45.378 0.0000000000
79684  44.885  -15.938  46.643 0.0000000000
82613  44.951  -14.719  45.213 0.0000000000
85417  44.905  -13.511  43.248 0.0000000000
86661  44.682  -12.823  42.276 0.0000000000
86640  46.203  -12.702  43.708 0.0000000000
87878  46.936  -11.253  43.954 0.0000000000
87901  48.096  -10.873  43.421 0.0000000000
87900  49.019  -11.056  43.328 0.0000000000
86638  49.211  -11.871  44.142 0.0000000000
85414  49.485  -13.116  43.534 0.0000000000
82640  50.310  -13.704  42.625 0.0000000000
62232  32.249  -28.700  49.942 0.0000000000
63613  32.925  -27.931  50.039 0.0000000000
65016  34.039  -27.311  49.998 0.0000000000
62200  34.057  -28.369  50.680 0.0000000000
59620  33.776  -29.769  50.529 0.0000000000
89257  53.622  -10.224  30.987 0.0000000000
90395  55.291  -9.284  32.313 0.0000000000
91637  56.822  -7.882  33.292 0.0000000000
90382  56.997  -8.925  33.053 0.0000000000
88045  56.353  -10.207  34.224 0.0000000000
86790  55.831  -10.971  34.658 0.0000000000
89186  55.059  -9.575  36.308 0.0000000000
88020  55.296  -10.552  36.226 0.0000000000
72261  41.118  -21.366  47.208 0.0000000000
73626  41.997  -20.121  47.167 0.0000000000
75057  43.141  -19.635  48.250 0.0000000000
76628  43.742  -18.729  48.214 0.0000000000
72244  44.339  -21.582  47.435 0.0000000000
75037  44.982  -20.144  47.680 0.0000000000
78151  45.238  -18.375  47.528 0.0000000000
78150  46.294  -18.274  47.276 0.0000000000
79663  46.697  -16.963  46.390 0.0000000000
79662  46.898  -16.667  45.490 0.0000000000
79682  47.817  -16.244  44.535 0.0000000000
78199  48.053  -17.487  44.546 0.0000000000
70949  40.979  -22.044  48.593 0.0000000000
72237  41.292  -22.005  49.336 0.0000000000
68002  41.517  -23.603  48.772 0.0000000000
66461  40.422  -24.340  49.247 0.0000000000
65035  40.972  -24.276  48.486 0.0000000000
96993  59.987  -2.932  26.211 0.0000000000
98201  54.518  -3.385  29.493 0.0000000000
96928  55.397  -3.814  30.418 0.0000000000
95588  58.007  -4.324  31.979 0.0000000000
95619  57.196  -4.383  29.627 0.0000000000
93093  56.783  -6.407  28.942 0.0000000000
94310  56.553  -5.455  28.810 0.0000000000
95636  55.450  -4.556  28.101 0.0000000000
78215  43.859  -17.426  43.918 0.0000000000
86759  47.350  -11.993  37.076 0.0000000000
86758  48.341  -11.743  36.879 0.0000000000
87993  49.564  -11.278  38.424 0.0000000000
87974  50.914  -10.027  39.682 0.0000000000
89122  52.502  -9.819  40.456 0.0000000000
89094  50.434  -10.015  42.663 0.0000000000
87932  52.059  -10.326  41.850 0.0000000000
87952  52.984  -10.714  39.917 0.0000000000
84139  53.016  -12.238  39.582 0.0000000000
79707  48.485  -15.683  43.646 0.0000000000
79718  48.506  -15.471  43.319 0.0000000000
62161  27.993  -27.823  53.876 0.0000000000
62160  28.881  -28.259  53.510 0.0000000000
60856  28.831  -28.550  53.516 0.0000000000
86773  49.197  -11.121  35.600 0.0000000000
99471  55.554  -1.317  29.416 0.0000000000
99472  54.920  -1.969  28.852 0.0000000000
91652  57.234  -7.929  32.280 0.0000000000
91666  56.847  -8.310  31.676 0.0000000000
165479  57.158  -8.232  31.726 0.0000000000
165474  57.290  -8.612  31.176 0.0000000000
165468  57.558  -8.982  31.593 0.0000000000
82587  47.066  -15.109  46.136 0.0000000000
84015  46.845  -14.414  45.739 0.0000000000
84037  47.093  -13.742  45.499 0.0000000000
84036  47.484  -14.256  45.366 0.0000000000
85361  48.258  -13.719  45.113 0.0000000000
82599  47.407  -14.987  44.972 0.0000000000
59572  31.242  -29.888  52.360 0.0000000000
60867  31.587  -29.764  51.959 0.0000000000
58197  31.999  -30.027  51.801 0.0000000000
56817  31.772  -30.793  51.114 0.0000000000
89230  52.591  -10.200  33.559 0.0000000000
89229  53.599  -9.982  33.221 0.0000000000
90311  53.739  -9.628  38.801 0.0000000000
89154  54.204  -9.672  38.384 0.0000000000
89137  53.982  -10.260  38.580 0.0000000000
86716  54.076  -11.290  38.639 0.0000000000
87973  53.881  -10.489  39.319 0.0000000000
70915  42.623  -22.388  48.438 0.0000000000
70914  43.190  -22.455  48.102 0.0000000000
70921  38.158  -24.115  49.099 0.0000000000
69430  37.653  -23.987  49.040 0.0000000000
70953  38.338  -23.745  48.910 0.0000000000
70937  38.956  -23.642  48.922 0.0000000000
70919  39.623  -23.728  49.090 0.0000000000
69373  39.645  -24.294  49.504 0.0000000000
103382  58.383  1.063  27.548 0.0000000000
102116  58.626  0.541  27.520 0.0000000000
100857  59.444  -0.660  27.134 0.0000000000
100836  58.637  -0.112  27.625 0.0000000000
93095  54.367  -6.818  28.813 0.0000000000
93082  53.943  -6.432  28.917 0.0000000000
93066  54.377  -5.945  29.667 0.0000000000
93065  55.118  -5.919  30.393 0.0000000000
76655  43.673  -18.504  47.225 0.0000000000
76680  43.465  -18.511  46.416 0.0000000000
78186  44.214  -17.566  46.386 0.0000000000
82659  44.450  -14.484  42.097 0.0000000000
82676  44.240  -14.570  41.003 0.0000000000
87956  46.714  -11.632  41.101 0.0000000000
87936  47.300  -11.636  41.569 0.0000000000
86685  47.675  -11.618  40.771 0.0000000000
87935  48.497  -11.118  41.461 0.0000000000
82655  50.933  -13.441  42.374 0.0000000000
84107  51.556  -13.144  42.266 0.0000000000
82654  51.227  -13.525  42.038 0.0000000000
81201  51.383  -13.154  41.056 0.0000000000
60854  30.104  -29.239  54.034 0.0000000000
62170  30.249  -28.971  53.301 0.0000000000
60869  30.518  -29.465  53.562 0.0000000000
58200  29.928  -29.845  52.865 0.0000000000
58185  29.918  -30.208  53.790 0.0000000000
88049  49.602  -10.761  34.251 0.0000000000
88063  49.318  -10.651  33.345 0.0000000000
88048  50.380  -10.585  34.640 0.0000000000
88061  51.011  -10.369  34.230 0.0000000000
88047  51.141  -10.456  35.022 0.0000000000
89204  52.132  -10.139  35.407 0.0000000000
88037  51.410  -10.287  35.815 0.0000000000
88024  51.590  -10.391  36.861 0.0000000000
88008  51.675  -10.108  38.083 0.0000000000
89172  52.605  -9.797  38.072 0.0000000000
63573  35.063  -27.522  50.520 0.0000000000
66416  35.195  -26.570  49.850 0.0000000000
63572  35.608  -27.291  50.285 0.0000000000
62231  36.623  -27.223  49.337 0.0000000000
65013  36.845  -26.313  49.660 0.0000000000
63591  36.906  -26.646  49.573 0.0000000000
66438  37.824  -25.796  49.667 0.0000000000
63590  37.763  -26.350  49.534 0.0000000000
65039  38.266  -26.029  49.437 0.0000000000
100813  55.702  -0.421  28.662 0.0000000000
102099  56.479  0.264  28.513 0.0000000000
102098  57.150  0.397  28.957 0.0000000000
102069  57.369  -0.502  29.659 0.0000000000
102070  56.989  -0.499  29.862 0.0000000000
99433  57.108  -1.853  31.041 0.0000000000
100743  57.307  -1.074  31.041 0.0000000000
99431  57.995  -2.076  30.904 0.0000000000
98198  57.930  -2.814  30.379 0.0000000000
96918  57.865  -3.341  31.319 0.0000000000
89268  53.827  -9.978  29.991 0.0000000000
89278  53.777  -9.551  29.089 0.0000000000
89266  55.129  -8.937  29.680 0.0000000000
90422  55.667  -8.330  29.229 0.0000000000
90433  55.234  -8.050  28.712 0.0000000000
90431  57.697  -8.585  28.959 0.0000000000
91722  57.454  -7.925  28.926 0.0000000000
90451  57.063  -8.426  28.430 0.0000000000
90452  56.382  -8.355  27.949 0.0000000000
89302  56.725  -8.819  28.248 0.0000000000
79666  44.868  -16.013  47.075 0.0000000000
81104  45.308  -15.280  47.136 0.0000000000
84018  45.815  -14.621  45.760 0.0000000000
82600  45.555  -14.990  45.893 0.0000000000
84059  44.933  -13.845  45.069 0.0000000000
84073  44.985  -13.918  44.477 0.0000000000
85395  45.413  -13.492  44.593 0.0000000000
86641  45.481  -13.153  43.739 0.0000000000
85394  45.898  -13.261  44.705 0.0000000000
86617  47.320  -11.884  45.259 0.0000000000
87860  46.964  -12.037  44.326 0.0000000000
87859  47.090  -11.390  44.690 0.0000000000
87877  47.481  -10.712  44.224 0.0000000000
87876  48.427  -10.754  44.193 0.0000000000
86639  48.568  -11.373  44.495 0.0000000000
85391  48.719  -13.501  44.012 0.0000000000
85415  49.228  -12.864  44.219 0.0000000000
84072  48.899  -13.852  43.412 0.0000000000
84090  50.171  -13.373  43.204 0.0000000000
82641  49.554  -14.009  43.095 0.0000000000
62205  30.727  -28.782  51.666 0.0000000000
62233  31.442  -29.068  50.048 0.0000000000
62218  31.558  -29.072  50.803 0.0000000000
62185  32.341  -29.253  51.204 0.0000000000
63576  32.951  -28.303  50.244 0.0000000000
65017  33.556  -27.386  49.968 0.0000000000
63575  33.953  -28.053  50.495 0.0000000000
62201  33.816  -28.532  50.621 0.0000000000
89259  51.844  -10.328  31.711 0.0000000000
88098  52.019  -10.412  30.813 0.0000000000
90394  56.264  -8.805  32.720 0.0000000000
90383  56.026  -8.999  33.230 0.0000000000
91617  56.749  -8.376  33.436 0.0000000000
90368  56.055  -9.231  33.730 0.0000000000
89201  55.548  -9.597  34.861 0.0000000000
89214  56.048  -9.520  34.312 0.0000000000
89200  56.193  -9.989  34.837 0.0000000000
88032  56.182  -10.211  34.536 0.0000000000
88033  55.852  -10.398  34.953 0.0000000000
89187  54.400  -9.395  36.768 0.0000000000
89152  54.451  -10.222  37.210 0.0000000000
89168  55.114  -10.065  36.595 0.0000000000
88021  55.420  -10.829  35.785 0.0000000000
86771  54.980  -11.053  36.391 0.0000000000
73617  41.576  -20.785  47.767 0.0000000000
73605  43.227  -20.391  48.732 0.0000000000
75040  43.302  -19.891  48.624 0.0000000000
76629  43.194  -19.042  47.639 0.0000000000
76604  44.066  -19.167  48.582 0.0000000000
72254  44.488  -21.594  46.863 0.0000000000
75055  45.209  -19.957  46.560 0.0000000000
75036  45.177  -20.152  47.166 0.0000000000
76601  45.323  -19.558  47.315 0.0000000000
76602  45.067  -19.329  47.909 0.0000000000
78133  45.576  -18.886  47.326 0.0000000000
78149  46.641  -18.064  46.421 0.0000000000
78168  46.736  -17.528  45.695 0.0000000000
78167  46.800  -17.159  45.136 0.0000000000
78182  47.591  -17.045  44.612 0.0000000000
76707  47.563  -18.321  44.794 0.0000000000
69379  35.653  -25.477  49.299 0.0000000000
69433  35.244  -25.088  48.593 0.0000000000
69406  35.501  -25.286  48.911 0.0000000000
70964  38.888  -23.453  47.295 0.0000000000
70978  39.123  -23.273  46.639 0.0000000000
70977  39.869  -22.633  46.875 0.0000000000
70976  40.292  -22.140  47.005 0.0000000000
70950  40.449  -22.412  48.301 0.0000000000
72238  41.055  -22.544  49.220 0.0000000000
69372  41.364  -23.121  49.586 0.0000000000
70897  41.926  -22.553  49.265 0.0000000000
69400  41.380  -23.055  49.103 0.0000000000
66462  39.806  -25.039  49.577 0.0000000000
66482  41.462  -24.062  48.148 0.0000000000
99544  59.301  -1.499  26.380 0.0000000000
98287  59.486  -2.680  25.869 0.0000000000
98288  58.878  -2.408  25.062 0.0000000000
89291  53.161  -9.170  28.349 0.0000000000
90437  52.627  -8.417  27.902 0.0000000000
90454  52.887  -7.975  28.009 0.0000000000
95612  53.616  -4.684  29.315 0.0000000000
95620  52.992  -4.720  28.769 0.0000000000
96930  53.819  -3.863  29.424 0.0000000000
96938  53.570  -3.494  29.012 0.0000000000
96929  54.653  -3.879  30.005 0.0000000000
98200  55.270  -3.101  29.786 0.0000000000
94280  56.904  -5.357  31.216 0.0000000000
95599  56.713  -4.483  31.703 0.0000000000
94279  57.512  -5.161  31.235 0.0000000000
94288  57.557  -4.395  30.855 0.0000000000
94300  57.475  -4.797  29.939 0.0000000000
93094  56.359  -6.103  28.512 0.0000000000
94311  55.940  -5.417  28.326 0.0000000000
95626  56.138  -4.598  28.420 0.0000000000
94322  55.261  -5.324  28.008 0.0000000000
78201  44.055  -17.499  44.962 0.0000000000
79708  44.149  -16.554  44.390 0.0000000000
86660  45.339  -12.657  42.668 0.0000000000
86702  45.708  -12.377  40.312 0.0000000000
86719  47.913  -11.843  38.839 0.0000000000
86741  47.222  -12.281  38.096 0.0000000000
86740  48.098  -11.768  37.873 0.0000000000
86739  49.029  -11.499  37.697 0.0000000000
87953  50.295  -10.165  41.083 0.0000000000
87975  50.489  -10.163  39.908 0.0000000000
89124  50.892  -9.979  40.595 0.0000000000
89141  51.194  -9.833  39.884 0.0000000000
89123  51.618  -9.799  40.722 0.0000000000
87899  49.942  -10.911  43.307 0.0000000000
87916  49.589  -10.196  42.909 0.0000000000
89084  50.727  -10.528  42.590 0.0000000000
86673  52.415  -11.849  41.997 0.0000000000
87914  51.748  -10.743  42.099 0.0000000000
87912  52.300  -11.571  41.005 0.0000000000
89104  52.613  -10.269  40.778 0.0000000000
86684  52.671  -11.679  40.638 0.0000000000
86683  52.834  -11.718  40.106 0.0000000000
85458  52.835  -12.330  40.677 0.0000000000
82713  52.082  -13.271  39.228 0.0000000000
78198  48.242  -16.891  44.351 0.0000000000
79681  48.135  -15.849  44.353 0.0000000000
78227  48.506  -16.720  43.774 0.0000000000
62159  29.523  -28.764  53.586 0.0000000000
59575  29.702  -29.919  53.987 0.0000000000
88040  49.110  -10.854  34.666 0.0000000000
88039  49.676  -10.743  35.122 0.0000000000
88026  49.956  -10.881  36.001 0.0000000000
88010  50.161  -10.903  36.703 0.0000000000
59602  35.017  -28.718  50.224 0.0000000000
62216  35.625  -27.790  50.425 0.0000000000
60912  35.667  -28.262  50.265 0.0000000000
60911  36.131  -28.065  49.684 0.0000000000
100789  55.839  -0.770  29.284 0.0000000000
100788  56.375  -0.669  29.572 0.0000000000
100766  56.031  -1.077  29.771 0.0000000000
99454  55.828  -1.938  30.018 0.0000000000
99434  56.487  -2.381  30.745 0.0000000000
90404  55.099  -9.179  31.270 0.0000000000
90412  54.996  -9.228  30.370 0.0000000000
165480  56.487  -8.723  31.162 0.0000000000
91698  57.024  -8.271  29.816 0.0000000000
165478  57.110  -8.481  30.425 0.0000000000
90430  57.577  -8.845  29.437 0.0000000000
81103  46.058  -15.509  47.153 0.0000000000
82589  45.839  -14.741  46.710 0.0000000000
84017  45.952  -14.598  45.852 0.0000000000
84038  46.117  -14.070  45.455 0.0000000000
86594  46.448  -12.880  45.120 0.0000000000
85364  46.330  -13.401  45.365 0.0000000000
85363  46.964  -13.184  45.513 0.0000000000
86591  47.934  -12.705  45.466 0.0000000000
86616  48.330  -12.313  45.172 0.0000000000
85393  48.358  -13.107  45.228 0.0000000000
84058  48.284  -13.731  44.449 0.0000000000
84057  48.138  -14.117  44.008 0.0000000000
60884  31.626  -29.509  51.779 0.0000000000
60883  32.412  -29.595  51.437 0.0000000000
60882  33.338  -29.346  51.060 0.0000000000
59587  32.984  -29.850  51.426 0.0000000000
88079  50.909  -10.365  33.407 0.0000000000
89244  51.449  -10.292  32.670 0.0000000000
89242  53.597  -10.003  32.137 0.0000000000
90369  55.014  -9.235  34.024 0.0000000000
90356  55.235  -9.444  34.644 0.0000000000
89171  53.453  -9.366  37.918 0.0000000000
90334  54.736  -8.834  37.762 0.0000000000
90322  54.901  -9.226  38.226 0.0000000000
89153  54.684  -10.052  37.936 0.0000000000
87989  54.417  -10.590  37.409 0.0000000000
85493  54.464  -11.241  37.429 0.0000000000
85485  54.350  -11.204  37.689 0.0000000000
85486  54.107  -11.408  38.028 0.0000000000
85487  53.947  -11.955  38.169 0.0000000000
73596  41.730  -21.026  49.349 0.0000000000
73595  42.578  -20.966  49.205 0.0000000000
73594  43.267  -21.123  48.609 0.0000000000
73593  43.913  -21.232  48.355 0.0000000000
72253  44.715  -21.257  46.370 0.0000000000
75054  45.382  -19.776  45.846 0.0000000000
76624  45.696  -18.842  46.180 0.0000000000
75077  45.998  -19.347  45.545 0.0000000000
75076  46.514  -19.384  45.304 0.0000000000
69377  37.054  -24.674  49.500 0.0000000000
69432  36.170  -24.909  48.723 0.0000000000
69431  36.908  -24.261  48.971 0.0000000000
69482  37.653  -24.371  47.742 0.0000000000
69481  38.651  -23.671  47.855 0.0000000000
69453  38.950  -23.486  48.330 0.0000000000
69452  39.263  -23.285  48.218 0.0000000000
70936  39.854  -23.375  48.954 0.0000000000
70918  40.656  -23.194  49.414 0.0000000000
100835  59.717  -0.348  27.144 0.0000000000
98217  57.481  -2.065  29.121 0.0000000000
91726  53.607  -7.612  28.501 0.0000000000
91727  52.897  -7.584  28.220 0.0000000000
91702  53.277  -6.984  28.578 0.0000000000
93083  53.095  -6.207  28.622 0.0000000000
94293  54.054  -5.349  29.499 0.0000000000
95610  55.003  -4.631  30.535 0.0000000000
94282  55.138  -5.403  30.980 0.0000000000
94281  56.023  -5.360  31.114 0.0000000000
94291  56.499  -5.702  30.573 0.0000000000
75102  42.499  -19.615  46.586 0.0000000000
81172  44.586  -15.756  43.760 0.0000000000
79720  44.179  -16.670  43.450 0.0000000000
81171  44.638  -15.511  42.999 0.0000000000
81207  44.623  -15.967  41.921 0.0000000000
87920  46.285  -12.008  42.258 0.0000000000
87938  45.825  -12.060  41.566 0.0000000000
87937  46.528  -11.876  41.667 0.0000000000
87957  46.122  -11.847  41.008 0.0000000000
86701  46.796  -12.062  40.415 0.0000000000
86721  45.972  -12.469  39.382 0.0000000000
86700  47.775  -11.808  39.832 0.0000000000
87977  48.561  -11.616  39.420 0.0000000000
87976  49.476  -11.105  39.441 0.0000000000
87933  50.229  -9.828  41.580 0.0000000000
85430  50.416  -12.559  43.152 0.0000000000
86656  51.068  -11.899  42.520 0.0000000000
85446  52.238  -12.521  42.170 0.0000000000
84105  52.714  -13.006  41.298 0.0000000000
84132  52.889  -13.150  40.778 0.0000000000
82672  52.541  -13.089  41.147 0.0000000000
62187  30.599  -28.796  52.419 0.0000000000
59573  30.426  -29.596  53.050 0.0000000000
58199  30.707  -30.249  52.316 0.0000000000
58216  30.979  -30.546  51.603 0.0000000000
58218  29.679  -30.147  52.578 0.0000000000
59576  29.288  -29.572  53.336 0.0000000000
89217  52.486  -10.077  34.628 0.0000000000
88035  52.877  -9.852  36.707 0.0000000000
88023  52.512  -9.902  37.260 0.0000000000
89189  52.958  -9.588  37.576 0.0000000000
89155  53.222  -9.702  38.557 0.0000000000
89139  53.122  -9.862  39.320 0.0000000000
69428  42.766  -22.977  47.798 0.0000000000
66440  34.313  -26.640  49.703 0.0000000000
68005  34.316  -25.771  49.411 0.0000000000
67988  34.892  -25.976  49.552 0.0000000000
67987  35.404  -25.977  49.627 0.0000000000
69353  35.991  -25.493  49.467 0.0000000000
65014  36.131  -26.851  49.793 0.0000000000
66414  36.660  -25.970  49.702 0.0000000000
69352  36.545  -25.242  49.517 0.0000000000
69351  37.126  -24.982  49.642 0.0000000000
69350  37.873  -24.923  49.783 0.0000000000
67968  38.895  -25.099  49.976 0.0000000000
67986  39.350  -25.068  49.926 0.0000000000
66436  39.130  -25.413  49.845 0.0000000000
65038  39.027  -25.528  49.449 0.0000000000
62242  38.336  -26.584  48.124 0.0000000000
103367  57.361  0.919  28.468 0.0000000000
100810  57.875  -0.453  28.806 0.0000000000
102084  57.680  -0.141  29.093 0.0000000000
100787  57.705  -0.726  29.270 0.0000000000
99470  57.614  -1.301  29.649 0.0000000000
100764  57.231  -0.916  30.281 0.0000000000
99452  57.560  -1.212  30.705 0.0000000000
98216  57.679  -1.889  29.588 0.0000000000
98207  57.715  -2.687  29.794 0.0000000000
98208  57.271  -2.858  29.314 0.0000000000
96937  56.852  -3.541  29.179 0.0000000000
89279  52.884  -9.746  28.867 0.0000000000
89290  53.891  -8.856  28.604 0.0000000000
89277  54.578  -8.881  29.084 0.0000000000
89289  54.304  -8.585  28.715 0.0000000000
90434  54.682  -8.242  28.696 0.0000000000
91701  54.762  -6.915  28.789 0.0000000000
93080  56.038  -6.026  29.611 0.0000000000
91723  56.786  -7.401  28.912 0.0000000000
91748  56.608  -7.637  28.406 0.0000000000
78185  44.772  -16.663  46.718 0.0000000000
79685  44.814  -16.626  46.182 0.0000000000
81146  44.752  -15.585  45.277 0.0000000000
81125  44.930  -15.217  46.781 0.0000000000
81145  45.291  -15.571  45.900 0.0000000000
82614  44.694  -15.164  44.974 0.0000000000
82627  44.966  -14.791  44.411 0.0000000000
84074  44.944  -14.011  43.672 0.0000000000
84091  44.578  -13.846  42.856 0.0000000000
85448  44.384  -12.985  41.914 0.0000000000
85432  44.699  -13.170  42.631 0.0000000000
86659  46.303  -12.240  43.051 0.0000000000
86619  46.388  -12.794  44.594 0.0000000000
87861  46.733  -12.459  44.076 0.0000000000
87903  46.585  -11.586  43.080 0.0000000000
87902  47.102  -10.928  43.322 0.0000000000
87917  48.842  -11.002  42.558 0.0000000000
87875  49.135  -11.010  44.047 0.0000000000
86658  49.754  -11.729  43.480 0.0000000000
86615  48.825  -12.598  44.573 0.0000000000
86637  49.697  -12.348  43.544 0.0000000000
84089  50.668  -13.411  42.740 0.0000000000
66465  33.610  -26.607  49.554 0.0000000000
62217  32.378  -28.820  50.403 0.0000000000
65040  33.108  -27.344  49.831 0.0000000000
66441  33.962  -27.057  49.788 0.0000000000
65015  34.459  -27.150  50.084 0.0000000000
63574  34.497  -27.915  50.546 0.0000000000
60899  33.819  -29.055  50.853 0.0000000000
60898  33.942  -28.660  50.739 0.0000000000
59603  34.153  -28.981  50.437 0.0000000000
89241  54.441  -9.667  31.717 0.0000000000
89240  56.256  -8.963  32.329 0.0000000000
90393  56.520  -8.489  32.486 0.0000000000
91636  57.476  -7.809  33.180 0.0000000000
90380  57.884  -8.513  32.515 0.0000000000
90381  57.943  -8.456  33.135 0.0000000000
89226  57.233  -9.575  33.050 0.0000000000
89212  56.648  -9.857  33.720 0.0000000000
90345  55.172  -8.987  37.101 0.0000000000
72270  41.260  -21.446  46.269 0.0000000000
73616  42.418  -20.391  48.048 0.0000000000
75078  42.669  -19.589  47.450 0.0000000000
72245  43.816  -21.946  48.051 0.0000000000
72233  44.142  -21.594  48.141 0.0000000000
73603  44.577  -20.915  48.063 0.0000000000
72243  44.682  -21.023  46.827 0.0000000000
75038  44.567  -20.033  48.270 0.0000000000
76603  44.546  -19.298  48.439 0.0000000000
76626  44.830  -18.721  48.150 0.0000000000
78152  44.595  -18.035  48.103 0.0000000000
78170  45.808  -17.408  47.379 0.0000000000
78169  46.321  -17.458  47.330 0.0000000000
79645  46.561  -17.422  47.093 0.0000000000
79664  46.283  -16.683  47.144 0.0000000000
81102  46.529  -15.851  46.497 0.0000000000
81101  47.228  -15.935  46.041 0.0000000000
81100  47.193  -15.824  45.222 0.0000000000
81124  47.503  -15.677  44.750 0.0000000000
79683  47.178  -16.590  44.853 0.0000000000
78214  48.502  -17.825  44.495 0.0000000000
75124  48.410  -19.261  44.744 0.0000000000
76732  48.785  -18.277  44.379 0.0000000000
69434  34.273  -25.018  48.663 0.0000000000
69456  35.882  -24.785  48.245 0.0000000000
72271  40.694  -21.850  46.674 0.0000000000
72262  40.572  -21.810  47.475 0.0000000000
72255  40.853  -21.451  48.257 0.0000000000
70934  41.038  -22.412  48.846 0.0000000000
72246  41.411  -21.823  49.024 0.0000000000
73597  41.441  -21.248  49.460 0.0000000000
72236  41.841  -21.770  49.251 0.0000000000
70916  41.954  -22.366  48.798 0.0000000000
69399  41.964  -22.931  48.250 0.0000000000
67985  40.006  -24.615  49.788 0.0000000000
68004  40.481  -24.382  50.022 0.0000000000
65036  40.609  -24.432  48.665 0.0000000000
68003  41.267  -23.967  49.592 0.0000000000
64947  28.064  -27.035  54.245 0.0000000000
97015  59.745  -3.420  25.279 0.0000000000
98209  54.900  -2.863  29.203 0.0000000000
98199  55.908  -3.025  30.466 0.0000000000
98191  56.528  -3.230  30.799 0.0000000000
95609  55.638  -4.366  30.781 0.0000000000
96920  56.908  -3.928  31.266 0.0000000000
96919  57.570  -3.545  31.442 0.0000000000
95607  57.589  -3.984  31.141 0.0000000000
96936  57.454  -3.541  29.688 0.0000000000
94302  56.923  -5.998  30.215 0.0000000000
94301  57.087  -5.526  29.649 0.0000000000
95625  56.658  -4.523  29.030 0.0000000000
95637  54.780  -4.552  27.601 0.0000000000
86794  47.604  -11.636  35.059 0.0000000000
86742  46.171  -12.418  38.302 0.0000000000
86776  46.526  -11.956  36.270 0.0000000000
86775  47.494  -11.782  36.080 0.0000000000
86738  49.900  -11.168  37.646 0.0000000000
87992  50.454  -10.725  38.604 0.0000000000
87991  51.115  -10.159  39.238 0.0000000000
89157  51.774  -9.791  39.064 0.0000000000
89140  52.140  -9.740  39.763 0.0000000000
89121  53.118  -10.030  40.103 0.0000000000
89107  50.099  -9.824  42.344 0.0000000000
87898  50.878  -11.098  42.368 0.0000000000
89093  51.320  -10.117  42.339 0.0000000000
89105  51.965  -9.908  41.548 0.0000000000
89103  52.783  -10.615  40.237 0.0000000000
89120  53.428  -10.454  39.609 0.0000000000
87951  53.397  -11.085  39.699 0.0000000000
85478  53.756  -11.829  38.923 0.0000000000
84147  53.459  -12.246  38.842 0.0000000000
82711  52.473  -12.781  39.939 0.0000000000
82736  52.671  -12.804  38.772 0.0000000000
81123  47.919  -15.497  44.417 0.0000000000
81122  48.241  -15.396  44.132 0.0000000000
81144  48.410  -15.201  43.711 0.0000000000
78243  48.398  -16.617  43.401 0.0000000000
81157  48.613  -14.664  43.210 0.0000000000
81170  48.957  -14.184  42.953 0.0000000000
56805  32.060  -30.261  51.714 0.0000000000
56806  31.757  -30.550  51.439 0.0000000000
58182  31.524  -30.041  52.067 0.0000000000
58183  30.885  -30.018  52.534 0.0000000000
58186  29.660  -30.064  53.707 0.0000000000
58196  32.551  -30.299  51.462 0.0000000000
58198  31.405  -30.200  52.017 0.0000000000
59560  30.006  -29.359  54.183 0.0000000000
59561  29.791  -29.294  53.996 0.0000000000
59586  33.511  -29.371  50.984 0.0000000000
59589  31.220  -30.314  52.033 0.0000000000
59590  31.087  -30.290  52.163 0.0000000000
59606  31.268  -30.291  52.016 0.0000000000
59607  30.982  -30.400  52.033 0.0000000000
59617  35.927  -28.438  49.299 0.0000000000
60880  33.987  -28.710  51.295 0.0000000000
60881  33.876  -28.993  51.106 0.0000000000
60897  34.845  -28.370  50.513 0.0000000000
62182  33.850  -28.680  51.317 0.0000000000
62183  33.796  -28.898  50.958 0.0000000000
62184  32.994  -29.120  50.949 0.0000000000
63534  29.501  -28.394  53.381 0.0000000000
63592  36.100  -27.008  49.866 0.0000000000
63593  34.058  -27.716  50.382 0.0000000000
63594  33.373  -27.961  50.251 0.0000000000
63611  38.206  -26.342  49.238 0.0000000000
64989  36.704  -26.147  49.679 0.0000000000
64990  35.944  -26.694  49.875 0.0000000000
64991  35.141  -26.979  50.250 0.0000000000
64993  34.305  -27.515  50.359 0.0000000000
65011  38.688  -26.006  49.321 0.0000000000
65012  37.993  -26.083  49.611 0.0000000000
65062  41.702  -24.224  47.729 0.0000000000
65063  41.177  -24.392  48.126 0.0000000000
66411  38.770  -25.267  49.990 0.0000000000
66412  38.124  -25.336  49.851 0.0000000000
66435  39.724  -25.028  49.780 0.0000000000
66439  34.835  -26.658  49.833 0.0000000000
66460  41.116  -24.077  48.662 0.0000000000
66464  34.041  -26.233  49.552 0.0000000000
67969  38.522  -25.083  50.016 0.0000000000
67970  37.956  -25.121  49.863 0.0000000000
67971  37.256  -25.294  49.674 0.0000000000
67972  36.579  -25.590  49.609 0.0000000000
67973  35.969  -25.889  49.687 0.0000000000
68025  34.228  -25.366  49.119 0.0000000000
68026  33.664  -25.595  49.080 0.0000000000
69348  38.876  -25.158  50.052 0.0000000000
69349  38.478  -24.996  49.981 0.0000000000
69371  41.679  -22.988  49.349 0.0000000000
69374  38.951  -24.784  49.728 0.0000000000
69375  38.348  -24.737  49.674 0.0000000000
69376  37.777  -24.586  49.524 0.0000000000
69378  36.435  -24.981  49.340 0.0000000000
69404  36.950  -24.413  49.285 0.0000000000
69407  34.740  -25.361  49.001 0.0000000000
69450  44.279  -22.268  46.698 0.0000000000
69480  39.026  -23.417  47.994 0.0000000000
70898  41.564  -22.675  49.503 0.0000000000
70899  39.943  -23.913  49.429 0.0000000000
70900  39.262  -24.156  49.253 0.0000000000
70901  38.665  -24.438  49.375 0.0000000000
70902  38.149  -24.410  49.362 0.0000000000
70917  41.098  -22.666  49.544 0.0000000000
70933  43.680  -22.383  47.626 0.0000000000
70938  38.249  -23.919  49.027 0.0000000000
70951  39.631  -23.146  48.521 0.0000000000
70962  40.190  -22.324  47.573 0.0000000000
72227  41.369  -22.149  49.346 0.0000000000
72228  41.205  -22.265  49.468 0.0000000000
72247  40.827  -22.059  49.275 0.0000000000
72256  40.486  -21.940  47.944 0.0000000000
73602  44.847  -20.689  47.142 0.0000000000
73604  43.922  -20.581  48.410 0.0000000000
75056  43.648  -19.430  48.509 0.0000000000
76627  44.332  -18.684  48.353 0.0000000000
76653  46.498  -18.930  45.457 0.0000000000
76706  48.329  -18.430  44.684 0.0000000000
76753  48.515  -17.557  43.692 0.0000000000
78134  45.340  -19.049  47.536 0.0000000000
78153  44.156  -18.246  48.237 0.0000000000
78183  47.053  -17.580  44.855 0.0000000000
78184  46.776  -17.525  45.209 0.0000000000
78200  47.554  -17.595  44.649 0.0000000000
78213  48.482  -17.117  44.163 0.0000000000
79644  46.666  -17.702  46.860 0.0000000000
79695  48.337  -16.160  44.240 0.0000000000
79696  48.022  -16.774  44.459 0.0000000000
79697  45.009  -16.134  45.824 0.0000000000
79719  44.507  -16.116  42.940 0.0000000000
79734  44.513  -16.248  42.379 0.0000000000
79748  44.593  -16.112  42.116 0.0000000000
81188  44.621  -15.661  42.359 0.0000000000
81239  52.111  -13.334  39.778 0.0000000000
82597  48.038  -14.841  44.185 0.0000000000
82598  47.732  -14.946  44.530 0.0000000000
82612  48.313  -14.680  43.811 0.0000000000
82626  44.786  -14.206  44.879 0.0000000000
82642  44.642  -15.249  42.751 0.0000000000
82673  52.028  -13.228  41.349 0.0000000000
82691  52.453  -12.888  40.593 0.0000000000
82692  52.394  -13.009  40.699 0.0000000000
82693  52.025  -12.868  41.108 0.0000000000
82712  52.283  -13.103  39.710 0.0000000000
82735  52.824  -12.534  39.275 0.0000000000
82758  53.169  -12.501  38.699 0.0000000000
84014  47.187  -14.711  45.707 0.0000000000
84016  46.240  -14.424  45.750 0.0000000000
84035  47.943  -14.319  44.714 0.0000000000
84039  45.983  -14.042  45.405 0.0000000000
84040  45.489  -14.134  45.357 0.0000000000
84108  44.349  -13.517  42.113 0.0000000000
84109  44.225  -13.233  41.570 0.0000000000
84120  53.045  -12.767  40.863 0.0000000000
84121  52.657  -12.895  40.993 0.0000000000
84122  52.585  -13.232  41.303 0.0000000000
84131  52.702  -12.595  40.484 0.0000000000
85345  46.231  -13.885  45.416 0.0000000000
85365  45.893  -13.398  45.108 0.0000000000
85416  45.167  -13.547  43.846 0.0000000000
85428  51.910  -12.360  42.402 0.0000000000
85431  45.119  -13.225  43.212 0.0000000000
85444  52.999  -12.215  41.038 0.0000000000
85445  52.792  -12.554  41.275 0.0000000000
85447  51.766  -12.833  42.349 0.0000000000
85459  53.112  -12.761  41.023 0.0000000000
85470  52.912  -12.029  39.918 0.0000000000
85477  54.013  -11.556  38.535 0.0000000000
85503  54.626  -11.277  36.945 0.0000000000
86592  47.506  -12.624  45.456 0.0000000000
86618  46.787  -12.199  44.927 0.0000000000
86620  45.894  -13.179  44.297 0.0000000000
86655  51.987  -11.884  42.376 0.0000000000
86672  52.571  -11.834  41.289 0.0000000000
86675  44.575  -12.699  41.880 0.0000000000
86698  53.924  -11.262  39.307 0.0000000000
86699  53.553  -11.592  39.558 0.0000000000
86736  54.422  -10.954  37.576 0.0000000000
86737  54.113  -11.077  38.043 0.0000000000
86756  50.037  -11.023  37.097 0.0000000000
86772  55.181  -11.216  35.888 0.0000000000
87879  46.853  -12.094  43.630 0.0000000000
87896  52.011  -11.454  42.112 0.0000000000
87913  52.116  -11.431  41.545 0.0000000000
87915  51.300  -10.653  42.342 0.0000000000
87921  45.551  -12.202  42.033 0.0000000000
87929  52.852  -11.403  39.984 0.0000000000
87930  52.562  -11.248  40.478 0.0000000000
87931  52.141  -10.680  41.334 0.0000000000
87950  54.070  -10.915  39.296 0.0000000000
87972  54.131  -10.843  39.071 0.0000000000
88006  54.652  -10.554  36.917 0.0000000000
88022  52.876  -9.703  36.992 0.0000000000
89083  51.088  -10.603  42.409 0.0000000000
89092  51.875  -10.158  42.094 0.0000000000
89142  50.833  -9.928  40.116 0.0000000000
89169  54.996  -9.629  37.112 0.0000000000
89170  53.865  -8.812  37.471 0.0000000000
89173  52.124  -9.815  38.530 0.0000000000
89199  56.334  -10.006  34.397 0.0000000000
89205  51.611  -10.269  35.239 0.0000000000
89213  56.409  -9.478  33.779 0.0000000000
89224  57.596  -9.053  32.144 0.0000000000
89227  56.819  -9.491  33.374 0.0000000000
89236  57.559  -9.169  31.275 0.0000000000
89239  56.389  -8.776  32.341 0.0000000000
89255  56.235  -9.037  32.134 0.0000000000
89276  55.093  -8.617  29.279 0.0000000000
90312  53.533  -9.671  38.779 0.0000000000
90323  54.233  -9.263  38.425 0.0000000000
90335  54.058  -8.897  38.100 0.0000000000
90344  55.248  -9.278  37.064 0.0000000000
90366  57.443  -8.160  33.488 0.0000000000
90367  56.745  -8.705  33.293 0.0000000000
90379  58.047  -8.777  32.697 0.0000000000
90391  57.590  -8.791  32.184 0.0000000000
90402  56.506  -8.586  32.056 0.0000000000
90403  56.049  -9.195  31.917 0.0000000000
90432  57.474  -8.701  28.702 0.0000000000
90435  54.027  -8.207  28.572 0.0000000000
90450  57.468  -8.297  28.671 0.0000000000
91615  57.413  -7.874  33.500 0.0000000000
91616  57.160  -7.939  33.627 0.0000000000
91635  57.569  -8.362  32.658 0.0000000000
91638  56.516  -8.565  33.234 0.0000000000
91650  57.443  -8.585  31.716 0.0000000000
91651  57.340  -8.113  32.063 0.0000000000
91653  56.755  -8.006  32.624 0.0000000000
91654  56.602  -8.027  32.940 0.0000000000
91665  56.835  -8.482  31.031 0.0000000000
91720  57.408  -8.772  30.396 0.0000000000
91724  54.954  -7.757  28.641 0.0000000000
91725  54.450  -7.472  28.616 0.0000000000
93046  55.738  -5.697  30.993 0.0000000000
93047  55.489  -5.773  31.021 0.0000000000
94271  57.371  -5.185  31.900 0.0000000000
94272  56.684  -5.133  31.679 0.0000000000
94273  56.325  -5.042  31.399 0.0000000000
94278  57.680  -4.750  31.118 0.0000000000
94289  57.536  -4.854  30.516 0.0000000000
95589  57.779  -4.524  32.054 0.0000000000
95590  57.001  -4.691  32.086 0.0000000000
95591  56.536  -4.847  31.750 0.0000000000
95597  58.077  -4.281  31.663 0.0000000000
95598  57.906  -4.923  31.710 0.0000000000
95600  56.253  -4.610  31.177 0.0000000000
95608  57.518  -4.009  30.631 0.0000000000
95618  57.514  -4.195  30.095 0.0000000000
96908  57.971  -3.922  31.969 0.0000000000
96909  57.293  -4.009  32.019 0.0000000000
96910  56.920  -4.217  31.883 0.0000000000
96921  56.076  -3.819  30.832 0.0000000000
96926  57.833  -3.317  30.798 0.0000000000
96931  53.333  -4.242  29.151 0.0000000000
96970  60.103  -2.577  26.470 0.0000000000
98188  57.905  -2.479  31.030 0.0000000000
98190  57.108  -2.968  30.963 0.0000000000
98197  58.010  -2.547  30.799 0.0000000000
98210  54.114  -3.016  28.952 0.0000000000
98271  59.730  -2.237  26.419 0.0000000000
99432  57.696  -1.799  31.001 0.0000000000
99451  57.730  -1.725  30.543 0.0000000000
99453  56.572  -1.570  30.779 0.0000000000
100744  56.871  -1.198  31.061 0.0000000000
100870  59.336  -0.967  26.769 0.0000000000
102068  57.527  -0.580  29.496 0.0000000000
102085  57.366  0.040  29.222 0.0000000000
102086  56.798  -0.162  29.437 0.0000000000
102100  55.827  -0.040  28.240 0.0000000000
103354  57.784  0.587  28.799 0.0000000000
103366  58.061  1.083  28.323 0.0000000000
165465  57.593  -9.044  31.169 0.0000000000
165469  57.583  -8.999  31.520 0.0000000000
165472  57.503  -8.804  31.168 0.0000000000
165473  57.150  -8.358  31.522 0.0000000000
165476  57.625  -8.953  28.847 0.0000000000
