#!ascii label  , from subject _151 vox2ras=TkReg
1388
140815  47.414  36.899  0.936 0.0000000000
145529  53.249  43.034  1.750 0.0000000000
132062  53.723  27.111  -1.542 0.0000000000
138237  42.399  34.269  4.530 0.0000000000
136399  43.310  32.385  2.028 0.0000000000
147040  51.433  45.365  0.952 0.0000000000
146217  49.256  44.863  7.291 0.0000000000
147742  50.313  46.912  6.695 0.0000000000
131966  56.358  27.164  6.883 0.0000000000
128910  50.080  24.040  5.988 0.0000000000
142447  52.963  39.591  -2.006 0.0000000000
135677  48.344  31.540  -4.057 0.0000000000
138298  52.256  34.726  -2.388 0.0000000000
137274  53.949  32.748  1.981 0.0000000000
149219  46.471  48.610  1.573 0.0000000000
149212  53.378  48.299  1.634 0.0000000000
133884  48.382  29.666  4.755 0.0000000000
139165  45.615  35.706  2.620 0.0000000000
137265  42.461  33.298  2.000 0.0000000000
138285  44.991  33.695  0.892 0.0000000000
143230  50.155  40.886  1.039 0.0000000000
142419  46.364  39.580  1.833 0.0000000000
146938  48.250  46.368  10.750 0.0000000000
131931  55.583  27.047  11.208 0.0000000000
129843  52.113  26.116  11.025 0.0000000000
129811  50.875  25.426  14.864 0.0000000000
150741  47.703  50.840  -3.378 0.0000000000
143248  54.469  41.121  -1.121 0.0000000000
140869  53.396  37.359  -3.327 0.0000000000
141642  53.413  38.343  -0.491 0.0000000000
140751  52.246  38.106  8.173 0.0000000000
139156  50.983  35.227  4.033 0.0000000000
139120  54.798  35.248  6.117 0.0000000000
137241  53.183  33.274  4.451 0.0000000000
147741  53.255  46.887  5.450 0.0000000000
148500  51.900  47.774  3.311 0.0000000000
147023  53.826  45.593  1.522 0.0000000000
146316  54.933  44.773  -1.451 0.0000000000
133963  51.107  29.843  -3.050 0.0000000000
135618  49.140  31.643  0.905 0.0000000000
134751  51.466  30.108  1.959 0.0000000000
135589  41.216  31.558  3.184 0.0000000000
133890  42.424  29.435  4.461 0.0000000000
149963  52.280  50.008  -0.887 0.0000000000
148537  49.469  47.576  0.824 0.0000000000
146247  50.523  44.311  4.456 0.0000000000
143218  51.991  40.430  2.954 0.0000000000
149159  45.627  48.258  9.448 0.0000000000
147735  46.686  46.201  6.699 0.0000000000
147699  52.454  46.673  9.143 0.0000000000
132021  55.744  26.895  2.076 0.0000000000
133010  53.493  28.084  3.436 0.0000000000
129875  53.339  25.095  7.241 0.0000000000
128885  48.349  23.991  8.359 0.0000000000
141645  50.266  38.206  -0.276 0.0000000000
138291  48.274  34.502  -0.545 0.0000000000
139203  50.744  35.253  -3.155 0.0000000000
136477  51.488  33.250  -5.213 0.0000000000
135664  52.244  31.051  -3.116 0.0000000000
139994  50.760  36.922  1.370 0.0000000000
137286  51.180  33.140  0.316 0.0000000000
134780  54.427  29.847  -0.283 0.0000000000
134732  55.358  29.493  3.119 0.0000000000
133860  53.384  29.085  5.997 0.0000000000
149948  45.275  50.219  -0.573 0.0000000000
151425  48.649  50.921  -0.288 0.0000000000
149216  49.779  48.731  1.633 0.0000000000
150664  52.700  50.759  0.364 0.0000000000
148544  53.816  47.276  -1.002 0.0000000000
144798  52.548  42.201  -0.116 0.0000000000
136428  46.427  32.246  -0.402 0.0000000000
135567  46.343  31.357  4.077 0.0000000000
131999  44.763  27.893  4.017 0.0000000000
131981  49.648  27.131  5.718 0.0000000000
139996  46.792  36.618  1.433 0.0000000000
139171  45.986  35.119  1.995 0.0000000000
139170  46.758  35.398  1.572 0.0000000000
142432  49.010  39.196  0.969 0.0000000000
143232  48.156  40.436  1.614 0.0000000000
141618  46.737  38.567  1.583 0.0000000000
140806  45.950  37.486  1.774 0.0000000000
130820  55.124  26.869  13.549 0.0000000000
130827  53.868  26.255  13.122 0.0000000000
129809  52.613  25.910  15.755 0.0000000000
132013  41.233  27.502  3.103 0.0000000000
144021  54.627  41.813  0.420 0.0000000000
142428  54.143  39.610  0.005 0.0000000000
142413  54.516  40.168  1.070 0.0000000000
140740  53.577  37.792  9.271 0.0000000000
139955  53.199  35.979  7.023 0.0000000000
146253  52.173  45.078  3.021 0.0000000000
147004  53.175  45.981  3.169 0.0000000000
145528  53.914  43.358  1.469 0.0000000000
145527  54.649  43.810  0.747 0.0000000000
133077  52.248  28.423  -3.061 0.0000000000
134783  51.327  30.264  -0.735 0.0000000000
133938  52.672  29.128  -0.389 0.0000000000
139150  41.042  34.612  5.313 0.0000000000
138255  40.913  33.627  3.762 0.0000000000
136419  42.041  32.797  1.328 0.0000000000
136401  41.548  32.745  1.857 0.0000000000
135605  42.176  31.986  2.378 0.0000000000
134723  41.948  30.330  4.266 0.0000000000
135570  43.031  31.021  4.063 0.0000000000
149230  52.487  48.421  0.057 0.0000000000
149925  50.730  49.090  0.215 0.0000000000
147798  50.812  47.027  1.134 0.0000000000
139977  43.481  36.732  4.554 0.0000000000
139979  42.359  35.844  5.603 0.0000000000
146223  50.397  44.942  6.282 0.0000000000
145501  49.609  42.840  4.252 0.0000000000
145485  49.300  43.646  5.830 0.0000000000
146961  49.044  45.371  8.898 0.0000000000
146935  50.668  46.359  10.221 0.0000000000
146959  50.656  45.866  8.364 0.0000000000
146976  51.862  45.742  6.508 0.0000000000
131991  56.415  26.884  4.567 0.0000000000
130899  55.548  25.938  4.244 0.0000000000
129885  55.541  25.550  6.815 0.0000000000
129838  48.668  25.412  11.283 0.0000000000
129855  50.125  25.392  9.481 0.0000000000
128877  46.725  24.413  9.700 0.0000000000
141643  51.754  38.925  -1.108 0.0000000000
140012  50.416  36.999  -1.251 0.0000000000
140836  51.700  37.858  -2.243 0.0000000000
139200  53.253  35.845  -3.320 0.0000000000
139223  52.011  35.251  -5.296 0.0000000000
137326  52.629  33.716  -4.274 0.0000000000
135684  51.737  31.575  -4.581 0.0000000000
136452  52.139  32.632  -3.381 0.0000000000
142385  51.824  39.507  3.970 0.0000000000
141615  52.045  38.422  1.945 0.0000000000
140785  50.948  38.156  3.390 0.0000000000
138248  52.430  34.231  3.624 0.0000000000
138274  50.683  34.116  1.787 0.0000000000
136411  52.328  32.448  0.962 0.0000000000
135625  52.994  31.285  -0.084 0.0000000000
135615  54.477  31.453  0.955 0.0000000000
134760  55.237  30.362  1.135 0.0000000000
135597  55.185  31.692  1.991 0.0000000000
136374  51.786  32.029  4.693 0.0000000000
134714  52.828  30.430  4.284 0.0000000000
149929  46.575  49.848  0.438 0.0000000000
150688  46.914  50.753  -0.638 0.0000000000
149928  47.520  49.887  0.564 0.0000000000
147744  48.513  46.327  6.148 0.0000000000
147765  47.755  46.303  4.505 0.0000000000
147754  49.317  46.477  5.499 0.0000000000
149197  52.863  48.145  2.422 0.0000000000
148514  51.492  48.039  2.724 0.0000000000
149898  52.314  48.834  1.950 0.0000000000
150658  51.160  50.101  0.881 0.0000000000
150655  53.230  49.927  0.888 0.0000000000
149942  53.789  49.517  -0.840 0.0000000000
149228  54.372  48.319  -0.190 0.0000000000
144036  53.928  41.630  -1.635 0.0000000000
145556  53.746  43.665  -1.273 0.0000000000
144030  52.961  41.575  -0.796 0.0000000000
143242  51.585  40.316  -0.139 0.0000000000
137321  48.437  33.337  -2.139 0.0000000000
137309  46.580  33.122  -1.278 0.0000000000
135658  46.755  31.969  -1.878 0.0000000000
135581  49.258  31.260  2.443 0.0000000000
135602  47.637  32.192  2.030 0.0000000000
135566  47.467  31.490  3.853 0.0000000000
133887  45.478  29.200  4.624 0.0000000000
133886  46.456  28.864  4.981 0.0000000000
130885  52.520  26.694  5.792 0.0000000000
131995  52.111  28.134  4.735 0.0000000000
129904  49.793  25.175  5.558 0.0000000000
139158  44.610  35.753  3.672 0.0000000000
138253  42.716  33.895  3.655 0.0000000000
138251  44.322  34.708  3.324 0.0000000000
137263  44.101  33.545  1.866 0.0000000000
137291  44.070  32.985  0.643 0.0000000000
145530  51.015  43.486  1.152 0.0000000000
140796  44.655  37.391  2.963 0.0000000000
131943  55.954  27.267  8.686 0.0000000000
129861  54.949  25.552  8.793 0.0000000000
130839  54.152  26.118  11.316 0.0000000000
129830  50.764  25.682  12.954 0.0000000000
143254  54.138  40.893  -1.609 0.0000000000
141671  53.012  38.655  -2.610 0.0000000000
141670  53.770  38.597  -2.345 0.0000000000
140834  53.785  38.013  -1.635 0.0000000000
140023  52.676  36.462  -1.712 0.0000000000
141568  51.734  38.755  6.572 0.0000000000
139968  50.518  37.177  5.369 0.0000000000
139967  51.146  36.579  5.996 0.0000000000
139144  52.681  35.101  4.857 0.0000000000
139155  53.967  34.543  3.997 0.0000000000
136381  54.030  32.753  3.040 0.0000000000
138223  54.508  34.501  4.900 0.0000000000
138225  53.506  34.060  5.659 0.0000000000
138215  52.216  34.251  6.628 0.0000000000
149204  45.909  47.985  2.171 0.0000000000
148469  52.965  47.231  6.665 0.0000000000
148480  51.956  47.375  5.728 0.0000000000
148478  53.223  47.159  4.740 0.0000000000
148498  53.315  47.295  3.180 0.0000000000
147784  53.878  46.486  1.572 0.0000000000
147808  54.597  46.488  -0.642 0.0000000000
146289  54.881  44.744  0.142 0.0000000000
144812  54.742  43.011  -1.322 0.0000000000
134814  49.108  30.614  -4.093 0.0000000000
135656  48.108  31.506  -1.985 0.0000000000
135641  50.110  31.055  -0.909 0.0000000000
135616  50.303  30.948  1.057 0.0000000000
133902  50.174  29.968  3.454 0.0000000000
128054  47.499  23.627  5.638 0.0000000000
128937  48.743  23.991  4.304 0.0000000000
134726  39.816  31.057  4.468 0.0000000000
137252  41.212  33.441  2.839 0.0000000000
135590  40.520  32.000  3.172 0.0000000000
134725  40.457  30.547  4.088 0.0000000000
133892  40.755  29.608  4.263 0.0000000000
133016  41.576  28.130  3.697 0.0000000000
132012  42.059  27.650  3.207 0.0000000000
150707  50.806  51.180  -1.553 0.0000000000
149946  49.321  49.815  -0.819 0.0000000000
146262  51.804  43.958  2.558 0.0000000000
144767  52.087  42.007  2.025 0.0000000000
144769  50.596  42.340  2.753 0.0000000000
143982  50.712  40.942  3.175 0.0000000000
143194  50.775  40.142  4.659 0.0000000000
143168  51.374  39.640  6.241 0.0000000000
143156  53.009  40.151  7.487 0.0000000000
147704  46.379  46.794  8.266 0.0000000000
147722  48.073  46.593  7.798 0.0000000000
147720  49.715  47.187  7.867 0.0000000000
148442  51.898  47.691  8.827 0.0000000000
147729  53.331  46.982  7.760 0.0000000000
146994  51.960  45.529  4.490 0.0000000000
130950  55.231  26.675  -0.018 0.0000000000
133041  53.890  27.820  0.723 0.0000000000
132022  55.241  26.957  2.322 0.0000000000
130901  53.979  26.560  4.924 0.0000000000
128908  51.635  24.777  6.599 0.0000000000
129862  53.737  25.484  8.529 0.0000000000
128882  51.221  24.490  7.641 0.0000000000
128020  48.516  23.448  6.954 0.0000000000
140813  49.310  37.727  0.213 0.0000000000
140015  48.262  35.918  -0.136 0.0000000000
140013  49.675  36.635  -0.859 0.0000000000
139194  49.799  35.163  -1.714 0.0000000000
137319  49.862  33.670  -2.828 0.0000000000
140050  52.058  36.205  -4.012 0.0000000000
138326  50.998  34.242  -4.637 0.0000000000
136470  50.137  32.358  -4.373 0.0000000000
134822  51.155  30.754  -4.485 0.0000000000
133974  52.071  29.771  -4.213 0.0000000000
133967  53.284  28.896  -3.447 0.0000000000
142415  53.458  39.385  1.890 0.0000000000
140810  52.242  38.027  0.740 0.0000000000
140024  51.765  35.983  -1.169 0.0000000000
139988  50.275  36.374  2.853 0.0000000000
139182  50.517  34.932  0.258 0.0000000000
137306  51.400  33.417  -2.128 0.0000000000
135640  52.012  31.676  -1.270 0.0000000000
134792  53.504  29.784  -1.900 0.0000000000
133074  54.556  27.940  -2.345 0.0000000000
133935  55.344  28.508  0.103 0.0000000000
133917  55.684  28.838  1.968 0.0000000000
133877  55.609  28.681  4.301 0.0000000000
134734  54.209  30.699  3.266 0.0000000000
133879  54.232  29.481  4.354 0.0000000000
132967  55.006  28.577  6.184 0.0000000000
132931  54.549  28.181  8.750 0.0000000000
150712  45.797  50.454  -1.712 0.0000000000
151459  47.699  51.331  -1.602 0.0000000000
151440  49.715  51.959  -0.999 0.0000000000
148501  50.824  47.240  3.654 0.0000000000
149217  48.660  48.704  1.579 0.0000000000
149908  49.219  49.563  0.936 0.0000000000
151423  50.231  51.396  -0.203 0.0000000000
151438  51.854  52.270  -0.666 0.0000000000
151453  52.856  51.002  -1.024 0.0000000000
149245  53.140  48.545  -0.620 0.0000000000
147810  53.199  46.454  -0.351 0.0000000000
147071  54.249  45.556  -1.465 0.0000000000
146306  53.223  44.505  -0.422 0.0000000000
146290  52.518  44.396  0.325 0.0000000000
144799  51.572  42.365  0.553 0.0000000000
143243  50.540  40.278  0.598 0.0000000000
138293  46.939  33.858  0.134 0.0000000000
137299  45.097  32.926  -0.107 0.0000000000
136416  44.457  32.650  0.934 0.0000000000
135630  47.682  31.934  -0.275 0.0000000000
136396  46.343  32.433  1.786 0.0000000000
136385  44.368  32.382  2.761 0.0000000000
134721  43.752  30.253  4.491 0.0000000000
133000  43.972  28.367  4.168 0.0000000000
133909  52.626  29.159  2.643 0.0000000000
133882  50.694  29.413  4.106 0.0000000000
132995  49.211  28.845  5.012 0.0000000000
129928  48.583  24.971  3.684 0.0000000000
131984  46.906  27.412  5.228 0.0000000000
129771  49.968  25.393  16.431 0.0000000000
128825  48.252  24.811  14.577 0.0000000000
140006  47.370  35.988  1.046 0.0000000000
141632  48.282  38.250  0.967 0.0000000000
141617  47.969  38.457  1.256 0.0000000000
140804  47.722  37.941  1.054 0.0000000000
140805  47.217  37.661  1.255 0.0000000000
130806  54.449  26.322  14.979 0.0000000000
144783  53.663  42.317  1.490 0.0000000000
143227  54.575  40.783  1.061 0.0000000000
144009  54.138  41.474  1.352 0.0000000000
146269  53.139  43.850  1.765 0.0000000000
146261  52.661  44.753  2.446 0.0000000000
133076  52.821  28.245  -2.433 0.0000000000
133950  52.449  29.005  -1.513 0.0000000000
133064  53.166  28.281  -1.274 0.0000000000
139149  41.958  34.870  5.229 0.0000000000
138238  41.450  34.098  4.575 0.0000000000
136418  42.618  32.800  1.392 0.0000000000
136400  42.351  32.442  1.702 0.0000000000
135604  42.740  32.085  2.211 0.0000000000
135588  42.114  31.363  3.383 0.0000000000
135587  43.182  31.756  3.079 0.0000000000
148534  52.486  47.500  0.252 0.0000000000
148535  51.332  47.585  0.708 0.0000000000
147797  51.543  46.413  0.879 0.0000000000
139147  43.542  35.753  4.654 0.0000000000
139978  43.016  36.307  5.121 0.0000000000
139148  42.852  35.232  5.047 0.0000000000
146224  49.615  44.655  6.565 0.0000000000
146236  49.864  44.058  5.355 0.0000000000
146973  49.235  45.278  8.214 0.0000000000
146960  49.867  45.616  8.704 0.0000000000
146972  49.716  45.270  7.646 0.0000000000
146971  50.706  45.675  7.483 0.0000000000
131975  56.365  27.311  5.698 0.0000000000
130882  56.369  26.200  5.363 0.0000000000
130868  56.533  26.285  6.390 0.0000000000
129847  47.703  24.917  10.706 0.0000000000
142448  52.412  39.273  -1.601 0.0000000000
141658  51.401  38.033  -1.467 0.0000000000
141657  52.155  38.767  -1.776 0.0000000000
139201  52.750  35.301  -2.811 0.0000000000
138317  53.134  34.512  -4.021 0.0000000000
138308  52.583  34.428  -3.125 0.0000000000
137327  52.380  33.128  -3.754 0.0000000000
137318  52.165  33.419  -2.993 0.0000000000
141585  51.817  39.055  4.508 0.0000000000
141594  51.324  38.476  3.519 0.0000000000
141587  50.898  38.265  4.199 0.0000000000
138263  53.012  34.051  2.855 0.0000000000
137261  52.490  33.377  2.387 0.0000000000
137275  53.043  32.850  1.819 0.0000000000
136424  53.306  31.565  0.510 0.0000000000
136410  53.796  32.054  1.263 0.0000000000
136409  54.749  31.747  1.464 0.0000000000
136394  54.546  32.425  2.248 0.0000000000
136362  51.374  32.456  5.357 0.0000000000
149220  45.383  48.576  1.565 0.0000000000
149911  45.939  49.294  0.991 0.0000000000
149910  47.023  49.255  1.023 0.0000000000
147743  49.495  46.651  6.435 0.0000000000
147753  50.119  46.784  5.927 0.0000000000
149213  52.974  48.955  1.844 0.0000000000
149905  52.580  49.541  1.493 0.0000000000
149904  53.344  49.411  1.029 0.0000000000
149921  54.253  48.888  -0.394 0.0000000000
149229  54.043  48.438  0.503 0.0000000000
143256  53.275  40.356  -1.623 0.0000000000
144029  53.541  41.650  -1.380 0.0000000000
143249  52.751  40.366  -1.244 0.0000000000
142440  52.018  39.460  -0.910 0.0000000000
136462  48.115  32.229  -3.415 0.0000000000
136454  47.250  32.321  -2.592 0.0000000000
135678  47.663  31.859  -3.340 0.0000000000
134717  48.574  30.759  4.139 0.0000000000
135565  48.261  31.486  3.502 0.0000000000
134718  47.417  30.588  4.635 0.0000000000
133885  47.318  29.367  5.137 0.0000000000
130871  51.329  25.735  6.196 0.0000000000
130886  51.506  26.617  5.999 0.0000000000
128920  50.215  24.702  5.785 0.0000000000
139990  44.967  36.296  3.047 0.0000000000
139166  44.968  35.205  2.988 0.0000000000
138276  45.563  34.244  1.602 0.0000000000
138277  44.829  33.912  1.709 0.0000000000
137279  43.628  33.142  1.234 0.0000000000
137278  44.285  33.414  0.996 0.0000000000
144786  50.630  42.327  1.119 0.0000000000
145531  50.113  43.388  1.502 0.0000000000
144012  49.821  41.484  1.396 0.0000000000
142418  47.491  39.472  1.612 0.0000000000
139989  45.449  36.765  2.470 0.0000000000
140795  45.313  37.407  2.366 0.0000000000
139983  44.472  36.751  3.605 0.0000000000
131937  55.645  27.215  9.866 0.0000000000
130844  55.427  26.323  9.983 0.0000000000
130832  54.760  26.562  11.843 0.0000000000
129823  51.922  25.666  14.331 0.0000000000
129829  51.691  25.810  13.439 0.0000000000
129824  50.827  25.528  13.924 0.0000000000
129831  49.807  25.506  12.535 0.0000000000
129825  49.864  25.438  13.527 0.0000000000
150728  46.637  50.546  -2.434 0.0000000000
150742  46.491  50.160  -3.311 0.0000000000
142446  53.985  39.712  -1.927 0.0000000000
142445  54.355  40.337  -1.417 0.0000000000
141641  53.842  38.818  -0.695 0.0000000000
140819  53.500  38.289  -0.887 0.0000000000
140022  53.453  37.009  -2.175 0.0000000000
140820  52.959  37.805  -0.550 0.0000000000
141558  51.908  38.555  7.208 0.0000000000
140762  51.424  37.979  7.194 0.0000000000
139945  51.718  37.563  7.460 0.0000000000
139110  53.583  35.806  7.073 0.0000000000
139122  52.476  35.911  6.339 0.0000000000
139132  53.687  35.279  5.463 0.0000000000
138234  53.108  34.495  4.245 0.0000000000
139143  53.854  34.860  4.692 0.0000000000
139142  54.457  34.582  4.486 0.0000000000
139131  54.566  34.931  5.186 0.0000000000
138200  55.006  34.577  6.798 0.0000000000
138201  54.179  34.518  7.101 0.0000000000
138214  53.314  34.232  6.509 0.0000000000
138187  54.036  34.734  7.838 0.0000000000
148479  52.823  47.353  5.210 0.0000000000
147740  53.433  46.999  4.947 0.0000000000
147015  53.452  45.560  2.276 0.0000000000
147763  53.216  46.679  3.728 0.0000000000
147776  53.503  46.593  2.757 0.0000000000
148512  53.424  47.525  2.246 0.0000000000
147783  54.259  46.395  0.850 0.0000000000
147022  54.340  45.601  0.793 0.0000000000
144028  54.726  42.145  -0.728 0.0000000000
144805  55.060  43.139  -0.837 0.0000000000
144035  54.369  41.974  -1.438 0.0000000000
134803  50.325  30.395  -3.121 0.0000000000
134796  49.823  30.805  -2.376 0.0000000000
134795  50.543  30.482  -1.960 0.0000000000
134771  51.379  30.264  0.249 0.0000000000
134772  50.771  30.771  0.084 0.0000000000
134762  50.711  30.656  1.002 0.0000000000
134752  50.764  30.645  2.068 0.0000000000
134736  50.627  30.225  2.841 0.0000000000
135573  39.320  31.745  4.623 0.0000000000
135572  39.847  32.153  4.127 0.0000000000
137251  42.135  33.425  2.839 0.0000000000
137266  41.663  33.173  2.122 0.0000000000
135607  40.915  32.039  2.833 0.0000000000
136402  40.640  32.599  2.504 0.0000000000
134741  40.837  31.087  3.570 0.0000000000
134742  40.310  31.498  3.845 0.0000000000
134724  41.152  30.305  4.019 0.0000000000
133891  41.532  29.516  4.383 0.0000000000
133002  41.983  28.689  4.286 0.0000000000
133015  42.473  28.112  3.790 0.0000000000
150706  52.004  50.747  -1.078 0.0000000000
150683  51.662  50.414  -0.803 0.0000000000
149246  50.284  48.954  0.243 0.0000000000
149945  50.529  49.681  -0.221 0.0000000000
149247  49.574  49.057  -0.010 0.0000000000
149234  48.978  48.296  0.415 0.0000000000
145504  51.064  43.661  2.856 0.0000000000
146255  50.653  43.918  3.517 0.0000000000
144755  49.565  42.063  3.838 0.0000000000
143206  50.607  40.275  3.812 0.0000000000
143169  50.732  40.023  6.474 0.0000000000
142354  51.916  39.504  6.749 0.0000000000
148462  45.134  46.875  7.550 0.0000000000
148448  45.379  47.303  8.285 0.0000000000
147703  47.353  46.814  8.486 0.0000000000
147702  48.379  46.980  8.540 0.0000000000
147721  49.150  47.072  8.102 0.0000000000
147681  51.516  46.625  9.866 0.0000000000
147680  51.986  47.191  9.819 0.0000000000
148424  51.701  47.442  9.605 0.0000000000
148423  52.395  47.403  9.276 0.0000000000
148440  53.116  47.215  8.366 0.0000000000
147717  53.088  46.744  8.170 0.0000000000
146234  51.231  45.205  5.339 0.0000000000
146982  51.726  45.538  5.523 0.0000000000
146246  51.265  45.091  4.820 0.0000000000
146254  51.627  44.766  3.507 0.0000000000
132032  55.646  27.005  0.723 0.0000000000
132033  55.233  26.843  0.809 0.0000000000
129901  54.678  25.757  5.458 0.0000000000
130900  54.704  26.250  4.571 0.0000000000
129902  53.967  25.900  5.606 0.0000000000
130869  52.884  26.071  6.120 0.0000000000
128895  52.945  25.028  6.722 0.0000000000
129853  52.879  25.771  9.605 0.0000000000
128874  48.834  24.412  8.836 0.0000000000
129864  50.836  24.983  8.541 0.0000000000
128884  49.334  24.151  8.321 0.0000000000
128899  49.746  23.830  7.587 0.0000000000
128004  48.170  23.626  7.619 0.0000000000
128021  47.588  23.512  7.089 0.0000000000
128005  47.453  23.731  7.936 0.0000000000
140812  49.931  38.024  -0.081 0.0000000000
140823  49.302  37.020  -0.318 0.0000000000
140822  50.119  37.581  -0.477 0.0000000000
140025  50.791  36.562  -1.965 0.0000000000
140026  50.068  36.146  -1.505 0.0000000000
139204  50.173  34.968  -2.469 0.0000000000
138311  49.769  34.232  -2.204 0.0000000000
138310  50.268  34.346  -2.990 0.0000000000
141688  53.084  37.897  -3.279 0.0000000000
140852  52.619  37.810  -3.253 0.0000000000
140870  52.896  37.233  -3.694 0.0000000000
138336  51.971  34.597  -5.311 0.0000000000
138325  51.452  34.629  -5.028 0.0000000000
137335  50.979  33.943  -5.000 0.0000000000
137336  50.545  33.446  -4.470 0.0000000000
135695  50.599  32.338  -4.906 0.0000000000
135686  50.183  31.645  -4.583 0.0000000000
135685  50.980  31.640  -4.934 0.0000000000
135674  52.193  31.410  -3.967 0.0000000000
134821  51.906  30.556  -4.332 0.0000000000
134812  52.435  30.211  -3.843 0.0000000000
133968  52.533  29.203  -3.757 0.0000000000
134811  52.897  29.618  -3.519 0.0000000000
143993  52.283  41.091  2.050 0.0000000000
143216  53.650  40.012  2.171 0.0000000000
142404  53.104  39.500  2.392 0.0000000000
140802  51.503  37.911  1.807 0.0000000000
140801  52.168  38.280  1.374 0.0000000000
140811  51.440  37.362  0.884 0.0000000000
140001  51.934  37.123  0.107 0.0000000000
140002  51.012  36.628  0.542 0.0000000000
139146  50.462  36.037  4.282 0.0000000000
139982  50.337  36.620  3.725 0.0000000000
139157  50.483  35.558  3.695 0.0000000000
137287  50.754  33.640  0.604 0.0000000000
138281  50.514  34.275  0.782 0.0000000000
137295  50.863  33.624  -0.001 0.0000000000
138289  51.140  34.534  -0.878 0.0000000000
137294  51.074  33.491  -0.806 0.0000000000
136436  51.519  32.498  -1.542 0.0000000000
134781  53.868  30.150  -0.764 0.0000000000
134782  53.283  30.454  -1.287 0.0000000000
133949  54.074  29.305  -1.706 0.0000000000
133959  54.243  28.618  -2.252 0.0000000000
133948  54.517  28.728  -1.527 0.0000000000
133050  55.227  28.218  -0.564 0.0000000000
133936  54.840  29.022  -0.436 0.0000000000
134749  55.482  29.910  2.380 0.0000000000
133908  55.778  28.839  2.858 0.0000000000
133009  56.212  28.182  3.442 0.0000000000
133896  55.609  28.863  3.731 0.0000000000
136372  53.723  32.837  3.907 0.0000000000
135579  54.016  31.646  2.937 0.0000000000
136382  53.255  32.162  3.538 0.0000000000
133869  52.914  29.622  5.337 0.0000000000
133880  53.456  29.743  4.607 0.0000000000
133868  53.864  29.211  5.328 0.0000000000
132977  54.522  28.802  5.628 0.0000000000
132968  54.133  28.724  6.294 0.0000000000
131953  55.169  28.145  7.724 0.0000000000
149949  44.620  50.042  -0.574 0.0000000000
149950  43.451  49.735  -0.868 0.0000000000
150691  44.347  50.172  -1.185 0.0000000000
150689  45.958  50.439  -0.773 0.0000000000
150687  47.691  50.771  -0.396 0.0000000000
151442  47.481  51.092  -0.933 0.0000000000
151441  48.439  51.261  -0.800 0.0000000000
151458  48.981  51.966  -1.775 0.0000000000
151424  49.213  51.119  -0.284 0.0000000000
148490  51.849  47.387  4.497 0.0000000000
148491  50.513  46.779  4.938 0.0000000000
149215  50.787  48.737  1.828 0.0000000000
149200  50.300  48.186  2.286 0.0000000000
149907  50.450  49.455  1.322 0.0000000000
150665  51.730  50.922  0.478 0.0000000000
150666  50.709  50.794  0.376 0.0000000000
151422  51.287  51.590  -0.102 0.0000000000
151421  52.199  51.570  -0.146 0.0000000000
151437  52.396  51.943  -0.836 0.0000000000
150682  52.706  51.197  -0.430 0.0000000000
149244  53.987  48.481  -1.092 0.0000000000
149253  53.518  49.226  -1.014 0.0000000000
148545  53.231  47.472  -0.430 0.0000000000
147056  54.997  45.670  -1.146 0.0000000000
147070  54.580  45.583  -1.447 0.0000000000
144807  53.141  42.794  -0.696 0.0000000000
146305  53.785  44.602  -1.173 0.0000000000
145557  53.199  43.586  -0.576 0.0000000000
145549  52.466  43.415  0.127 0.0000000000
142430  50.920  39.378  -0.119 0.0000000000
141630  50.080  38.601  0.114 0.0000000000
139185  48.122  35.103  -0.214 0.0000000000
139176  47.813  35.343  0.457 0.0000000000
138292  47.697  34.350  -0.112 0.0000000000
136447  46.093  32.547  -1.095 0.0000000000
137297  46.369  33.296  -0.508 0.0000000000
136438  45.795  32.717  -0.516 0.0000000000
136430  44.689  32.791  0.275 0.0000000000
136429  45.548  32.660  0.041 0.0000000000
135643  48.411  31.617  -1.042 0.0000000000
135644  47.536  31.774  -1.199 0.0000000000
135619  48.023  32.026  0.864 0.0000000000
135603  46.999  32.242  2.518 0.0000000000
135584  46.407  32.177  3.040 0.0000000000
136384  45.246  32.461  2.564 0.0000000000
135585  45.320  32.018  3.441 0.0000000000
135586  44.308  31.870  3.492 0.0000000000
135568  45.177  31.223  4.182 0.0000000000
132999  45.022  28.464  4.368 0.0000000000
133888  44.413  29.298  4.518 0.0000000000
133013  43.805  27.969  3.875 0.0000000000
132010  44.052  27.533  3.514 0.0000000000
133024  53.747  28.132  2.580 0.0000000000
133042  53.237  28.523  1.171 0.0000000000
133025  53.205  28.803  2.984 0.0000000000
132978  50.874  28.151  5.226 0.0000000000
132993  51.490  28.663  4.616 0.0000000000
132994  50.312  28.911  4.887 0.0000000000
132980  48.940  27.983  5.494 0.0000000000
128950  48.323  24.327  3.732 0.0000000000
128949  48.640  24.546  4.084 0.0000000000
128961  48.455  24.680  3.445 0.0000000000
139997  46.090  36.206  1.972 0.0000000000
138275  46.230  34.535  1.501 0.0000000000
142416  49.185  39.774  1.153 0.0000000000
143231  49.308  40.386  1.326 0.0000000000
142417  48.686  39.392  1.273 0.0000000000
130825  55.226  26.920  12.400 0.0000000000
130826  54.886  26.400  12.881 0.0000000000
130821  54.618  26.461  13.923 0.0000000000
129822  52.603  25.951  14.977 0.0000000000
129810  51.777  25.642  15.303 0.0000000000
143241  54.343  41.098  -0.089 0.0000000000
142437  54.387  40.327  -0.606 0.0000000000
142427  54.407  40.244  0.500 0.0000000000
141627  53.756  38.984  0.684 0.0000000000
140741  52.769  38.053  8.707 0.0000000000
139932  52.542  37.587  8.351 0.0000000000
139931  53.134  37.164  8.514 0.0000000000
139942  54.870  35.949  7.666 0.0000000000
146993  52.523  45.906  4.178 0.0000000000
147752  53.023  46.486  4.486 0.0000000000
147016  52.933  45.481  2.792 0.0000000000
146260  53.277  45.007  2.077 0.0000000000
146268  53.707  44.710  1.495 0.0000000000
146267  54.444  44.716  0.796 0.0000000000
144797  54.904  42.854  0.050 0.0000000000
133962  51.627  29.016  -2.929 0.0000000000
133952  51.215  29.792  -2.256 0.0000000000
133951  51.666  29.513  -1.727 0.0000000000
133939  51.917  29.671  -0.611 0.0000000000
133928  52.031  29.744  0.445 0.0000000000
135606  41.403  32.046  2.647 0.0000000000
134740  41.531  30.896  3.682 0.0000000000
135571  42.385  30.762  4.023 0.0000000000
134722  42.820  30.206  4.354 0.0000000000
149923  52.265  49.072  -0.118 0.0000000000
149944  51.753  49.917  -0.554 0.0000000000
149231  51.852  48.426  0.426 0.0000000000
149232  50.825  48.458  0.445 0.0000000000
148536  50.388  47.644  0.780 0.0000000000
140779  43.360  37.146  4.401 0.0000000000
139969  42.523  36.800  5.477 0.0000000000
139135  41.488  35.493  5.819 0.0000000000
146235  50.754  44.923  5.674 0.0000000000
145500  50.084  43.446  3.901 0.0000000000
145495  49.373  43.036  5.115 0.0000000000
146946  48.807  45.659  9.932 0.0000000000
146936  49.829  46.315  10.556 0.0000000000
146945  49.862  45.837  9.685 0.0000000000
146944  50.718  46.115  9.338 0.0000000000
147700  51.575  46.299  8.902 0.0000000000
147718  52.206  46.393  8.174 0.0000000000
147719  51.341  46.175  8.034 0.0000000000
146977  50.786  45.362  6.589 0.0000000000
132020  56.315  26.643  2.682 0.0000000000
130922  56.188  26.219  2.475 0.0000000000
130898  56.195  25.995  4.232 0.0000000000
129916  56.030  25.826  5.296 0.0000000000
129886  54.568  25.439  6.522 0.0000000000
129844  50.551  25.716  10.611 0.0000000000
129854  51.446  25.553  9.550 0.0000000000
129845  49.356  25.436  10.422 0.0000000000
129857  48.382  24.747  9.721 0.0000000000
128876  47.435  24.484  9.433 0.0000000000
141644  51.043  38.596  -0.693 0.0000000000
140821  50.803  37.715  -1.107 0.0000000000
140837  51.143  37.335  -1.700 0.0000000000
140854  51.423  37.048  -2.523 0.0000000000
140048  53.200  36.352  -3.856 0.0000000000
140064  52.880  35.853  -4.559 0.0000000000
139221  53.136  35.390  -4.683 0.0000000000
138324  52.879  34.533  -4.781 0.0000000000
137334  52.322  33.623  -4.861 0.0000000000
136468  51.652  32.658  -5.117 0.0000000000
136458  52.180  32.618  -4.297 0.0000000000
135675  52.264  32.216  -3.790 0.0000000000
135665  52.104  31.903  -3.205 0.0000000000
143204  52.202  40.101  3.423 0.0000000000
142394  52.521  39.547  3.273 0.0000000000
141602  52.466  38.865  2.960 0.0000000000
140793  51.052  38.093  2.932 0.0000000000
140803  50.573  37.016  2.132 0.0000000000
138249  51.153  34.740  3.599 0.0000000000
138265  50.627  34.674  2.699 0.0000000000
138264  51.639  33.937  2.725 0.0000000000
137276  51.497  33.237  1.449 0.0000000000
136412  51.581  32.726  0.681 0.0000000000
136426  51.664  32.302  -0.150 0.0000000000
136425  52.673  31.808  0.421 0.0000000000
134770  54.274  30.417  0.128 0.0000000000
134769  54.844  30.111  0.497 0.0000000000
135614  55.159  31.089  1.208 0.0000000000
135596  55.465  30.792  1.820 0.0000000000
134750  55.214  30.843  2.312 0.0000000000
136373  52.711  32.484  4.226 0.0000000000
135563  52.407  31.479  4.200 0.0000000000
134715  52.098  30.723  4.768 0.0000000000
134705  52.292  30.191  5.139 0.0000000000
149912  44.792  49.254  1.004 0.0000000000
149930  45.456  49.902  0.092 0.0000000000
150671  46.387  50.328  -0.113 0.0000000000
150670  47.146  50.414  0.074 0.0000000000
150669  47.943  50.435  0.162 0.0000000000
147734  47.753  46.312  6.873 0.0000000000
147745  47.470  46.096  5.936 0.0000000000
147755  48.222  46.229  5.141 0.0000000000
149190  52.465  47.988  2.855 0.0000000000
149198  51.944  48.279  2.424 0.0000000000
149214  51.464  48.644  1.997 0.0000000000
149906  51.592  49.313  1.596 0.0000000000
150657  52.161  50.199  1.040 0.0000000000
150681  53.286  50.447  -0.392 0.0000000000
149922  53.819  49.548  0.039 0.0000000000
148543  54.242  47.267  -0.991 0.0000000000
144813  54.243  42.910  -1.622 0.0000000000
145563  54.274  43.782  -1.631 0.0000000000
144806  53.632  42.377  -1.364 0.0000000000
144022  52.622  41.709  -0.258 0.0000000000
144023  52.167  41.432  0.018 0.0000000000
144031  52.425  40.732  -0.483 0.0000000000
142429  51.510  39.703  -0.354 0.0000000000
138301  48.660  34.172  -1.250 0.0000000000
138302  47.855  33.866  -0.897 0.0000000000
137322  47.555  33.048  -2.128 0.0000000000
136455  46.845  32.361  -2.074 0.0000000000
136437  46.283  32.239  -1.173 0.0000000000
135601  48.668  31.674  1.802 0.0000000000
135582  48.429  31.655  2.728 0.0000000000
134719  46.164  30.131  4.624 0.0000000000
131998  45.520  27.740  4.249 0.0000000000
131994  52.709  27.759  4.631 0.0000000000
132992  52.351  28.398  4.301 0.0000000000
131979  51.904  27.631  5.320 0.0000000000
131980  50.715  27.324  5.738 0.0000000000
130888  49.327  26.206  5.606 0.0000000000
139159  43.886  35.272  3.954 0.0000000000
139160  43.169  34.765  4.230 0.0000000000
138252  43.545  34.265  3.520 0.0000000000
138268  43.831  33.890  2.690 0.0000000000
138266  45.382  34.638  2.377 0.0000000000
138267  44.614  34.254  2.545 0.0000000000
137264  43.276  33.372  1.949 0.0000000000
137280  42.861  33.067  1.426 0.0000000000
136417  43.611  32.857  1.170 0.0000000000
146291  51.605  44.286  0.844 0.0000000000
147041  50.951  45.350  1.189 0.0000000000
144013  48.793  41.445  1.600 0.0000000000
141604  45.192  37.941  2.295 0.0000000000
140787  44.320  37.187  3.501 0.0000000000
139984  44.059  36.307  4.159 0.0000000000
146947  47.800  45.912  10.339 0.0000000000
146194  48.035  45.367  9.816 0.0000000000
146206  48.157  45.069  9.133 0.0000000000
131951  56.394  27.091  7.825 0.0000000000
129872  56.195  25.983  7.544 0.0000000000
129860  55.571  25.990  8.986 0.0000000000
129852  54.309  25.944  9.863 0.0000000000
129842  53.500  26.017  10.667 0.0000000000
130833  54.060  26.279  12.161 0.0000000000
130834  52.954  26.332  12.243 0.0000000000
129836  50.751  25.787  11.845 0.0000000000
129832  48.906  25.439  12.212 0.0000000000
143255  53.695  40.527  -1.709 0.0000000000
141656  52.735  39.055  -2.232 0.0000000000
142456  53.444  39.145  -2.354 0.0000000000
141687  53.393  38.043  -2.874 0.0000000000
142438  54.311  39.621  -1.198 0.0000000000
141655  54.234  38.934  -1.735 0.0000000000
140851  53.593  37.616  -2.588 0.0000000000
140034  53.554  36.694  -2.998 0.0000000000
140035  53.071  36.135  -2.515 0.0000000000
139191  52.279  35.440  -1.913 0.0000000000
141577  51.568  38.810  5.304 0.0000000000
141578  50.959  38.360  4.876 0.0000000000
140770  50.725  37.830  5.569 0.0000000000
139134  51.277  35.890  5.493 0.0000000000
139956  52.369  36.287  6.878 0.0000000000
139133  52.183  35.653  5.753 0.0000000000
138235  51.968  34.860  4.205 0.0000000000
138262  54.232  34.076  3.053 0.0000000000
137260  53.967  33.357  2.770 0.0000000000
137248  54.632  33.930  3.198 0.0000000000
137239  54.828  33.910  3.836 0.0000000000
137240  54.209  33.585  4.142 0.0000000000
138224  54.311  34.358  5.294 0.0000000000
137230  52.808  33.529  5.196 0.0000000000
137231  51.835  33.239  5.529 0.0000000000
137219  51.482  33.703  6.135 0.0000000000
148470  52.005  47.473  6.901 0.0000000000
148481  50.992  47.104  6.215 0.0000000000
148489  52.647  47.391  4.149 0.0000000000
148488  53.099  47.196  3.953 0.0000000000
148499  52.815  47.731  3.222 0.0000000000
148513  53.138  47.704  2.804 0.0000000000
148527  53.851  47.578  1.233 0.0000000000
148533  54.154  47.652  0.612 0.0000000000
148526  54.217  47.025  0.753 0.0000000000
147038  54.904  45.657  -0.283 0.0000000000
146304  55.208  44.792  -0.838 0.0000000000
145548  55.091  43.865  -0.370 0.0000000000
145555  55.127  43.897  -1.235 0.0000000000
134815  48.269  30.909  -4.171 0.0000000000
134806  47.760  31.015  -3.467 0.0000000000
134804  49.280  30.719  -3.160 0.0000000000
135655  49.049  31.221  -1.981 0.0000000000
135628  49.728  31.391  0.034 0.0000000000
134784  50.752  30.709  -0.874 0.0000000000
135627  50.365  31.085  -0.248 0.0000000000
135617  49.955  31.234  0.918 0.0000000000
135600  49.543  31.336  1.655 0.0000000000
134737  49.882  30.664  2.844 0.0000000000
134716  49.410  30.409  3.591 0.0000000000
128053  48.317  23.612  5.530 0.0000000000
128064  49.016  23.873  4.724 0.0000000000
128066  47.897  23.683  5.055 0.0000000000
134708  39.422  30.473  4.933 0.0000000000
138254  41.821  33.628  3.753 0.0000000000
137253  40.422  33.372  3.006 0.0000000000
137268  40.104  33.013  2.589 0.0000000000
137267  40.839  33.133  2.342 0.0000000000
136403  40.157  32.704  2.668 0.0000000000
136388  39.910  32.589  3.132 0.0000000000
133893  39.993  29.829  4.585 0.0000000000
133004  40.428  28.689  4.352 0.0000000000
133003  41.141  28.782  4.127 0.0000000000
150684  51.168  50.489  -0.766 0.0000000000
150685  50.247  50.487  -0.883 0.0000000000
147786  50.648  46.296  1.286 0.0000000000
147787  49.676  46.181  1.404 0.0000000000
145514  52.473  43.290  2.081 0.0000000000
144784  52.884  42.380  1.722 0.0000000000
145515  51.541  43.013  2.361 0.0000000000
144768  51.192  42.140  2.447 0.0000000000
143994  51.497  40.963  2.511 0.0000000000
145506  49.870  42.702  3.626 0.0000000000
143995  50.774  41.632  2.751 0.0000000000
143981  51.231  40.790  3.026 0.0000000000
143192  51.821  40.023  3.776 0.0000000000
143193  51.445  39.911  4.250 0.0000000000
142366  51.754  39.326  6.147 0.0000000000
142353  52.441  39.540  7.248 0.0000000000
142342  52.739  39.289  7.652 0.0000000000
147723  46.998  46.457  7.606 0.0000000000
147733  48.814  46.604  7.109 0.0000000000
147732  49.928  47.028  7.364 0.0000000000
147656  50.252  47.514  11.373 0.0000000000
148444  50.145  47.406  9.198 0.0000000000
148459  51.115  47.406  8.186 0.0000000000
148471  50.923  47.202  7.251 0.0000000000
148457  52.741  47.376  7.716 0.0000000000
148468  53.278  47.061  7.347 0.0000000000
147730  53.189  46.812  7.017 0.0000000000
146969  52.596  46.288  7.260 0.0000000000
146975  52.650  46.273  6.163 0.0000000000
146981  52.636  46.103  5.076 0.0000000000
147006  52.098  45.487  3.855 0.0000000000
130963  54.509  26.713  -0.949 0.0000000000
133051  53.909  27.556  -0.115 0.0000000000
132042  54.470  27.177  0.276 0.0000000000
132034  54.591  27.421  1.311 0.0000000000
132007  54.231  27.371  2.997 0.0000000000
130924  55.484  26.225  3.011 0.0000000000
132006  54.798  26.671  3.349 0.0000000000
131993  53.921  27.235  4.283 0.0000000000
131978  53.077  27.172  5.178 0.0000000000
130870  52.106  26.025  6.176 0.0000000000
128909  50.546  24.365  6.305 0.0000000000
129884  56.218  25.821  7.016 0.0000000000
129874  54.676  25.403  7.622 0.0000000000
129863  52.251  25.045  8.212 0.0000000000
129876  52.493  24.776  7.399 0.0000000000
128897  51.417  24.357  6.977 0.0000000000
128898  50.480  23.910  7.120 0.0000000000
128018  50.108  23.807  6.494 0.0000000000
128037  47.939  23.531  6.284 0.0000000000
140814  48.107  37.656  0.777 0.0000000000
140005  47.908  36.453  0.519 0.0000000000
140004  48.608  36.847  0.078 0.0000000000
140014  48.955  36.252  -0.510 0.0000000000
139184  48.730  35.228  -0.644 0.0000000000
139183  49.362  35.757  -1.098 0.0000000000
139195  49.207  34.952  -1.212 0.0000000000
138312  49.096  33.920  -1.918 0.0000000000
137320  49.250  33.448  -2.498 0.0000000000
136461  48.920  32.235  -3.816 0.0000000000
141672  52.284  38.177  -2.677 0.0000000000
140036  51.721  36.712  -3.353 0.0000000000
139202  51.521  35.805  -3.610 0.0000000000
140065  52.321  35.749  -4.704 0.0000000000
139212  51.296  35.084  -3.893 0.0000000000
137328  50.180  33.574  -3.525 0.0000000000
136460  49.807  32.786  -3.905 0.0000000000
135687  49.080  31.616  -4.309 0.0000000000
134824  49.108  31.002  -4.606 0.0000000000
134823  50.153  30.777  -4.479 0.0000000000
133970  50.851  29.855  -3.892 0.0000000000
133975  51.421  29.975  -4.314 0.0000000000
133969  51.705  29.385  -3.810 0.0000000000
133088  52.185  28.721  -3.518 0.0000000000
133087  52.984  28.191  -3.357 0.0000000000
132083  53.707  27.414  -3.089 0.0000000000
143228  53.923  40.594  1.693 0.0000000000
142414  54.089  39.644  1.396 0.0000000000
141613  53.639  39.090  1.267 0.0000000000
141614  52.852  38.738  1.625 0.0000000000
141628  53.224  38.439  0.223 0.0000000000
140010  52.293  36.840  -0.865 0.0000000000
140786  50.629  37.795  3.767 0.0000000000
140794  50.553  37.381  2.827 0.0000000000
139995  50.359  36.189  2.008 0.0000000000
139169  50.250  35.228  1.898 0.0000000000
139175  50.368  35.055  1.005 0.0000000000
139174  50.630  35.761  0.288 0.0000000000
139181  51.036  35.292  -0.478 0.0000000000
139192  51.521  35.154  -1.247 0.0000000000
138299  51.490  34.453  -1.775 0.0000000000
135653  51.887  31.735  -2.313 0.0000000000
135652  52.355  30.991  -2.151 0.0000000000
134793  52.915  30.320  -2.059 0.0000000000
134802  52.755  30.314  -3.027 0.0000000000
133960  53.740  28.894  -2.631 0.0000000000
133075  54.183  28.223  -2.802 0.0000000000
130994  54.216  26.811  -2.286 0.0000000000
132060  55.108  27.314  -1.230 0.0000000000
132040  55.537  27.172  0.001 0.0000000000
133040  55.580  27.801  0.502 0.0000000000
133926  55.128  29.268  0.437 0.0000000000
133925  55.395  28.833  1.018 0.0000000000
133023  56.106  27.676  2.567 0.0000000000
133008  56.396  27.455  3.268 0.0000000000
132988  56.462  27.586  3.969 0.0000000000
132975  56.038  28.246  5.270 0.0000000000
135598  54.660  31.801  2.361 0.0000000000
135578  54.710  31.189  2.603 0.0000000000
134733  54.885  30.251  2.975 0.0000000000
135580  53.144  31.311  3.634 0.0000000000
134713  53.703  30.152  3.881 0.0000000000
133897  54.876  29.463  3.667 0.0000000000
133878  55.049  28.884  4.419 0.0000000000
132976  55.191  28.608  5.315 0.0000000000
131967  56.044  27.895  6.460 0.0000000000
131952  55.769  27.805  7.484 0.0000000000
131944  55.250  27.917  8.334 0.0000000000
131938  55.239  27.736  9.327 0.0000000000
131932  55.156  27.428  11.476 0.0000000000
150711  46.860  50.899  -1.481 0.0000000000
150727  47.366  51.099  -2.229 0.0000000000
152193  49.534  52.227  -1.800 0.0000000000
152192  50.055  52.418  -1.751 0.0000000000
149203  46.991  48.031  2.235 0.0000000000
148515  50.947  47.796  2.829 0.0000000000
149202  48.110  48.068  2.284 0.0000000000
149218  47.549  48.699  1.657 0.0000000000
149909  48.052  49.417  1.136 0.0000000000
149927  48.396  50.021  0.593 0.0000000000
149926  48.971  50.200  0.533 0.0000000000
150659  50.223  50.091  0.770 0.0000000000
150667  49.599  50.565  0.366 0.0000000000
151439  50.876  52.175  -0.696 0.0000000000
152179  51.469  52.574  -1.281 0.0000000000
152178  52.102  52.484  -1.115 0.0000000000
150705  52.831  50.638  -1.078 0.0000000000
150704  53.249  50.502  -1.016 0.0000000000
149961  53.277  49.925  -1.158 0.0000000000
149943  52.604  49.548  -0.755 0.0000000000
147796  52.438  46.450  0.315 0.0000000000
148532  54.356  47.517  -0.097 0.0000000000
148551  54.189  46.899  -1.226 0.0000000000
146317  54.289  44.685  -1.552 0.0000000000
147057  53.787  45.518  -1.020 0.0000000000
147809  53.812  46.414  -0.976 0.0000000000
147058  53.211  45.476  -0.342 0.0000000000
147039  52.490  45.418  0.396 0.0000000000
145550  51.573  43.282  0.740 0.0000000000
144785  51.187  42.867  0.902 0.0000000000
144011  50.384  41.529  1.061 0.0000000000
143244  49.883  40.274  0.958 0.0000000000
142431  49.575  39.555  0.779 0.0000000000
141631  48.823  38.626  0.848 0.0000000000
139177  47.286  35.110  1.018 0.0000000000
138283  46.704  34.340  0.951 0.0000000000
137296  47.140  33.558  -0.652 0.0000000000
137288  46.147  33.500  0.303 0.0000000000
137289  45.317  33.318  0.300 0.0000000000
137290  44.617  33.150  0.367 0.0000000000
136431  44.167  32.852  0.682 0.0000000000
136398  44.333  32.620  1.828 0.0000000000
135657  47.352  31.699  -2.007 0.0000000000
135645  46.783  31.882  -1.247 0.0000000000
136395  47.083  32.339  1.132 0.0000000000
136414  46.278  32.471  0.590 0.0000000000
136415  45.329  32.519  0.803 0.0000000000
136386  43.770  32.176  2.873 0.0000000000
135569  44.033  31.194  4.171 0.0000000000
134720  44.842  30.253  4.567 0.0000000000
133889  43.392  29.349  4.425 0.0000000000
133014  43.373  28.025  3.843 0.0000000000
133052  53.458  28.430  -0.026 0.0000000000
133927  52.675  29.152  0.738 0.0000000000
133919  51.992  29.676  1.430 0.0000000000
133012  52.044  28.908  3.996 0.0000000000
133900  52.086  29.252  3.312 0.0000000000
133901  51.144  29.696  3.236 0.0000000000
133883  49.515  29.683  4.251 0.0000000000
128936  49.244  24.322  4.834 0.0000000000
129905  49.038  25.509  5.191 0.0000000000
129906  48.429  25.651  4.880 0.0000000000
129934  48.478  24.895  3.035 0.0000000000
129921  48.127  25.491  4.230 0.0000000000
131982  48.655  27.090  5.551 0.0000000000
132981  48.024  27.911  5.472 0.0000000000
132996  48.240  28.752  5.309 0.0000000000
132997  47.547  28.551  5.407 0.0000000000
132983  46.497  28.029  5.223 0.0000000000
129785  51.801  25.640  16.211 0.0000000000
129786  50.880  25.447  15.821 0.0000000000
129772  49.004  25.246  16.031 0.0000000000
129788  49.056  25.088  15.025 0.0000000000
128003  48.959  23.676  7.649 0.0000000000
128019  49.534  23.556  6.855 0.0000000000
128022  46.681  23.718  7.291 0.0000000000
128034  50.123  23.947  6.179 0.0000000000
128035  49.705  23.759  5.974 0.0000000000
128036  48.878  23.504  6.140 0.0000000000
128051  49.585  23.921  5.493 0.0000000000
128052  49.162  23.750  5.287 0.0000000000
128065  48.542  23.768  4.836 0.0000000000
128868  47.965  24.642  9.814 0.0000000000
128869  47.433  24.657  10.239 0.0000000000
128875  48.205  24.495  9.186 0.0000000000
128881  51.978  24.568  7.389 0.0000000000
128883  50.248  24.319  7.966 0.0000000000
128886  47.462  24.198  8.696 0.0000000000
128896  52.362  24.662  6.928 0.0000000000
128906  52.909  25.270  6.564 0.0000000000
128907  52.418  25.033  6.606 0.0000000000
128911  46.854  23.777  5.613 0.0000000000
128921  49.818  24.307  5.593 0.0000000000
128922  49.498  24.055  5.260 0.0000000000
128923  47.239  23.835  5.038 0.0000000000
128924  46.593  24.109  5.240 0.0000000000
128935  49.553  24.668  5.250 0.0000000000
128938  47.923  23.913  4.349 0.0000000000
128951  47.644  24.267  3.477 0.0000000000
128962  48.230  24.653  2.843 0.0000000000
129770  50.962  25.412  16.792 0.0000000000
129787  49.946  25.300  15.428 0.0000000000
129812  49.922  25.328  14.477 0.0000000000
129813  49.036  25.188  14.084 0.0000000000
129833  48.089  25.306  12.036 0.0000000000
129835  51.763  26.113  12.458 0.0000000000
129837  49.670  25.526  11.488 0.0000000000
129841  54.217  26.018  10.705 0.0000000000
129846  48.293  25.005  10.361 0.0000000000
129850  55.512  26.168  9.526 0.0000000000
129851  55.201  25.944  9.594 0.0000000000
129856  49.023  24.891  9.440 0.0000000000
129865  49.788  24.777  8.728 0.0000000000
129866  49.243  24.558  8.830 0.0000000000
129873  55.746  25.741  7.910 0.0000000000
129887  53.516  25.551  6.231 0.0000000000
129888  52.637  25.521  6.401 0.0000000000
129889  51.886  25.317  6.384 0.0000000000
129890  51.143  25.081  6.244 0.0000000000
129899  56.176  25.690  6.089 0.0000000000
129900  55.507  25.558  5.832 0.0000000000
129903  50.537  25.107  5.923 0.0000000000
129917  55.583  25.837  4.972 0.0000000000
129918  55.160  25.876  4.787 0.0000000000
129919  49.364  24.931  5.015 0.0000000000
129920  48.930  25.074  4.455 0.0000000000
130788  53.320  26.101  16.215 0.0000000000
130807  53.477  26.158  15.342 0.0000000000
130822  53.244  26.263  14.228 0.0000000000
130823  52.348  25.953  13.796 0.0000000000
130828  52.612  26.251  13.230 0.0000000000
130830  55.621  26.817  10.941 0.0000000000
130831  55.359  26.713  11.414 0.0000000000
130836  55.631  26.738  10.325 0.0000000000
130837  55.374  26.445  10.672 0.0000000000
130838  54.843  26.125  10.916 0.0000000000
130840  53.352  26.181  11.482 0.0000000000
130843  55.732  26.565  9.439 0.0000000000
130845  55.085  26.107  10.235 0.0000000000
130849  56.322  26.618  7.978 0.0000000000
130850  56.054  26.429  8.484 0.0000000000
130856  56.399  26.418  7.367 0.0000000000
130857  56.182  26.205  7.864 0.0000000000
130872  50.867  25.462  6.103 0.0000000000
130883  54.174  26.146  5.226 0.0000000000
130884  53.490  26.385  5.550 0.0000000000
130887  50.431  26.084  6.022 0.0000000000
130889  48.444  26.259  5.343 0.0000000000
130909  56.255  26.060  3.014 0.0000000000
130910  55.874  25.843  3.367 0.0000000000
130911  55.260  26.219  3.732 0.0000000000
130923  55.896  26.049  2.545 0.0000000000
130937  55.460  26.849  0.127 0.0000000000
130938  55.397  26.839  0.349 0.0000000000
130949  55.311  26.825  -0.373 0.0000000000
130961  55.170  26.832  -0.886 0.0000000000
130962  54.883  26.652  -0.776 0.0000000000
130978  55.195  26.984  -1.086 0.0000000000
130979  54.883  26.889  -1.394 0.0000000000
130980  54.322  26.802  -1.561 0.0000000000
130993  54.448  26.942  -2.034 0.0000000000
131934  55.595  27.170  10.764 0.0000000000
131935  55.224  27.689  10.378 0.0000000000
131942  56.281  26.879  8.268 0.0000000000
131976  56.101  28.017  5.876 0.0000000000
131977  53.622  26.853  5.002 0.0000000000
131983  47.673  27.067  5.397 0.0000000000
131992  54.725  26.615  4.001 0.0000000000
132005  56.470  26.743  3.487 0.0000000000
132023  54.389  27.619  2.176 0.0000000000
132024  43.942  27.113  2.974 0.0000000000
132041  54.797  26.735  -0.200 0.0000000000
132050  55.334  27.182  -0.676 0.0000000000
132051  54.612  26.728  -0.678 0.0000000000
132052  54.193  26.927  -0.705 0.0000000000
132061  54.707  27.335  -1.887 0.0000000000
132063  53.454  27.621  -1.449 0.0000000000
132071  54.308  27.112  -2.742 0.0000000000
132072  53.790  26.966  -2.421 0.0000000000
132073  53.409  27.615  -2.048 0.0000000000
132082  54.062  27.475  -3.150 0.0000000000
132084  53.328  27.557  -2.801 0.0000000000
132936  54.626  28.293  7.884 0.0000000000
132950  55.513  28.252  6.662 0.0000000000
132951  54.906  28.374  7.087 0.0000000000
132966  55.676  28.312  5.978 0.0000000000
132969  53.450  28.816  6.644 0.0000000000
132974  56.342  27.711  4.768 0.0000000000
132979  49.941  28.084  5.407 0.0000000000
132982  47.176  28.009  5.440 0.0000000000
132989  56.110  28.353  4.329 0.0000000000
132990  55.616  28.569  4.729 0.0000000000
132991  53.024  28.038  4.048 0.0000000000
132998  45.880  28.260  4.701 0.0000000000
133001  42.936  28.651  4.198 0.0000000000
133011  52.719  28.703  3.637 0.0000000000
133022  56.414  27.098  2.963 0.0000000000
133030  55.667  27.781  1.475 0.0000000000
133031  53.819  28.017  1.689 0.0000000000
133032  53.207  28.669  2.144 0.0000000000
133049  55.456  27.756  -0.254 0.0000000000
133061  55.247  27.694  -0.818 0.0000000000
133062  54.944  28.038  -1.302 0.0000000000
133063  53.580  27.581  -0.850 0.0000000000
133085  54.249  27.695  -3.002 0.0000000000
133086  53.784  28.035  -3.185 0.0000000000
133867  54.525  28.947  4.997 0.0000000000
133871  47.024  28.664  5.374 0.0000000000
133872  46.773  28.398  5.307 0.0000000000
133881  51.503  29.252  3.902 0.0000000000
133898  54.342  29.989  3.593 0.0000000000
133899  52.688  29.061  3.172 0.0000000000
133910  51.850  29.588  2.412 0.0000000000
133911  51.173  30.075  2.527 0.0000000000
133918  52.602  29.170  1.761 0.0000000000
133937  54.331  29.421  -0.938 0.0000000000
133961  52.135  28.796  -2.402 0.0000000000
133976  50.707  30.215  -4.287 0.0000000000
134735  53.539  30.836  3.556 0.0000000000
134738  49.009  31.100  3.279 0.0000000000
134739  41.994  30.840  3.861 0.0000000000
134753  49.974  31.065  2.152 0.0000000000
134759  55.423  29.919  1.543 0.0000000000
134761  51.382  30.198  1.211 0.0000000000
134763  50.397  30.952  0.708 0.0000000000
134768  55.210  29.737  0.940 0.0000000000
134773  50.270  31.140  0.329 0.0000000000
134794  51.129  30.187  -1.515 0.0000000000
134801  53.257  29.652  -2.887 0.0000000000
134805  48.322  30.762  -3.475 0.0000000000
134813  50.021  30.269  -3.945 0.0000000000
134816  47.799  31.301  -3.640 0.0000000000
134825  48.586  31.191  -4.448 0.0000000000
135583  47.555  31.925  3.007 0.0000000000
135591  40.194  32.102  3.608 0.0000000000
135599  50.222  31.017  1.509 0.0000000000
135613  55.363  30.614  1.446 0.0000000000
135623  54.552  30.888  0.620 0.0000000000
135624  53.785  31.045  0.338 0.0000000000
135626  52.366  31.598  -0.408 0.0000000000
135629  48.759  31.791  -0.053 0.0000000000
135631  47.027  31.887  -0.663 0.0000000000
135638  53.306  30.783  -0.547 0.0000000000
135639  52.716  31.013  -1.101 0.0000000000
135642  49.298  31.310  -0.887 0.0000000000
135654  49.785  31.009  -1.608 0.0000000000
135666  48.455  31.005  -2.697 0.0000000000
135667  47.802  31.186  -2.782 0.0000000000
135668  47.380  31.657  -2.776 0.0000000000
135669  46.815  32.089  -2.235 0.0000000000
135676  48.730  31.760  -4.123 0.0000000000
135688  48.605  31.364  -4.358 0.0000000000
135694  50.809  32.127  -5.120 0.0000000000
136361  52.213  32.854  4.857 0.0000000000
136383  45.806  32.427  2.303 0.0000000000
136387  40.252  32.480  2.804 0.0000000000
136393  54.703  32.090  1.750 0.0000000000
136397  45.227  32.549  1.689 0.0000000000
136413  47.049  32.107  0.299 0.0000000000
136427  46.999  31.962  -0.238 0.0000000000
136439  45.203  32.793  -0.123 0.0000000000
136445  51.741  32.564  -2.615 0.0000000000
136446  46.514  32.451  -1.570 0.0000000000
136453  47.905  32.651  -2.749 0.0000000000
136459  52.319  32.628  -3.833 0.0000000000
136463  47.653  32.266  -3.091 0.0000000000
136469  51.122  32.276  -5.307 0.0000000000
136471  49.501  32.195  -4.074 0.0000000000
136478  51.034  32.827  -5.303 0.0000000000
136479  50.640  32.872  -4.906 0.0000000000
137218  52.501  33.839  5.924 0.0000000000
137228  54.538  34.048  4.618 0.0000000000
137229  53.803  33.823  4.879 0.0000000000
137249  54.338  33.513  3.429 0.0000000000
137250  43.014  33.590  2.789 0.0000000000
137259  54.492  33.963  2.988 0.0000000000
137262  51.706  33.514  2.183 0.0000000000
137277  50.722  33.742  1.185 0.0000000000
137281  42.097  33.065  1.454 0.0000000000
137298  45.696  33.066  -0.323 0.0000000000
137307  47.965  33.512  -1.550 0.0000000000
137308  47.308  33.317  -1.417 0.0000000000
137310  46.029  32.882  -0.993 0.0000000000
137317  52.653  33.822  -3.641 0.0000000000
137323  46.952  32.774  -1.876 0.0000000000
137329  49.458  33.058  -3.250 0.0000000000
137330  48.663  32.812  -2.989 0.0000000000
137340  51.889  33.734  -5.199 0.0000000000
137341  51.374  33.778  -5.156 0.0000000000
137342  50.864  33.394  -5.101 0.0000000000
138188  53.498  34.869  7.865 0.0000000000
138202  53.127  34.603  7.401 0.0000000000
138213  54.259  34.450  6.206 0.0000000000
138233  54.747  34.314  4.211 0.0000000000
138236  51.313  35.112  4.120 0.0000000000
138246  54.589  34.273  3.556 0.0000000000
138247  53.650  34.296  3.535 0.0000000000
138250  50.556  35.067  3.207 0.0000000000
138261  54.587  34.108  3.141 0.0000000000
138273  51.329  33.663  2.067 0.0000000000
138282  47.415  34.506  0.614 0.0000000000
138284  45.788  33.953  0.897 0.0000000000
138290  50.675  34.240  -0.116 0.0000000000
138300  49.352  34.458  -1.595 0.0000000000
138309  51.950  34.087  -2.484 0.0000000000
138316  53.251  34.973  -4.568 0.0000000000
138318  51.278  34.751  -4.432 0.0000000000
138319  50.783  34.373  -3.868 0.0000000000
138323  53.167  35.034  -4.953 0.0000000000
138335  52.387  34.455  -5.191 0.0000000000
139109  54.276  35.575  7.043 0.0000000000
139121  53.340  35.650  6.473 0.0000000000
139145  51.195  35.566  4.690 0.0000000000
139154  54.611  34.516  4.020 0.0000000000
139164  50.313  35.476  2.747 0.0000000000
139193  50.475  35.700  -2.226 0.0000000000
139209  53.241  35.427  -4.076 0.0000000000
139210  52.999  35.123  -3.508 0.0000000000
139211  51.699  35.424  -4.541 0.0000000000
139222  52.684  35.203  -5.199 0.0000000000
139235  52.335  34.883  -5.353 0.0000000000
139236  52.267  35.029  -5.383 0.0000000000
139944  52.295  37.219  7.773 0.0000000000
139957  51.493  37.154  7.079 0.0000000000
139966  52.010  36.076  6.258 0.0000000000
139975  50.911  36.104  5.300 0.0000000000
139976  50.459  36.647  4.817 0.0000000000
140003  50.382  36.019  1.134 0.0000000000
140011  51.387  36.310  -0.300 0.0000000000
140037  51.203  36.145  -2.745 0.0000000000
140049  52.604  36.332  -3.995 0.0000000000
140063  53.129  35.767  -4.325 0.0000000000
140752  51.837  38.050  7.682 0.0000000000
140769  51.086  37.872  6.417 0.0000000000
140778  50.510  37.724  4.799 0.0000000000
140835  53.112  37.228  -1.421 0.0000000000
140853  51.939  37.557  -3.091 0.0000000000
140871  52.311  37.052  -3.653 0.0000000000
141541  53.785  38.902  9.578 0.0000000000
141546  53.241  38.888  8.746 0.0000000000
141547  52.735  38.854  8.125 0.0000000000
141557  52.355  38.798  7.540 0.0000000000
141567  52.235  38.985  6.972 0.0000000000
141586  51.485  38.736  4.384 0.0000000000
141593  51.996  39.052  3.812 0.0000000000
141595  50.900  38.208  3.818 0.0000000000
141603  51.867  38.452  2.462 0.0000000000
141616  48.494  38.814  1.168 0.0000000000
141629  50.649  38.866  -0.232 0.0000000000
142341  53.175  39.669  7.833 0.0000000000
142352  53.172  39.968  7.398 0.0000000000
142365  52.102  39.228  6.715 0.0000000000
142376  51.776  39.192  4.660 0.0000000000
142386  51.711  39.503  4.489 0.0000000000
142403  53.596  39.652  1.984 0.0000000000
142439  52.623  39.820  -1.436 0.0000000000
142441  51.325  39.133  -0.543 0.0000000000
142457  53.179  39.134  -2.383 0.0000000000
143205  51.460  40.402  3.350 0.0000000000
143207  50.161  40.285  4.245 0.0000000000
143217  52.684  40.338  2.501 0.0000000000
143229  53.358  40.499  1.983 0.0000000000
143250  52.227  40.191  -0.660 0.0000000000
144008  54.533  41.606  1.034 0.0000000000
144010  53.058  41.268  1.635 0.0000000000
144024  50.968  41.411  0.602 0.0000000000
144037  53.422  41.004  -1.427 0.0000000000
144754  50.114  41.934  3.211 0.0000000000
144782  54.501  42.448  1.054 0.0000000000
144800  51.003  42.051  0.710 0.0000000000
145505  50.335  43.050  3.099 0.0000000000
145516  50.874  42.874  2.606 0.0000000000
145562  54.657  43.845  -1.567 0.0000000000
146248  49.840  43.581  4.597 0.0000000000
146270  51.124  44.017  1.151 0.0000000000
146292  51.006  44.918  1.137 0.0000000000
146937  48.806  46.305  10.665 0.0000000000
146970  51.640  45.929  7.341 0.0000000000
146978  50.156  45.309  7.025 0.0000000000
146983  51.289  45.397  6.068 0.0000000000
147005  52.478  45.496  3.322 0.0000000000
147024  51.016  45.821  1.209 0.0000000000
147025  50.339  45.320  1.287 0.0000000000
147671  48.554  46.725  11.072 0.0000000000
147679  52.494  47.255  9.366 0.0000000000
147697  53.192  47.146  8.570 0.0000000000
147698  52.951  47.178  8.965 0.0000000000
147701  48.852  47.076  8.562 0.0000000000
147716  53.260  47.101  8.307 0.0000000000
147724  45.861  46.517  7.475 0.0000000000
147731  50.387  47.013  7.086 0.0000000000
147751  53.318  46.940  4.583 0.0000000000
147764  52.869  46.153  3.781 0.0000000000
147785  51.077  46.192  1.188 0.0000000000
147795  54.484  46.455  0.219 0.0000000000
147817  54.453  46.324  -1.176 0.0000000000
147818  54.196  46.331  -1.312 0.0000000000
148441  52.611  47.454  8.570 0.0000000000
148443  51.038  47.496  9.034 0.0000000000
148456  53.210  47.152  7.727 0.0000000000
148458  51.954  47.500  7.927 0.0000000000
148460  50.141  47.327  8.244 0.0000000000
148472  50.522  47.270  7.738 0.0000000000
148528  50.026  46.994  1.296 0.0000000000
148550  54.268  46.721  -1.232 0.0000000000
149189  52.723  47.918  2.822 0.0000000000
149196  53.264  48.021  2.147 0.0000000000
149199  51.151  48.275  2.339 0.0000000000
149233  49.898  48.343  0.477 0.0000000000
149243  54.261  48.270  -0.656 0.0000000000
149254  53.089  49.464  -1.092 0.0000000000
149899  51.835  48.755  1.968 0.0000000000
149924  51.345  49.169  0.143 0.0000000000
149941  54.148  48.822  -0.814 0.0000000000
149962  52.729  50.047  -1.113 0.0000000000
150656  52.986  50.139  1.041 0.0000000000
150663  53.273  50.090  0.513 0.0000000000
150668  48.707  50.594  0.152 0.0000000000
150686  48.279  50.771  -0.235 0.0000000000
150710  47.269  51.151  -1.760 0.0000000000
151436  52.840  51.117  -0.878 0.0000000000
151443  47.086  51.027  -1.052 0.0000000000
151457  49.554  52.151  -1.570 0.0000000000
151460  47.257  51.106  -1.254 0.0000000000
152177  52.230  52.322  -0.973 0.0000000000
152180  50.654  52.459  -1.326 0.0000000000
152189  52.058  52.335  -0.938 0.0000000000
