#!ascii label  , from subject _151 vox2ras=TkReg
1512
125160  42.686  20.716  19.878 0.0000000000
124174  50.523  19.313  16.451 0.0000000000
127154  41.264  22.444  3.065 0.0000000000
119914  52.364  15.588  4.270 0.0000000000
119787  44.605  15.658  15.449 0.0000000000
128864  46.569  24.614  11.391 0.0000000000
121949  51.152  16.652  9.815 0.0000000000
125290  39.752  20.192  -1.089 0.0000000000
127046  45.726  22.703  18.089 0.0000000000
121779  50.551  17.920  22.194 0.0000000000
120814  50.995  16.257  12.602 0.0000000000
129966  46.792  25.720  -1.712 0.0000000000
124380  44.660  19.958  -5.408 0.0000000000
123090  42.197  18.139  9.405 0.0000000000
122067  47.004  18.143  2.415 0.0000000000
128101  41.133  24.159  -0.060 0.0000000000
126082  48.531  21.780  23.611 0.0000000000
122924  45.912  18.087  21.180 0.0000000000
119791  47.910  15.779  13.688 0.0000000000
128941  44.463  24.561  4.183 0.0000000000
128963  47.502  24.488  2.468 0.0000000000
128978  43.374  24.130  0.767 0.0000000000
166109  43.965  23.714  -2.791 0.0000000000
125287  42.703  20.903  -0.824 0.0000000000
122983  45.571  19.072  17.292 0.0000000000
124208  42.440  20.397  14.140 0.0000000000
123029  45.232  18.605  13.409 0.0000000000
120934  52.435  16.543  5.573 0.0000000000
120916  48.733  16.454  6.506 0.0000000000
123135  51.111  17.897  2.891 0.0000000000
122108  50.107  17.787  -0.745 0.0000000000
120996  49.918  16.199  2.383 0.0000000000
115681  46.275  12.123  2.585 0.0000000000
121838  41.021  17.626  18.356 0.0000000000
118705  44.135  14.959  21.403 0.0000000000
128025  43.644  23.613  7.631 0.0000000000
124196  55.981  18.865  15.022 0.0000000000
123041  50.956  18.905  12.266 0.0000000000
123055  55.923  18.681  11.926 0.0000000000
120887  56.048  16.579  7.392 0.0000000000
129743  50.211  25.520  18.564 0.0000000000
128741  50.212  24.591  23.011 0.0000000000
125133  48.593  20.495  21.329 0.0000000000
124099  51.039  19.053  19.845 0.0000000000
120748  46.730  16.704  18.801 0.0000000000
121874  50.576  17.444  17.179 0.0000000000
121870  53.901  17.466  16.728 0.0000000000
120823  54.746  17.221  12.002 0.0000000000
125175  37.626  20.720  18.559 0.0000000000
130912  47.307  25.778  2.686 0.0000000000
130955  43.951  26.495  0.356 0.0000000000
166100  42.827  23.713  -3.484 0.0000000000
124376  41.851  20.201  -4.075 0.0000000000
123215  44.103  18.581  -1.963 0.0000000000
128850  45.729  24.230  14.871 0.0000000000
127107  42.275  22.283  10.763 0.0000000000
125242  40.781  20.214  6.296 0.0000000000
121934  47.309  17.626  9.979 0.0000000000
123110  44.302  18.021  5.454 0.0000000000
124307  43.685  19.402  1.660 0.0000000000
124337  45.902  19.406  -1.571 0.0000000000
122130  46.990  17.695  -2.720 0.0000000000
128093  40.622  23.794  0.981 0.0000000000
128992  41.542  25.365  0.588 0.0000000000
126105  45.354  21.470  21.526 0.0000000000
124090  44.070  19.611  20.172 0.0000000000
128067  42.473  23.890  3.887 0.0000000000
128954  44.154  24.585  3.128 0.0000000000
128083  42.207  23.646  1.804 0.0000000000
128099  42.251  23.108  -0.235 0.0000000000
126246  42.061  21.309  1.016 0.0000000000
122995  47.783  18.714  16.392 0.0000000000
123006  45.966  18.756  15.493 0.0000000000
124190  47.677  19.172  14.551 0.0000000000
122043  53.341  17.212  3.939 0.0000000000
122026  51.977  17.194  4.279 0.0000000000
120979  52.468  16.680  3.853 0.0000000000
120994  51.301  16.913  2.079 0.0000000000
119930  50.953  16.168  3.403 0.0000000000
119917  49.642  14.826  3.922 0.0000000000
118864  50.845  14.436  4.414 0.0000000000
119729  41.164  14.858  20.599 0.0000000000
128007  45.512  23.731  8.352 0.0000000000
127998  44.362  23.565  9.527 0.0000000000
121887  57.768  17.901  14.245 0.0000000000
124228  56.119  19.145  13.569 0.0000000000
123034  58.633  18.194  12.666 0.0000000000
120862  57.561  17.435  8.428 0.0000000000
120929  57.322  17.410  5.694 0.0000000000
122002  55.754  17.515  4.969 0.0000000000
124048  49.617  19.590  23.394 0.0000000000
126091  50.637  21.608  23.934 0.0000000000
125111  51.629  20.176  24.077 0.0000000000
124086  48.923  19.496  20.595 0.0000000000
124068  52.159  18.623  22.049 0.0000000000
119761  44.292  15.646  18.549 0.0000000000
119741  44.854  15.645  19.734 0.0000000000
120781  45.648  16.506  16.653 0.0000000000
120815  49.825  16.070  12.792 0.0000000000
120788  48.677  16.595  15.608 0.0000000000
120796  50.644  16.758  14.790 0.0000000000
121872  52.342  17.334  16.942 0.0000000000
120794  52.690  17.171  14.969 0.0000000000
121900  54.406  17.276  14.242 0.0000000000
120824  53.141  16.466  11.725 0.0000000000
117757  56.322  13.155  11.231 0.0000000000
128998  47.700  24.815  -0.325 0.0000000000
129935  48.284  25.085  2.213 0.0000000000
130952  47.549  25.839  -0.237 0.0000000000
130941  45.918  26.390  1.028 0.0000000000
130967  45.691  26.308  -0.901 0.0000000000
130997  43.507  25.901  -2.466 0.0000000000
129976  44.818  25.361  -3.495 0.0000000000
126278  44.074  21.369  -5.304 0.0000000000
126280  42.660  21.605  -4.485 0.0000000000
124374  43.532  20.098  -5.065 0.0000000000
123229  42.627  19.317  -3.107 0.0000000000
123240  44.830  18.555  -4.211 0.0000000000
128784  47.352  24.119  18.454 0.0000000000
128795  48.131  24.772  16.680 0.0000000000
127936  45.216  23.115  16.421 0.0000000000
124239  41.546  19.615  11.753 0.0000000000
126182  41.793  21.242  12.091 0.0000000000
124242  40.558  20.093  10.039 0.0000000000
126203  40.923  21.500  8.436 0.0000000000
124255  41.193  19.112  8.013 0.0000000000
121915  50.818  17.938  10.882 0.0000000000
123062  48.485  18.577  11.351 0.0000000000
121952  48.798  17.080  9.531 0.0000000000
122030  47.605  17.434  4.360 0.0000000000
121989  46.798  17.123  6.126 0.0000000000
122032  45.401  17.998  4.147 0.0000000000
123139  44.016  18.785  3.552 0.0000000000
123150  45.491  18.695  2.110 0.0000000000
124327  44.931  19.535  -0.161 0.0000000000
123179  46.744  18.702  0.306 0.0000000000
119971  48.654  15.913  -0.541 0.0000000000
122120  48.913  17.454  -1.687 0.0000000000
121019  47.530  16.444  -0.765 0.0000000000
121021  46.247  16.890  0.184 0.0000000000
128854  48.278  25.186  13.132 0.0000000000
126248  40.612  21.933  0.923 0.0000000000
126254  41.346  22.090  -0.211 0.0000000000
128743  48.076  24.410  22.752 0.0000000000
126982  46.347  22.417  22.483 0.0000000000
125127  47.528  20.602  22.255 0.0000000000
121768  48.128  17.840  22.226 0.0000000000
119793  46.386  15.675  14.204 0.0000000000
128952  46.561  24.448  3.361 0.0000000000
128976  46.132  24.593  1.204 0.0000000000
129000  45.621  24.959  -1.125 0.0000000000
129010  45.247  24.870  -2.155 0.0000000000
128991  43.502  23.982  -0.765 0.0000000000
166094  43.165  22.602  -2.569 0.0000000000
125315  44.039  20.312  -4.144 0.0000000000
125171  44.737  20.883  18.023 0.0000000000
127069  43.706  21.675  15.941 0.0000000000
124192  43.992  19.481  16.021 0.0000000000
123031  42.921  19.011  13.634 0.0000000000
123067  43.355  18.157  11.426 0.0000000000
119877  51.810  15.734  7.628 0.0000000000
120890  49.587  16.009  7.821 0.0000000000
120914  50.988  16.108  6.304 0.0000000000
122028  49.815  17.183  4.200 0.0000000000
122065  49.156  17.608  2.539 0.0000000000
123162  48.433  18.157  1.109 0.0000000000
123160  50.769  18.064  1.452 0.0000000000
121011  50.173  17.016  0.306 0.0000000000
119953  48.900  15.620  1.362 0.0000000000
116751  47.153  12.479  3.607 0.0000000000
124127  41.716  19.346  18.893 0.0000000000
121812  43.634  17.619  19.636 0.0000000000
119744  42.176  15.981  19.974 0.0000000000
118748  42.975  14.454  19.412 0.0000000000
119783  42.833  15.055  16.791 0.0000000000
128039  45.996  23.913  6.590 0.0000000000
128041  43.993  24.100  6.366 0.0000000000
128068  41.673  23.353  4.645 0.0000000000
124185  52.607  19.401  15.865 0.0000000000
124201  50.097  19.456  14.400 0.0000000000
124214  52.973  19.324  13.951 0.0000000000
123039  53.068  18.637  12.491 0.0000000000
121928  53.642  17.610  10.477 0.0000000000
121924  57.677  18.300  10.260 0.0000000000
121946  55.075  17.350  9.777 0.0000000000
120846  53.159  16.724  9.403 0.0000000000
120889  53.977  15.997  7.094 0.0000000000
122023  54.225  17.325  4.351 0.0000000000
120957  53.997  16.355  4.085 0.0000000000
117842  53.239  13.910  4.223 0.0000000000
129717  49.746  25.635  20.799 0.0000000000
127882  48.027  23.916  20.339 0.0000000000
127855  49.977  23.513  24.548 0.0000000000
126991  49.008  22.586  22.101 0.0000000000
127002  46.573  22.043  20.083 0.0000000000
125156  46.905  19.934  19.626 0.0000000000
124123  48.324  18.886  18.177 0.0000000000
124152  50.673  19.374  17.563 0.0000000000
121785  44.655  16.891  20.987 0.0000000000
120704  46.844  16.789  21.300 0.0000000000
121809  48.775  17.258  20.185 0.0000000000
120789  47.444  16.534  15.587 0.0000000000
121856  48.339  17.415  18.032 0.0000000000
121807  50.901  17.399  19.906 0.0000000000
121805  52.719  17.481  19.672 0.0000000000
124118  54.012  18.763  19.208 0.0000000000
124172  52.883  19.348  16.981 0.0000000000
121868  55.330  17.966  16.168 0.0000000000
121889  56.143  17.582  14.803 0.0000000000
120822  56.109  17.093  11.508 0.0000000000
119827  54.595  15.718  10.203 0.0000000000
119839  56.422  14.741  9.955 0.0000000000
125172  40.380  20.291  19.043 0.0000000000
124130  39.231  19.654  18.376 0.0000000000
124160  36.811  19.236  17.703 0.0000000000
130890  47.742  26.174  4.897 0.0000000000
132008  45.932  27.236  3.908 0.0000000000
129969  42.383  25.633  -1.013 0.0000000000
127180  42.128  23.445  -1.771 0.0000000000
166095  41.992  22.081  -2.013 0.0000000000
166107  43.672  23.396  -4.277 0.0000000000
166099  41.997  21.815  -2.897 0.0000000000
124354  40.559  19.663  -2.566 0.0000000000
128861  45.854  24.245  12.814 0.0000000000
127973  43.721  22.742  14.462 0.0000000000
127983  43.612  23.108  13.006 0.0000000000
127992  44.232  23.649  10.534 0.0000000000
128010  42.752  22.984  9.118 0.0000000000
127134  41.100  22.337  6.535 0.0000000000
126225  40.769  21.517  4.431 0.0000000000
124234  47.838  19.051  12.658 0.0000000000
123065  45.540  18.145  11.563 0.0000000000
121937  44.182  17.601  10.134 0.0000000000
121963  47.555  16.825  8.212 0.0000000000
121965  45.669  17.206  8.176 0.0000000000
123101  42.737  18.049  7.566 0.0000000000
123121  42.864  18.528  5.443 0.0000000000
124290  42.469  19.481  3.731 0.0000000000
125266  42.096  20.348  1.958 0.0000000000
125276  43.591  19.798  0.399 0.0000000000
124351  44.542  19.675  -1.543 0.0000000000
124362  46.051  19.567  -3.813 0.0000000000
123196  48.174  18.774  -0.977 0.0000000000
124347  47.696  19.151  -3.399 0.0000000000
123246  46.565  18.649  -4.220 0.0000000000
123213  45.579  18.084  -1.924 0.0000000000
116793  45.306  12.253  0.539 0.0000000000
129944  41.438  25.667  1.293 0.0000000000
130945  41.734  26.484  1.593 0.0000000000
125150  43.005  21.171  20.306 0.0000000000
125149  43.506  20.681  20.306 0.0000000000
124091  43.511  19.955  19.906 0.0000000000
128076  41.621  23.256  3.470 0.0000000000
128075  42.303  23.757  2.774 0.0000000000
128084  41.672  23.180  2.435 0.0000000000
127168  41.742  22.310  0.949 0.0000000000
126247  41.634  21.803  1.699 0.0000000000
124175  49.503  19.199  16.179 0.0000000000
123004  48.018  18.880  15.625 0.0000000000
124188  49.332  19.365  15.199 0.0000000000
119928  53.013  16.363  4.045 0.0000000000
122044  52.639  17.089  3.903 0.0000000000
120980  51.437  16.731  3.076 0.0000000000
120959  52.045  16.117  3.913 0.0000000000
119915  51.284  15.615  3.985 0.0000000000
118863  51.893  14.582  4.419 0.0000000000
129839  47.852  25.170  11.192 0.0000000000
128870  46.608  24.543  10.518 0.0000000000
128878  45.938  24.201  9.943 0.0000000000
128871  45.815  24.343  10.845 0.0000000000
121912  57.981  17.283  12.233 0.0000000000
123020  58.354  18.156  13.357 0.0000000000
121903  58.945  17.669  12.468 0.0000000000
120928  58.278  17.119  5.568 0.0000000000
122019  58.006  17.570  4.531 0.0000000000
122020  57.413  17.628  4.197 0.0000000000
124341  39.685  19.582  -1.218 0.0000000000
121760  49.569  18.278  23.208 0.0000000000
124047  50.405  19.756  23.864 0.0000000000
122909  51.202  18.612  23.266 0.0000000000
124055  51.862  19.464  22.982 0.0000000000
122921  51.714  18.500  22.638 0.0000000000
119774  44.183  15.857  17.209 0.0000000000
120766  45.027  16.277  17.763 0.0000000000
120792  44.661  16.054  15.984 0.0000000000
120806  50.223  16.417  13.675 0.0000000000
120805  51.497  16.601  13.895 0.0000000000
120795  51.955  16.915  15.141 0.0000000000
120813  52.304  16.737  12.886 0.0000000000
129955  47.337  25.450  -1.055 0.0000000000
129949  48.056  25.274  -0.273 0.0000000000
130965  47.538  25.995  -1.069 0.0000000000
130966  46.906  26.305  -1.076 0.0000000000
130983  46.153  25.924  -1.699 0.0000000000
130995  45.180  25.757  -2.352 0.0000000000
129967  45.550  25.469  -2.081 0.0000000000
125323  44.405  20.618  -5.808 0.0000000000
125332  43.739  21.418  -6.868 0.0000000000
123254  44.177  19.991  -6.024 0.0000000000
123249  44.088  19.697  -5.487 0.0000000000
123248  44.690  19.097  -5.165 0.0000000000
127909  46.215  23.081  18.374 0.0000000000
127919  46.590  23.776  17.460 0.0000000000
127921  45.365  22.789  17.007 0.0000000000
123086  41.556  18.880  10.508 0.0000000000
124241  40.976  19.698  10.522 0.0000000000
124244  41.021  19.261  9.672 0.0000000000
124248  40.647  19.656  8.950 0.0000000000
123094  41.595  18.477  8.676 0.0000000000
121930  51.510  17.301  10.370 0.0000000000
121931  50.289  17.695  10.416 0.0000000000
121950  50.579  16.944  9.832 0.0000000000
122049  47.264  17.736  3.394 0.0000000000
122031  46.515  17.672  4.288 0.0000000000
122050  46.163  18.086  3.231 0.0000000000
123136  45.937  18.383  2.581 0.0000000000
123149  46.311  18.494  2.026 0.0000000000
123164  46.548  18.547  1.245 0.0000000000
123163  47.360  18.375  1.183 0.0000000000
119964  47.733  15.207  0.101 0.0000000000
119977  48.470  16.053  -1.040 0.0000000000
119972  47.857  15.839  -0.711 0.0000000000
119973  47.351  16.033  -0.372 0.0000000000
127175  40.901  23.060  0.155 0.0000000000
127875  46.086  23.695  21.755 0.0000000000
127876  45.267  23.185  21.635 0.0000000000
124074  45.712  19.743  20.867 0.0000000000
125135  46.715  20.509  21.698 0.0000000000
124059  47.258  19.788  21.754 0.0000000000
124058  47.988  19.452  22.293 0.0000000000
122923  46.839  18.124  21.565 0.0000000000
128925  45.889  24.388  5.216 0.0000000000
128939  46.775  24.184  4.407 0.0000000000
128940  45.608  24.519  4.308 0.0000000000
128966  43.824  24.529  2.012 0.0000000000
128965  45.084  24.519  2.161 0.0000000000
128977  44.790  24.622  0.996 0.0000000000
128989  45.881  24.698  0.067 0.0000000000
128990  44.601  24.489  -0.285 0.0000000000
129001  44.466  24.395  -1.616 0.0000000000
127167  42.155  21.914  0.056 0.0000000000
127173  42.383  22.061  -1.600 0.0000000000
166092  42.823  21.128  -1.534 0.0000000000
125316  43.345  21.365  -2.968 0.0000000000
166093  43.321  20.795  -2.275 0.0000000000
124156  45.211  19.664  17.570 0.0000000000
124178  44.330  19.912  16.776 0.0000000000
124191  44.538  19.356  16.527 0.0000000000
123016  45.035  18.740  14.548 0.0000000000
123030  44.064  18.695  13.583 0.0000000000
123049  43.156  18.547  12.621 0.0000000000
123048  44.275  18.376  12.533 0.0000000000
119893  52.213  15.903  6.899 0.0000000000
119894  51.420  15.845  6.957 0.0000000000
120935  51.590  16.545  5.565 0.0000000000
122027  50.952  17.301  4.361 0.0000000000
122046  50.588  17.591  3.299 0.0000000000
122047  49.441  17.398  3.435 0.0000000000
122064  50.008  17.667  2.766 0.0000000000
123161  49.691  17.852  1.502 0.0000000000
123146  50.696  18.056  2.358 0.0000000000
120995  50.857  16.693  2.059 0.0000000000
121003  50.893  17.201  1.240 0.0000000000
121004  50.213  16.585  1.356 0.0000000000
119962  49.500  16.207  0.807 0.0000000000
119942  49.228  15.624  2.155 0.0000000000
119933  48.488  14.883  3.029 0.0000000000
117846  49.493  13.375  4.407 0.0000000000
117847  48.700  13.345  4.007 0.0000000000
122965  41.527  18.637  18.543 0.0000000000
121837  42.153  17.721  18.568 0.0000000000
120752  41.908  16.557  18.867 0.0000000000
119718  41.937  14.918  21.074 0.0000000000
118749  42.497  14.190  18.889 0.0000000000
119763  42.660  14.587  18.379 0.0000000000
118756  42.149  14.492  18.094 0.0000000000
128024  44.734  23.706  7.469 0.0000000000
128042  42.708  23.659  6.746 0.0000000000
128056  42.882  24.050  5.280 0.0000000000
124197  54.935  19.068  15.317 0.0000000000
124198  53.495  19.280  15.008 0.0000000000
124213  54.262  19.163  14.007 0.0000000000
123037  55.459  18.993  12.718 0.0000000000
123038  54.247  18.791  12.808 0.0000000000
123056  54.756  18.539  11.890 0.0000000000
123077  53.167  17.998  11.019 0.0000000000
123076  54.136  18.108  11.091 0.0000000000
123088  59.220  17.363  10.552 0.0000000000
121943  58.336  18.018  9.750 0.0000000000
120863  56.441  16.809  8.326 0.0000000000
120843  56.753  17.265  9.072 0.0000000000
120844  55.687  16.939  9.093 0.0000000000
120845  54.470  16.847  9.079 0.0000000000
120864  55.220  16.546  8.252 0.0000000000
120865  53.837  16.164  8.202 0.0000000000
120888  54.891  16.316  7.301 0.0000000000
122022  55.280  17.196  4.539 0.0000000000
122003  54.693  17.386  4.995 0.0000000000
120956  54.722  16.588  4.298 0.0000000000
119911  55.233  15.909  4.213 0.0000000000
118860  54.675  14.949  4.068 0.0000000000
129696  50.978  25.539  23.035 0.0000000000
129707  50.897  26.198  21.689 0.0000000000
129708  50.107  25.429  22.295 0.0000000000
128760  48.721  24.757  20.389 0.0000000000
128750  49.169  24.706  21.560 0.0000000000
127857  48.116  23.430  23.542 0.0000000000
128733  48.656  24.014  23.683 0.0000000000
126958  49.598  22.765  25.026 0.0000000000
126101  50.034  21.117  23.115 0.0000000000
126092  50.029  21.914  23.254 0.0000000000
126102  49.243  21.448  22.432 0.0000000000
126992  47.924  22.468  21.317 0.0000000000
126113  47.511  21.505  20.936 0.0000000000
125146  46.562  20.825  20.092 0.0000000000
125145  47.376  20.427  20.342 0.0000000000
122935  50.673  19.187  20.430 0.0000000000
124101  48.701  19.235  19.451 0.0000000000
124100  49.915  19.078  19.736 0.0000000000
124122  49.649  19.275  18.475 0.0000000000
124121  50.853  19.299  18.715 0.0000000000
120717  43.703  16.380  20.762 0.0000000000
121797  44.453  17.413  20.540 0.0000000000
120707  44.588  16.315  21.128 0.0000000000
120749  45.554  16.295  18.983 0.0000000000
120731  45.646  16.151  20.268 0.0000000000
120730  46.410  16.502  19.870 0.0000000000
121795  47.575  17.098  21.254 0.0000000000
120747  47.282  16.865  19.034 0.0000000000
119792  47.240  15.824  13.899 0.0000000000
120800  46.390  15.971  14.789 0.0000000000
120799  46.940  16.182  14.676 0.0000000000
120778  49.185  17.164  16.456 0.0000000000
121855  49.383  17.440  18.096 0.0000000000
121831  50.078  17.427  19.010 0.0000000000
121830  51.063  17.497  18.917 0.0000000000
121806  51.861  17.327  19.765 0.0000000000
121829  52.010  17.449  18.818 0.0000000000
121871  53.146  17.235  16.847 0.0000000000
121827  53.714  17.681  18.556 0.0000000000
121826  54.130  17.854  18.065 0.0000000000
124149  54.139  19.241  18.319 0.0000000000
122994  54.755  18.478  17.371 0.0000000000
124170  54.929  19.075  17.466 0.0000000000
121869  54.728  17.820  16.619 0.0000000000
120811  54.630  17.447  12.947 0.0000000000
121890  55.247  17.356  14.994 0.0000000000
121907  55.503  17.455  13.177 0.0000000000
121914  55.985  17.385  12.402 0.0000000000
118811  54.568  14.183  9.684 0.0000000000
118809  56.085  14.469  10.028 0.0000000000
118793  56.604  14.241  10.360 0.0000000000
126130  39.871  21.634  19.255 0.0000000000
126138  38.016  21.553  18.663 0.0000000000
125174  38.637  20.698  18.693 0.0000000000
124131  38.162  19.885  18.343 0.0000000000
124158  38.538  19.168  17.943 0.0000000000
129929  48.087  25.317  3.280 0.0000000000
130902  47.118  26.249  4.001 0.0000000000
131996  47.112  26.803  4.899 0.0000000000
131997  46.363  27.288  4.592 0.0000000000
130913  46.085  26.661  3.178 0.0000000000
130954  45.172  26.487  0.144 0.0000000000
129951  42.421  26.145  0.194 0.0000000000
130969  43.220  26.390  -0.436 0.0000000000
129978  42.900  25.116  -2.538 0.0000000000
166110  42.498  23.823  -2.762 0.0000000000
166096  42.252  22.780  -2.946 0.0000000000
129011  44.360  24.118  -2.852 0.0000000000
129018  44.812  24.343  -3.603 0.0000000000
166097  43.964  23.544  -3.418 0.0000000000
125318  42.229  20.828  -4.283 0.0000000000
126281  42.065  21.351  -3.716 0.0000000000
125309  41.492  20.421  -3.532 0.0000000000
125303  41.373  20.807  -2.858 0.0000000000
125310  41.004  20.063  -3.355 0.0000000000
123231  40.890  19.380  -2.509 0.0000000000
124352  41.732  19.637  -3.163 0.0000000000
129759  50.050  25.440  17.482 0.0000000000
128827  46.338  24.273  15.589 0.0000000000
128807  48.183  24.810  15.586 0.0000000000
128826  47.365  24.546  15.073 0.0000000000
128848  47.462  24.720  14.029 0.0000000000
128857  45.866  24.124  13.845 0.0000000000
126170  43.106  21.400  15.019 0.0000000000
127085  43.509  21.923  15.476 0.0000000000
127092  42.705  21.822  14.109 0.0000000000
126184  42.030  21.788  11.638 0.0000000000
127099  43.021  22.672  12.424 0.0000000000
127103  42.924  22.699  11.469 0.0000000000
127988  43.564  23.152  11.985 0.0000000000
127994  42.831  22.728  10.657 0.0000000000
127999  43.478  23.307  9.820 0.0000000000
127110  42.157  22.508  9.552 0.0000000000
126211  40.518  21.118  7.280 0.0000000000
127127  41.429  22.352  7.818 0.0000000000
126218  40.769  21.332  5.779 0.0000000000
125248  41.217  20.239  5.017 0.0000000000
124216  50.831  19.273  13.451 0.0000000000
124218  48.839  19.537  13.406 0.0000000000
124232  49.400  19.392  12.687 0.0000000000
123082  47.937  18.168  10.656 0.0000000000
123063  47.571  18.442  11.389 0.0000000000
121935  46.253  17.655  10.220 0.0000000000
121918  44.834  17.755  10.900 0.0000000000
121955  45.450  17.452  9.207 0.0000000000
120891  48.873  16.286  7.462 0.0000000000
120871  48.167  16.593  8.140 0.0000000000
120892  48.057  16.540  7.234 0.0000000000
121991  44.956  17.576  6.143 0.0000000000
121978  45.831  17.196  7.081 0.0000000000
121979  44.852  17.417  7.329 0.0000000000
121980  43.783  17.628  7.437 0.0000000000
121992  44.306  17.633  6.780 0.0000000000
123112  42.581  18.349  6.419 0.0000000000
123111  43.701  18.027  6.220 0.0000000000
124288  43.930  19.020  2.985 0.0000000000
124280  43.015  19.111  4.186 0.0000000000
124298  43.446  19.336  2.476 0.0000000000
125258  41.840  20.022  3.162 0.0000000000
124308  42.886  19.669  1.693 0.0000000000
124317  43.259  19.589  0.996 0.0000000000
124326  45.775  19.360  -0.544 0.0000000000
124338  44.948  19.631  -1.094 0.0000000000
124350  44.923  19.569  -2.107 0.0000000000
124349  46.014  19.580  -2.715 0.0000000000
123177  49.203  17.985  0.021 0.0000000000
123178  47.860  18.361  0.179 0.0000000000
123195  49.339  18.321  -1.119 0.0000000000
122128  48.391  17.776  -2.193 0.0000000000
124334  48.240  18.739  -2.906 0.0000000000
123225  47.808  18.032  -3.242 0.0000000000
124360  47.334  18.821  -3.940 0.0000000000
122136  46.940  17.984  -3.355 0.0000000000
123239  45.995  18.316  -3.708 0.0000000000
122123  46.299  17.713  -2.189 0.0000000000
121013  46.098  16.621  0.884 0.0000000000
122112  46.043  17.659  -0.740 0.0000000000
117871  46.583  13.199  2.019 0.0000000000
115682  45.918  12.120  1.869 0.0000000000
128982  40.419  24.229  1.507 0.0000000000
128981  40.979  24.876  1.215 0.0000000000
128993  41.389  24.919  0.064 0.0000000000
126993  44.884  22.414  21.526 0.0000000000
126106  44.600  21.816  21.273 0.0000000000
125147  45.223  20.514  20.915 0.0000000000
124088  45.672  18.855  20.800 0.0000000000
128942  43.415  24.420  4.079 0.0000000000
128955  43.085  24.375  2.987 0.0000000000
128967  42.812  24.206  1.958 0.0000000000
128979  42.617  23.954  1.345 0.0000000000
128090  42.759  23.683  -0.080 0.0000000000
128100  42.008  22.950  0.602 0.0000000000
126253  42.291  21.292  -0.196 0.0000000000
122981  47.184  18.652  17.265 0.0000000000
122997  45.689  18.802  16.576 0.0000000000
122996  46.692  18.691  16.415 0.0000000000
123005  47.264  18.878  15.279 0.0000000000
123015  46.400  18.788  14.230 0.0000000000
122005  52.986  16.967  5.016 0.0000000000
122006  52.172  17.001  5.045 0.0000000000
122045  51.576  17.371  3.332 0.0000000000
122063  51.412  17.574  2.342 0.0000000000
119931  50.386  15.786  3.465 0.0000000000
119932  49.337  15.313  3.239 0.0000000000
119916  50.193  15.093  3.999 0.0000000000
117845  50.438  13.416  4.533 0.0000000000
121858  40.535  17.098  18.175 0.0000000000
119764  41.270  16.064  18.917 0.0000000000
119765  40.688  15.709  18.882 0.0000000000
128006  46.554  23.894  8.282 0.0000000000
127996  46.183  23.943  9.125 0.0000000000
128008  44.504  23.608  8.500 0.0000000000
123011  56.859  18.284  14.946 0.0000000000
124212  55.551  19.040  14.314 0.0000000000
124210  57.388  18.630  14.091 0.0000000000
123036  56.610  19.160  12.778 0.0000000000
123054  57.088  18.962  11.909 0.0000000000
121976  58.596  17.408  8.237 0.0000000000
120885  58.404  17.398  7.637 0.0000000000
120907  57.914  17.301  6.575 0.0000000000
120908  56.784  16.890  6.496 0.0000000000
120909  55.635  16.663  6.450 0.0000000000
122001  56.811  17.761  4.949 0.0000000000
122021  56.463  17.439  4.183 0.0000000000
129684  50.657  25.603  24.027 0.0000000000
125114  49.044  21.269  23.677 0.0000000000
126081  49.449  21.798  24.463 0.0000000000
125113  49.772  20.719  23.817 0.0000000000
125112  50.767  20.590  24.048 0.0000000000
125132  49.794  20.508  22.275 0.0000000000
124071  49.573  19.900  21.390 0.0000000000
124070  50.592  19.651  22.002 0.0000000000
124069  51.619  19.288  21.988 0.0000000000
124083  52.208  18.794  21.022 0.0000000000
119742  43.852  15.069  19.723 0.0000000000
119726  44.347  15.209  20.608 0.0000000000
119760  44.915  15.900  18.970 0.0000000000
120750  44.940  16.045  18.569 0.0000000000
120765  46.095  16.730  17.770 0.0000000000
120807  49.010  16.166  13.444 0.0000000000
120798  48.123  16.174  14.401 0.0000000000
120797  49.412  16.493  14.587 0.0000000000
120787  49.836  16.878  15.627 0.0000000000
120776  50.765  17.333  16.601 0.0000000000
121873  51.404  17.429  16.935 0.0000000000
121885  51.794  17.243  16.311 0.0000000000
121884  52.442  17.117  16.061 0.0000000000
121883  53.297  17.150  16.025 0.0000000000
121882  54.120  17.406  15.903 0.0000000000
120804  52.836  17.093  14.202 0.0000000000
120812  53.751  17.212  13.179 0.0000000000
120834  54.078  16.304  10.982 0.0000000000
117758  55.908  13.033  11.454 0.0000000000
115603  55.657  11.867  10.076 0.0000000000
128975  47.364  24.525  1.377 0.0000000000
128974  48.156  24.750  1.659 0.0000000000
129942  48.409  25.222  0.859 0.0000000000
130939  47.997  25.646  0.911 0.0000000000
130940  47.213  25.968  0.794 0.0000000000
130926  46.653  26.282  1.892 0.0000000000
130953  46.443  26.309  -0.059 0.0000000000
130968  44.410  26.495  -0.744 0.0000000000
130985  43.696  26.336  -1.644 0.0000000000
130984  44.935  26.138  -1.725 0.0000000000
130996  44.390  26.029  -2.654 0.0000000000
129986  44.047  25.303  -4.294 0.0000000000
126279  43.395  22.079  -3.789 0.0000000000
126286  43.089  21.737  -5.565 0.0000000000
125317  42.746  21.098  -5.292 0.0000000000
124375  42.666  20.363  -4.649 0.0000000000
124365  42.220  19.738  -3.894 0.0000000000
123242  42.864  19.451  -3.974 0.0000000000
123228  43.833  18.657  -3.178 0.0000000000
129744  49.161  25.076  18.290 0.0000000000
128783  48.187  24.603  17.840 0.0000000000
128809  46.514  24.022  16.639 0.0000000000
127958  45.300  23.599  15.416 0.0000000000
124224  41.854  20.187  13.113 0.0000000000
125209  41.956  21.069  13.059 0.0000000000
125213  41.468  20.579  11.947 0.0000000000
125215  41.061  20.478  11.063 0.0000000000
126188  41.257  21.467  10.194 0.0000000000
126194  41.168  21.521  9.373 0.0000000000
126195  40.787  20.916  9.056 0.0000000000
125237  40.485  20.290  7.785 0.0000000000
124265  41.233  19.283  6.984 0.0000000000
123060  50.395  18.491  11.215 0.0000000000
123061  49.406  18.665  11.292 0.0000000000
123080  49.750  18.195  10.737 0.0000000000
121933  48.308  17.604  10.054 0.0000000000
122009  47.935  17.156  5.112 0.0000000000
120939  47.575  17.029  5.815 0.0000000000
122010  46.926  17.303  5.379 0.0000000000
122011  45.777  17.521  5.167 0.0000000000
122012  44.916  17.903  5.024 0.0000000000
123119  44.310  18.233  4.717 0.0000000000
123127  45.084  18.337  3.541 0.0000000000
123138  44.576  18.649  3.112 0.0000000000
124296  44.864  19.008  1.974 0.0000000000
124306  44.420  19.243  1.495 0.0000000000
124305  45.169  19.063  1.361 0.0000000000
124314  45.722  19.173  0.492 0.0000000000
124325  46.859  19.125  -0.856 0.0000000000
121017  49.439  16.778  -0.854 0.0000000000
123194  49.539  18.002  -1.441 0.0000000000
121026  49.235  17.051  -1.391 0.0000000000
122121  48.009  17.171  -1.616 0.0000000000
122110  47.660  16.737  -1.193 0.0000000000
122122  47.055  17.386  -1.794 0.0000000000
122111  47.246  17.072  -0.967 0.0000000000
121012  46.533  16.224  0.355 0.0000000000
128859  47.335  24.918  11.822 0.0000000000
127169  40.389  22.852  1.296 0.0000000000
125278  40.614  21.229  0.516 0.0000000000
125289  41.101  21.055  -0.838 0.0000000000
127858  47.256  23.178  23.197 0.0000000000
126970  47.661  22.507  23.416 0.0000000000
126095  45.917  21.729  22.183 0.0000000000
126094  46.733  21.446  22.323 0.0000000000
126093  47.659  21.539  22.911 0.0000000000
124057  48.911  19.482  22.858 0.0000000000
122910  48.495  18.502  22.565 0.0000000000
121767  48.846  17.797  22.878 0.0000000000
119786  45.433  15.711  15.108 0.0000000000
119803  45.951  15.222  13.673 0.0000000000
119802  46.646  15.272  13.343 0.0000000000
119810  47.789  15.276  12.596 0.0000000000
119809  48.445  15.427  12.234 0.0000000000
119808  49.265  15.783  12.194 0.0000000000
119807  50.154  15.962  11.955 0.0000000000
119806  50.862  15.899  11.828 0.0000000000
120825  51.867  16.205  11.912 0.0000000000
128951  47.644  24.267  3.477 0.0000000000
128953  45.353  24.559  3.251 0.0000000000
128964  46.361  24.570  2.305 0.0000000000
128988  47.117  24.613  0.327 0.0000000000
128999  46.784  24.992  -0.618 0.0000000000
129956  46.390  25.402  -1.442 0.0000000000
129957  45.712  25.286  -1.703 0.0000000000
129002  43.497  23.451  -2.337 0.0000000000
128098  42.693  23.486  -0.929 0.0000000000
125322  44.827  20.054  -5.096 0.0000000000
126154  45.130  21.694  18.115 0.0000000000
127048  44.572  22.015  17.091 0.0000000000
126162  44.355  21.347  16.874 0.0000000000
125197  43.593  20.646  15.998 0.0000000000
124207  42.976  19.839  14.673 0.0000000000
123007  44.744  18.985  15.791 0.0000000000
123017  43.852  19.192  14.641 0.0000000000
124222  42.798  19.463  14.038 0.0000000000
123050  42.416  18.951  12.673 0.0000000000
123068  42.213  18.764  11.610 0.0000000000
123085  42.428  18.193  10.436 0.0000000000
119861  51.485  15.759  8.499 0.0000000000
120868  50.333  16.138  8.989 0.0000000000
119878  51.009  15.691  7.703 0.0000000000
120915  49.825  15.930  6.669 0.0000000000
120937  49.447  16.499  5.633 0.0000000000
120936  50.613  16.521  5.427 0.0000000000
120960  50.001  16.766  4.845 0.0000000000
120961  49.151  16.792  4.899 0.0000000000
122029  48.654  17.123  4.419 0.0000000000
122048  48.350  17.478  3.457 0.0000000000
122066  48.001  17.702  2.568 0.0000000000
122083  47.754  18.001  1.809 0.0000000000
122082  48.595  17.754  1.868 0.0000000000
123176  50.206  17.866  0.706 0.0000000000
122097  50.280  17.633  0.510 0.0000000000
122080  51.342  17.712  1.613 0.0000000000
121010  50.541  17.432  0.816 0.0000000000
119970  49.314  16.315  -0.020 0.0000000000
119963  48.699  15.668  0.395 0.0000000000
119944  47.636  14.869  1.611 0.0000000000
117859  46.947  13.381  2.816 0.0000000000
118880  48.506  14.285  3.545 0.0000000000
117858  47.819  13.346  3.563 0.0000000000
124106  42.222  19.754  19.352 0.0000000000
122948  43.344  18.735  19.443 0.0000000000
122964  42.350  18.708  18.910 0.0000000000
121813  43.078  17.256  19.258 0.0000000000
119727  42.968  15.760  21.072 0.0000000000
119745  41.516  15.688  19.663 0.0000000000
119717  42.618  15.198  21.334 0.0000000000
118714  43.435  14.580  20.988 0.0000000000
119743  43.337  14.689  19.511 0.0000000000
119775  43.438  15.341  17.612 0.0000000000
119788  43.689  15.296  15.562 0.0000000000
128912  46.251  24.027  5.835 0.0000000000
128913  45.416  24.149  5.951 0.0000000000
128023  45.748  23.792  7.437 0.0000000000
128040  45.080  23.887  6.625 0.0000000000
128055  43.800  24.313  5.487 0.0000000000
127146  40.884  22.514  3.984 0.0000000000
124186  51.424  19.354  15.621 0.0000000000
124187  50.341  19.405  15.404 0.0000000000
124200  51.143  19.356  14.569 0.0000000000
124215  51.877  19.251  13.786 0.0000000000
123025  51.549  19.072  12.944 0.0000000000
123023  53.409  19.002  13.255 0.0000000000
123024  52.486  19.006  13.107 0.0000000000
123040  52.029  18.657  12.304 0.0000000000
123059  51.521  18.255  11.343 0.0000000000
123078  52.303  17.890  10.931 0.0000000000
120837  52.433  16.844  10.017 0.0000000000
123052  59.058  18.040  11.857 0.0000000000
123053  58.232  18.617  11.905 0.0000000000
123074  56.323  18.524  11.063 0.0000000000
121962  57.764  17.808  9.065 0.0000000000
121925  56.731  18.175  10.306 0.0000000000
121926  55.663  17.935  10.402 0.0000000000
121927  54.603  17.726  10.464 0.0000000000
121948  53.286  17.202  10.034 0.0000000000
120847  51.802  16.269  9.421 0.0000000000
120866  52.653  16.104  8.671 0.0000000000
119875  53.292  15.821  7.447 0.0000000000
120911  53.592  16.189  6.349 0.0000000000
120931  55.192  16.964  5.628 0.0000000000
120932  54.193  16.739  5.582 0.0000000000
122004  53.778  17.180  4.970 0.0000000000
122042  53.748  17.333  4.000 0.0000000000
120977  53.917  17.031  3.900 0.0000000000
119913  53.348  15.770  4.248 0.0000000000
118862  52.898  14.664  4.399 0.0000000000
118861  54.021  14.555  4.206 0.0000000000
129728  49.338  25.240  19.585 0.0000000000
129718  49.203  25.191  20.368 0.0000000000
127895  47.519  23.829  19.578 0.0000000000
127896  46.794  23.368  19.126 0.0000000000
128742  48.738  24.937  23.136 0.0000000000
128732  49.223  24.580  23.796 0.0000000000
127863  49.989  23.738  23.474 0.0000000000
126967  50.595  22.295  25.208 0.0000000000
126990  49.854  23.043  22.853 0.0000000000
127872  49.388  23.724  22.463 0.0000000000
127873  48.512  23.539  21.360 0.0000000000
127013  46.751  22.700  19.890 0.0000000000
127014  46.184  22.299  19.409 0.0000000000
126126  45.728  21.343  19.328 0.0000000000
125169  45.772  19.972  18.623 0.0000000000
124125  46.282  19.462  18.405 0.0000000000
124087  48.074  19.642  20.155 0.0000000000
124102  47.539  19.407  19.456 0.0000000000
122962  46.884  18.893  17.939 0.0000000000
122960  47.946  18.704  17.849 0.0000000000
124153  49.540  19.251  17.282 0.0000000000
122947  43.956  18.664  19.786 0.0000000000
122938  44.482  18.576  20.275 0.0000000000
122925  45.346  17.901  21.000 0.0000000000
119725  45.038  15.803  20.845 0.0000000000
120706  45.393  16.431  21.318 0.0000000000
121783  46.075  17.229  21.729 0.0000000000
121782  47.189  17.370  21.780 0.0000000000
121781  48.231  17.534  21.946 0.0000000000
121793  49.617  17.362  21.170 0.0000000000
120790  46.201  16.299  15.460 0.0000000000
120780  46.729  16.816  16.638 0.0000000000
120764  47.101  17.192  17.778 0.0000000000
120779  47.993  17.132  16.831 0.0000000000
121857  47.639  17.305  18.238 0.0000000000
121832  49.026  17.466  19.083 0.0000000000
121808  49.848  17.459  20.059 0.0000000000
121792  50.759  17.453  20.964 0.0000000000
121778  51.751  17.840  21.585 0.0000000000
122919  53.016  17.717  21.296 0.0000000000
122944  53.485  18.321  20.666 0.0000000000
121828  52.935  17.356  18.740 0.0000000000
121804  53.462  17.716  19.590 0.0000000000
124097  53.226  18.799  20.228 0.0000000000
124120  52.066  19.222  18.932 0.0000000000
124151  51.875  19.348  17.821 0.0000000000
124173  51.664  19.361  16.704 0.0000000000
124183  54.984  19.170  16.453 0.0000000000
123003  55.366  18.972  15.862 0.0000000000
121881  55.001  17.542  15.769 0.0000000000
121880  55.821  17.810  15.538 0.0000000000
121879  56.526  17.910  15.144 0.0000000000
121898  56.412  17.546  14.008 0.0000000000
121913  56.967  17.360  12.277 0.0000000000
120821  57.300  16.913  11.476 0.0000000000
119814  52.953  15.901  10.866 0.0000000000
120835  53.396  16.100  10.963 0.0000000000
118810  55.487  14.261  9.929 0.0000000000
119841  55.067  14.969  9.746 0.0000000000
120833  55.254  16.554  10.766 0.0000000000
120832  56.524  16.445  10.620 0.0000000000
120831  57.757  16.303  10.810 0.0000000000
125161  41.724  20.733  19.520 0.0000000000
124107  41.338  19.983  19.227 0.0000000000
124108  40.740  20.019  19.057 0.0000000000
122966  40.719  18.763  18.420 0.0000000000
126137  39.023  21.682  18.954 0.0000000000
122967  39.981  18.778  18.206 0.0000000000
121859  39.951  17.593  18.095 0.0000000000
124132  37.215  19.937  18.279 0.0000000000
124159  37.740  19.206  17.823 0.0000000000
121861  37.871  17.388  17.483 0.0000000000
132009  45.196  27.325  3.682 0.0000000000
130927  45.375  26.654  2.133 0.0000000000
130914  44.821  26.943  3.031 0.0000000000
130957  42.097  26.297  0.914 0.0000000000
129959  42.035  25.684  0.048 0.0000000000
128106  41.642  24.679  -0.745 0.0000000000
129968  42.835  25.819  -1.773 0.0000000000
129979  42.143  25.081  -1.495 0.0000000000
126259  41.512  22.165  -1.021 0.0000000000
126258  41.665  22.066  -1.372 0.0000000000
125288  41.521  21.601  -1.521 0.0000000000
129017  45.127  24.804  -3.168 0.0000000000
129985  44.623  24.790  -4.704 0.0000000000
129032  43.612  24.177  -4.349 0.0000000000
166105  42.955  22.757  -3.896 0.0000000000
125297  41.419  21.226  -2.004 0.0000000000
125298  40.445  20.299  -2.042 0.0000000000
124340  40.013  19.558  -1.905 0.0000000000
129760  49.035  25.226  17.126 0.0000000000
128847  48.258  25.041  13.667 0.0000000000
128855  47.633  24.956  12.911 0.0000000000
128860  46.651  24.590  12.366 0.0000000000
127937  44.654  22.728  16.335 0.0000000000
127959  44.504  22.961  15.775 0.0000000000
127972  44.244  23.127  14.705 0.0000000000
127096  42.669  21.988  13.635 0.0000000000
127978  43.722  22.845  13.936 0.0000000000
127977  44.334  23.390  13.631 0.0000000000
127976  45.093  23.825  13.230 0.0000000000
127981  45.030  23.988  12.206 0.0000000000
127986  45.020  24.020  11.197 0.0000000000
128009  43.523  23.406  8.760 0.0000000000
128026  42.507  23.203  7.970 0.0000000000
127117  41.491  22.168  8.939 0.0000000000
127126  41.975  22.797  8.014 0.0000000000
128043  41.785  23.090  7.151 0.0000000000
128057  41.782  23.265  5.946 0.0000000000
127139  41.081  22.429  5.226 0.0000000000
126232  41.021  21.663  3.433 0.0000000000
124202  49.098  19.528  14.274 0.0000000000
124204  47.360  19.178  13.900 0.0000000000
124221  46.813  18.752  13.134 0.0000000000
123044  48.104  18.911  12.027 0.0000000000
123045  47.217  18.665  12.224 0.0000000000
123047  45.361  18.419  12.411 0.0000000000
123066  44.546  18.070  11.641 0.0000000000
121919  43.915  17.839  10.869 0.0000000000
121939  42.617  17.881  9.858 0.0000000000
120850  49.293  16.582  9.120 0.0000000000
120851  48.576  16.695  8.855 0.0000000000
121954  46.539  17.351  9.096 0.0000000000
121977  46.672  17.033  6.786 0.0000000000
121964  46.843  17.014  7.907 0.0000000000
121966  44.643  17.361  8.324 0.0000000000
121967  43.791  17.537  8.483 0.0000000000
123093  42.350  18.113  8.539 0.0000000000
123102  41.774  18.515  7.772 0.0000000000
124264  41.819  18.878  6.357 0.0000000000
124273  41.408  19.459  5.874 0.0000000000
123130  43.097  18.749  4.727 0.0000000000
124281  42.386  19.286  4.752 0.0000000000
125247  41.718  19.645  4.753 0.0000000000
125252  41.778  19.842  4.188 0.0000000000
125253  41.265  20.644  3.815 0.0000000000
125259  41.529  20.919  2.807 0.0000000000
125267  41.691  21.201  1.990 0.0000000000
125277  42.698  20.315  0.523 0.0000000000
125286  43.593  20.239  -0.556 0.0000000000
125275  44.062  19.569  0.506 0.0000000000
166091  43.722  20.200  -1.635 0.0000000000
125308  44.088  19.903  -2.584 0.0000000000
124363  44.974  19.546  -3.348 0.0000000000
124372  45.600  19.453  -4.743 0.0000000000
123197  47.397  18.701  -0.359 0.0000000000
124324  47.551  19.174  -1.554 0.0000000000
123211  48.758  18.252  -2.000 0.0000000000
124335  48.022  19.165  -2.253 0.0000000000
124336  46.953  19.432  -2.033 0.0000000000
124348  47.050  19.553  -3.126 0.0000000000
124371  46.578  18.966  -4.400 0.0000000000
123247  45.766  18.800  -4.850 0.0000000000
123227  45.009  18.335  -2.817 0.0000000000
123214  44.871  18.334  -1.764 0.0000000000
123198  45.261  18.281  -1.177 0.0000000000
117844  51.473  13.516  4.464 0.0000000000
115706  45.161  11.769  0.417 0.0000000000
116647  56.206  12.773  11.369 0.0000000000
116752  46.603  12.545  2.885 0.0000000000
116765  46.343  12.637  2.114 0.0000000000
116766  46.094  12.611  1.630 0.0000000000
116794  45.076  12.161  0.335 0.0000000000
117708  42.109  13.719  19.346 0.0000000000
117769  56.022  13.499  10.747 0.0000000000
117786  55.645  13.817  10.275 0.0000000000
117787  55.061  13.510  10.279 0.0000000000
117860  46.604  12.939  2.467 0.0000000000
118706  43.797  14.876  21.451 0.0000000000
118707  43.016  14.667  21.485 0.0000000000
118708  42.287  14.641  21.220 0.0000000000
118713  44.053  14.849  21.132 0.0000000000
118715  42.417  14.294  20.680 0.0000000000
118731  43.820  14.777  20.571 0.0000000000
118732  43.217  14.517  20.139 0.0000000000
118733  42.534  14.155  19.772 0.0000000000
118760  42.125  14.645  17.118 0.0000000000
118773  46.027  14.944  13.213 0.0000000000
118794  55.975  14.051  10.261 0.0000000000
118865  49.818  14.277  4.339 0.0000000000
118866  49.069  14.021  4.227 0.0000000000
118879  49.262  14.553  3.899 0.0000000000
119714  44.832  15.968  21.156 0.0000000000
119715  44.285  15.425  21.254 0.0000000000
119716  43.482  15.443  21.371 0.0000000000
119728  42.255  15.617  20.620 0.0000000000
119762  43.222  14.852  18.738 0.0000000000
119776  42.731  14.851  17.795 0.0000000000
119781  44.203  15.834  16.201 0.0000000000
119782  43.530  15.486  16.551 0.0000000000
119785  46.008  15.769  14.788 0.0000000000
119794  45.576  15.317  14.307 0.0000000000
119795  44.899  15.270  14.696 0.0000000000
119799  48.861  15.771  12.777 0.0000000000
119800  48.272  15.676  13.109 0.0000000000
119801  47.509  15.470  13.247 0.0000000000
119811  47.136  15.083  12.761 0.0000000000
119815  52.234  15.907  11.063 0.0000000000
119816  51.340  15.736  11.318 0.0000000000
119826  55.724  15.708  10.045 0.0000000000
119840  55.982  14.907  9.745 0.0000000000
119842  54.070  14.992  9.711 0.0000000000
119844  51.025  15.909  9.036 0.0000000000
119845  50.644  16.011  9.003 0.0000000000
119859  52.924  15.814  8.037 0.0000000000
119860  52.244  15.755  8.204 0.0000000000
119862  50.538  15.858  8.473 0.0000000000
119863  50.006  15.899  8.148 0.0000000000
119876  52.561  15.756  7.515 0.0000000000
119879  50.237  15.771  7.636 0.0000000000
119891  53.464  15.876  6.925 0.0000000000
119892  52.968  15.812  6.856 0.0000000000
119895  50.674  15.769  7.036 0.0000000000
119912  54.451  15.614  4.236 0.0000000000
119929  52.743  16.028  4.129 0.0000000000
119952  49.574  16.031  1.599 0.0000000000
119978  48.231  16.129  -1.170 0.0000000000
120705  46.255  16.633  21.532 0.0000000000
120708  44.017  15.883  21.290 0.0000000000
120713  47.027  16.714  20.584 0.0000000000
120714  46.324  16.435  20.856 0.0000000000
120715  45.729  16.247  21.047 0.0000000000
120716  44.376  16.713  20.864 0.0000000000
120718  42.909  16.087  20.663 0.0000000000
120729  47.211  16.745  19.626 0.0000000000
120732  43.511  16.870  20.125 0.0000000000
120733  42.798  16.550  19.868 0.0000000000
120734  42.101  16.177  19.609 0.0000000000
120751  42.689  17.112  18.932 0.0000000000
120753  40.871  16.503  18.428 0.0000000000
120763  47.743  17.321  17.676 0.0000000000
120767  40.223  16.706  18.134 0.0000000000
120777  50.158  17.251  16.471 0.0000000000
120782  44.781  16.210  16.588 0.0000000000
120785  51.798  17.099  15.832 0.0000000000
120786  51.027  17.121  15.938 0.0000000000
120791  45.189  16.179  15.825 0.0000000000
120803  53.671  17.172  14.037 0.0000000000
120808  48.322  15.966  13.661 0.0000000000
120816  49.263  15.896  12.828 0.0000000000
120826  51.263  16.034  11.912 0.0000000000
120836  52.910  17.005  10.007 0.0000000000
120842  57.339  17.567  9.043 0.0000000000
120848  50.776  16.292  9.399 0.0000000000
120849  50.061  16.521  9.305 0.0000000000
120861  58.267  17.534  8.248 0.0000000000
120867  52.052  15.865  8.755 0.0000000000
120869  49.809  16.179  8.615 0.0000000000
120870  49.026  16.367  8.352 0.0000000000
120872  47.572  16.738  7.722 0.0000000000
120886  57.230  16.981  7.474 0.0000000000
120893  47.337  16.777  7.082 0.0000000000
120906  58.859  16.958  6.729 0.0000000000
120910  54.580  16.450  6.379 0.0000000000
120912  52.721  16.146  6.207 0.0000000000
120913  51.886  16.195  6.248 0.0000000000
120917  47.869  16.730  6.435 0.0000000000
120918  47.205  16.939  6.371 0.0000000000
120930  56.253  17.238  5.676 0.0000000000
120933  53.279  16.564  5.552 0.0000000000
120938  48.457  16.824  5.558 0.0000000000
120940  47.111  17.092  5.931 0.0000000000
120953  58.083  17.230  3.982 0.0000000000
120958  52.384  16.086  4.114 0.0000000000
120962  48.653  16.915  4.972 0.0000000000
120978  53.280  16.744  3.919 0.0000000000
120981  50.569  16.383  2.950 0.0000000000
120982  49.995  16.018  3.074 0.0000000000
121002  51.336  17.108  1.721 0.0000000000
121018  48.854  16.266  -1.005 0.0000000000
121020  46.872  16.539  -0.269 0.0000000000
121027  48.676  16.612  -1.311 0.0000000000
121028  47.952  16.369  -1.274 0.0000000000
121758  50.509  18.597  23.416 0.0000000000
121759  50.178  18.474  23.348 0.0000000000
121765  50.573  18.372  23.143 0.0000000000
121766  49.781  17.885  22.984 0.0000000000
121776  53.038  17.583  20.990 0.0000000000
121777  52.582  17.665  21.182 0.0000000000
121780  49.224  17.504  22.179 0.0000000000
121784  45.178  17.214  21.188 0.0000000000
121789  53.201  17.675  20.446 0.0000000000
121790  52.576  17.513  20.496 0.0000000000
121791  51.771  17.478  20.679 0.0000000000
121794  48.525  17.283  21.219 0.0000000000
121796  45.021  17.693  20.887 0.0000000000
121798  43.845  17.040  20.256 0.0000000000
121810  47.807  17.043  20.358 0.0000000000
121811  44.189  18.048  20.004 0.0000000000
121833  47.865  17.253  19.153 0.0000000000
121834  47.290  17.072  18.599 0.0000000000
121835  43.290  18.175  19.182 0.0000000000
121836  42.992  17.855  18.900 0.0000000000
121839  40.393  18.197  18.319 0.0000000000
121849  54.300  17.891  17.413 0.0000000000
121850  53.729  17.542  17.566 0.0000000000
121851  53.057  17.293  17.767 0.0000000000
121852  52.176  17.436  17.850 0.0000000000
121853  51.245  17.519  17.945 0.0000000000
121854  50.325  17.438  18.051 0.0000000000
121875  49.729  17.383  17.230 0.0000000000
121876  48.903  17.377  17.295 0.0000000000
121888  57.044  17.861  14.572 0.0000000000
121891  54.331  17.314  15.106 0.0000000000
121892  53.368  17.294  15.155 0.0000000000
121893  52.731  17.139  15.462 0.0000000000
121895  58.564  17.887  13.007 0.0000000000
121896  58.175  17.826  13.596 0.0000000000
121897  57.412  17.652  13.873 0.0000000000
121899  55.413  17.429  14.165 0.0000000000
121901  53.715  17.252  14.530 0.0000000000
121904  58.437  17.603  12.782 0.0000000000
121905  57.683  17.570  13.034 0.0000000000
121906  56.687  17.511  13.151 0.0000000000
121908  54.712  17.411  13.559 0.0000000000
121910  59.163  17.174  11.747 0.0000000000
121911  58.777  17.172  12.195 0.0000000000
121916  50.426  18.074  10.844 0.0000000000
121917  45.667  17.797  10.860 0.0000000000
121920  43.399  17.953  10.802 0.0000000000
121929  52.742  17.412  10.414 0.0000000000
121932  49.276  17.610  10.248 0.0000000000
121936  45.144  17.562  10.125 0.0000000000
121938  43.220  17.762  10.206 0.0000000000
121944  57.229  17.877  9.563 0.0000000000
121945  56.186  17.515  9.744 0.0000000000
121947  54.001  17.319  9.817 0.0000000000
121951  49.717  17.116  9.707 0.0000000000
121953  47.728  17.028  9.017 0.0000000000
121956  44.456  17.483  9.274 0.0000000000
121957  43.564  17.570  9.331 0.0000000000
121958  42.794  17.772  9.315 0.0000000000
121960  58.963  17.168  8.580 0.0000000000
121961  58.414  17.587  8.833 0.0000000000
121968  43.068  17.735  8.536 0.0000000000
121975  58.844  17.271  8.036 0.0000000000
121981  43.336  17.725  8.004 0.0000000000
121990  46.145  17.271  6.118 0.0000000000
121999  58.144  17.486  4.935 0.0000000000
122000  57.718  17.713  4.982 0.0000000000
122007  51.356  17.069  5.096 0.0000000000
122008  48.410  17.005  5.022 0.0000000000
122024  53.468  17.292  4.375 0.0000000000
122025  52.783  17.196  4.333 0.0000000000
122033  44.792  18.129  4.475 0.0000000000
122051  45.512  18.229  3.481 0.0000000000
122068  46.356  18.283  2.575 0.0000000000
122081  51.165  17.613  1.293 0.0000000000
122084  47.247  18.236  1.807 0.0000000000
122095  51.173  17.858  1.220 0.0000000000
122096  50.865  17.719  1.011 0.0000000000
122098  49.974  17.825  -0.094 0.0000000000
122109  49.836  18.093  -0.568 0.0000000000
122119  49.533  17.509  -1.370 0.0000000000
122129  47.755  17.723  -2.560 0.0000000000
122131  46.431  17.923  -3.060 0.0000000000
122135  47.415  17.905  -3.156 0.0000000000
122137  46.551  18.148  -3.475 0.0000000000
122901  51.481  19.295  24.099 0.0000000000
122902  50.820  18.958  23.718 0.0000000000
122903  49.955  18.918  23.495 0.0000000000
122904  49.222  18.683  23.102 0.0000000000
122908  51.655  18.932  23.736 0.0000000000
122911  47.709  18.301  22.000 0.0000000000
122920  52.727  18.028  21.642 0.0000000000
122922  51.017  18.397  22.815 0.0000000000
122932  53.283  17.794  21.098 0.0000000000
122933  53.319  18.105  21.195 0.0000000000
122934  50.908  19.121  20.316 0.0000000000
122936  45.516  18.278  20.917 0.0000000000
122937  45.072  18.303  20.714 0.0000000000
122943  53.678  17.957  20.439 0.0000000000
122945  50.747  19.046  20.184 0.0000000000
122946  50.470  19.053  20.191 0.0000000000
122949  42.754  19.069  19.337 0.0000000000
122958  54.223  18.041  18.605 0.0000000000
122959  54.046  18.096  19.379 0.0000000000
122961  47.571  18.744  17.894 0.0000000000
122963  42.935  18.496  19.162 0.0000000000
122979  54.418  18.268  18.091 0.0000000000
122980  47.925  18.689  17.418 0.0000000000
122982  46.279  18.893  17.421 0.0000000000
122984  39.183  18.543  17.847 0.0000000000
122993  55.124  18.417  16.667 0.0000000000
122998  45.003  19.081  16.876 0.0000000000
123001  56.255  18.196  15.403 0.0000000000
123002  55.537  18.510  15.955 0.0000000000
123008  44.080  19.301  15.432 0.0000000000
123010  57.494  18.120  14.498 0.0000000000
123012  56.178  18.532  15.319 0.0000000000
123013  55.645  18.785  15.520 0.0000000000
123014  47.182  19.038  14.494 0.0000000000
123018  43.104  19.319  14.282 0.0000000000
123021  57.961  18.293  14.050 0.0000000000
123022  57.355  18.404  14.455 0.0000000000
123026  51.048  19.145  12.855 0.0000000000
123027  46.789  18.686  12.768 0.0000000000
123028  46.257  18.648  13.107 0.0000000000
123032  42.343  19.221  13.171 0.0000000000
123035  57.782  18.704  13.039 0.0000000000
123042  49.919  19.041  11.999 0.0000000000
123043  48.973  19.101  11.951 0.0000000000
123046  46.283  18.513  12.224 0.0000000000
123057  53.651  18.426  11.788 0.0000000000
123058  52.617  18.332  11.617 0.0000000000
123064  46.522  18.207  11.314 0.0000000000
123069  41.513  19.185  11.115 0.0000000000
123071  59.168  17.614  11.089 0.0000000000
123072  58.568  18.310  10.874 0.0000000000
123073  57.459  18.599  11.016 0.0000000000
123075  55.197  18.347  11.075 0.0000000000
123079  50.215  18.138  10.805 0.0000000000
123081  48.863  18.205  10.683 0.0000000000
123083  47.116  18.044  10.709 0.0000000000
123084  43.090  18.008  10.720 0.0000000000
123089  58.948  17.739  10.408 0.0000000000
123091  41.555  18.570  9.595 0.0000000000
123100  43.157  17.927  6.887 0.0000000000
123113  41.983  18.558  6.998 0.0000000000
123120  43.635  18.320  5.115 0.0000000000
123128  44.554  18.402  3.978 0.0000000000
123129  43.702  18.675  4.240 0.0000000000
123134  51.299  17.923  2.558 0.0000000000
123137  45.374  18.422  2.938 0.0000000000
123145  51.288  18.089  1.983 0.0000000000
123147  49.949  17.746  2.265 0.0000000000
123148  46.889  18.368  1.751 0.0000000000
123151  44.900  18.731  2.485 0.0000000000
123159  51.174  17.976  1.330 0.0000000000
123165  45.884  18.748  1.346 0.0000000000
123174  51.050  18.217  0.871 0.0000000000
123175  50.847  17.879  1.011 0.0000000000
123180  46.201  18.749  0.843 0.0000000000
123199  44.441  18.439  -0.922 0.0000000000
123210  49.257  17.837  -1.647 0.0000000000
123212  48.594  18.637  -1.609 0.0000000000
123219  40.000  19.161  -1.371 0.0000000000
123224  48.207  18.184  -2.938 0.0000000000
123226  45.849  18.003  -2.764 0.0000000000
123230  41.464  19.329  -2.566 0.0000000000
123236  47.814  18.343  -3.417 0.0000000000
123237  47.390  18.303  -3.627 0.0000000000
123238  46.775  18.330  -3.764 0.0000000000
123241  43.635  19.131  -4.457 0.0000000000
123245  47.047  18.577  -4.014 0.0000000000
123252  45.053  19.409  -5.160 0.0000000000
123253  44.449  19.834  -5.526 0.0000000000
124045  51.878  19.555  24.171 0.0000000000
124046  51.254  19.726  24.192 0.0000000000
124054  52.032  19.272  23.416 0.0000000000
124056  51.420  19.838  22.797 0.0000000000
124067  52.858  18.258  21.495 0.0000000000
124072  47.358  18.973  21.632 0.0000000000
124073  46.489  19.320  21.248 0.0000000000
124082  52.994  18.464  21.176 0.0000000000
124084  51.192  19.251  20.788 0.0000000000
124085  50.160  19.384  20.736 0.0000000000
124089  44.963  19.453  20.583 0.0000000000
124096  53.727  18.354  20.003 0.0000000000
124098  52.207  19.129  19.999 0.0000000000
124103  46.726  19.570  19.168 0.0000000000
124104  43.613  19.356  19.732 0.0000000000
124105  43.067  19.722  19.592 0.0000000000
124117  54.276  18.427  18.730 0.0000000000
124119  53.216  19.222  19.172 0.0000000000
124124  47.185  19.043  18.565 0.0000000000
124126  45.661  19.788  18.147 0.0000000000
124128  41.073  19.459  18.715 0.0000000000
124129  40.288  19.704  18.636 0.0000000000
124148  54.546  18.777  18.250 0.0000000000
124150  53.095  19.403  18.104 0.0000000000
124154  48.626  18.973  16.889 0.0000000000
124155  45.820  19.389  17.763 0.0000000000
124157  44.715  19.931  17.350 0.0000000000
124169  55.047  18.753  17.074 0.0000000000
124171  54.057  19.343  17.268 0.0000000000
124176  48.622  18.993  15.873 0.0000000000
124177  44.718  19.529  17.062 0.0000000000
124179  43.874  20.110  16.226 0.0000000000
124182  55.196  18.820  16.763 0.0000000000
124184  53.876  19.393  16.153 0.0000000000
124189  48.322  19.210  14.990 0.0000000000
124193  43.526  20.019  15.601 0.0000000000
124195  56.489  18.643  14.986 0.0000000000
124199  52.255  19.336  14.788 0.0000000000
124203  48.208  19.440  14.079 0.0000000000
124205  46.838  18.856  13.507 0.0000000000
124206  43.665  19.536  15.286 0.0000000000
124211  56.668  18.787  14.421 0.0000000000
124217  49.773  19.452  13.497 0.0000000000
124219  48.013  19.300  13.297 0.0000000000
124220  47.289  18.911  13.088 0.0000000000
124223  42.251  19.811  13.533 0.0000000000
124226  57.607  18.666  13.739 0.0000000000
124227  57.089  18.980  13.634 0.0000000000
124229  55.135  19.107  13.477 0.0000000000
124230  50.797  19.183  12.821 0.0000000000
124231  50.295  19.255  12.772 0.0000000000
124233  48.524  19.313  12.650 0.0000000000
124235  42.024  19.429  12.677 0.0000000000
124236  41.667  19.999  12.702 0.0000000000
124238  42.088  19.199  12.160 0.0000000000
124245  40.589  19.862  9.633 0.0000000000
124247  41.048  19.055  8.843 0.0000000000
124256  40.715  19.623  8.249 0.0000000000
124266  40.773  19.658  7.613 0.0000000000
124272  42.147  19.024  5.674 0.0000000000
124282  41.736  19.489  5.186 0.0000000000
124289  43.332  19.191  3.429 0.0000000000
124297  44.278  19.109  2.332 0.0000000000
124299  42.620  19.603  2.723 0.0000000000
124313  46.284  19.153  -0.131 0.0000000000
124315  44.615  19.373  0.666 0.0000000000
124316  43.912  19.443  0.938 0.0000000000
124339  44.221  19.927  -1.190 0.0000000000
124346  47.860  18.644  -3.427 0.0000000000
124353  41.064  19.606  -2.934 0.0000000000
124359  47.632  18.552  -3.633 0.0000000000
124361  46.820  19.283  -4.003 0.0000000000
124364  42.996  19.730  -4.386 0.0000000000
124366  41.365  19.906  -3.484 0.0000000000
124367  40.839  19.866  -3.142 0.0000000000
124370  46.930  18.776  -4.189 0.0000000000
124373  45.153  19.629  -4.292 0.0000000000
124381  44.282  20.383  -6.378 0.0000000000
124382  43.782  20.308  -6.293 0.0000000000
124383  43.144  20.619  -5.655 0.0000000000
124387  44.255  20.725  -7.050 0.0000000000
124388  44.021  20.547  -7.002 0.0000000000
125110  52.093  19.853  23.879 0.0000000000
125122  52.000  19.706  23.549 0.0000000000
125123  51.772  20.020  23.501 0.0000000000
125124  50.880  20.447  23.321 0.0000000000
125125  49.258  20.114  23.232 0.0000000000
125126  48.629  20.661  23.005 0.0000000000
125134  47.832  20.920  21.156 0.0000000000
125136  45.944  20.467  21.327 0.0000000000
125144  48.218  20.025  20.589 0.0000000000
125148  44.425  20.519  20.622 0.0000000000
125157  46.125  20.347  19.393 0.0000000000
125158  45.560  20.847  18.976 0.0000000000
125159  43.203  20.289  19.898 0.0000000000
125170  45.268  20.466  18.300 0.0000000000
125173  39.789  20.701  18.988 0.0000000000
125189  44.946  20.152  17.674 0.0000000000
125190  44.594  20.572  17.450 0.0000000000
125196  44.130  20.634  16.584 0.0000000000
125200  43.227  20.643  15.276 0.0000000000
125202  42.733  20.772  14.669 0.0000000000
125203  42.389  20.971  14.161 0.0000000000
125205  42.130  20.767  13.515 0.0000000000
125206  41.967  20.346  13.272 0.0000000000
125210  41.791  20.678  12.814 0.0000000000
125216  40.704  20.474  10.292 0.0000000000
125218  40.609  20.445  9.626 0.0000000000
125221  40.585  20.278  8.966 0.0000000000
125229  40.511  20.107  8.418 0.0000000000
125236  40.551  20.069  7.144 0.0000000000
125285  44.190  19.739  0.054 0.0000000000
125296  44.352  19.791  -0.587 0.0000000000
125299  39.760  19.940  -1.656 0.0000000000
125302  44.204  19.723  -1.812 0.0000000000
125304  40.793  20.175  -3.011 0.0000000000
125314  44.963  19.826  -4.734 0.0000000000
125324  43.773  20.733  -6.902 0.0000000000
125325  43.390  21.112  -6.450 0.0000000000
125330  44.550  20.917  -6.944 0.0000000000
125331  43.986  21.084  -7.213 0.0000000000
126068  50.484  21.889  25.262 0.0000000000
126069  50.411  21.914  25.180 0.0000000000
126070  50.010  21.982  25.060 0.0000000000
126079  50.543  21.979  25.217 0.0000000000
126080  50.367  21.782  24.728 0.0000000000
126103  48.284  21.540  21.602 0.0000000000
126104  46.083  21.108  21.881 0.0000000000
126114  46.827  21.395  20.404 0.0000000000
126115  44.732  21.197  21.019 0.0000000000
126116  44.031  21.535  20.827 0.0000000000
126117  43.271  21.643  20.509 0.0000000000
126118  42.653  21.636  20.300 0.0000000000
126125  46.271  21.354  19.844 0.0000000000
126135  45.343  21.371  18.650 0.0000000000
126136  44.970  21.160  18.217 0.0000000000
126155  44.695  21.443  17.688 0.0000000000
126163  43.821  21.299  16.281 0.0000000000
126167  43.435  21.271  15.698 0.0000000000
126171  42.665  21.488  14.435 0.0000000000
126174  42.425  21.441  13.839 0.0000000000
126177  42.239  21.508  13.132 0.0000000000
126178  41.968  21.244  12.688 0.0000000000
126181  42.184  21.703  12.365 0.0000000000
126185  41.442  21.412  11.119 0.0000000000
126186  40.939  21.024  10.522 0.0000000000
126189  40.802  21.032  9.845 0.0000000000
126204  40.514  20.722  8.227 0.0000000000
126212  40.457  20.722  7.742 0.0000000000
126226  40.675  21.978  3.820 0.0000000000
126233  40.764  21.996  3.624 0.0000000000
126240  41.427  21.745  2.511 0.0000000000
126284  44.284  21.394  -6.458 0.0000000000
126285  43.845  21.978  -5.879 0.0000000000
126289  44.278  21.336  -7.042 0.0000000000
126290  43.975  21.622  -6.838 0.0000000000
126291  43.612  21.621  -6.436 0.0000000000
126956  50.424  22.165  25.303 0.0000000000
126957  50.172  22.453  25.293 0.0000000000
126968  50.618  22.497  24.688 0.0000000000
126969  48.711  22.671  24.198 0.0000000000
126971  46.954  22.743  22.931 0.0000000000
126979  50.259  22.723  23.740 0.0000000000
126980  49.709  22.339  22.865 0.0000000000
126981  47.045  22.148  22.813 0.0000000000
126983  45.525  22.392  22.032 0.0000000000
127001  47.185  22.370  20.529 0.0000000000
127015  45.598  21.983  18.981 0.0000000000
127020  39.599  22.220  19.081 0.0000000000
127026  45.863  22.546  18.725 0.0000000000
127027  45.439  22.134  18.382 0.0000000000
127047  45.195  22.351  17.584 0.0000000000
127067  44.852  22.538  16.795 0.0000000000
127068  44.145  22.158  16.245 0.0000000000
127084  43.835  22.572  15.267 0.0000000000
127090  43.733  22.701  14.736 0.0000000000
127091  43.215  22.251  14.471 0.0000000000
127095  43.116  22.519  13.384 0.0000000000
127100  42.559  22.162  12.815 0.0000000000
127104  42.474  22.247  11.908 0.0000000000
127106  42.857  22.699  10.927 0.0000000000
127108  41.650  21.805  10.475 0.0000000000
127111  41.656  21.985  9.871 0.0000000000
127116  42.011  22.724  8.571 0.0000000000
127147  40.766  22.169  3.748 0.0000000000
127155  40.883  22.175  3.544 0.0000000000
127162  41.543  22.455  2.027 0.0000000000
127174  42.176  22.483  -0.007 0.0000000000
127845  50.290  22.575  25.318 0.0000000000
127846  50.027  23.000  25.215 0.0000000000
127847  49.764  23.315  25.002 0.0000000000
127854  49.918  22.615  25.170 0.0000000000
127856  49.191  23.545  24.394 0.0000000000
127864  47.443  23.654  22.924 0.0000000000
127865  46.709  23.378  22.545 0.0000000000
127866  45.880  23.064  22.221 0.0000000000
127874  47.699  23.139  20.791 0.0000000000
127883  47.297  23.238  20.063 0.0000000000
127897  46.249  22.846  18.927 0.0000000000
127908  46.667  23.671  18.016 0.0000000000
127920  46.028  23.276  17.286 0.0000000000
127935  45.918  23.658  16.154 0.0000000000
127957  45.853  23.898  15.651 0.0000000000
127971  45.118  23.689  14.276 0.0000000000
127982  44.304  23.537  12.602 0.0000000000
127987  44.224  23.645  11.562 0.0000000000
127991  45.146  23.810  10.234 0.0000000000
127993  43.347  23.131  10.878 0.0000000000
127997  45.305  23.711  9.295 0.0000000000
128000  42.811  22.822  10.118 0.0000000000
128027  41.904  22.879  7.722 0.0000000000
128038  46.913  23.589  6.330 0.0000000000
128091  42.304  23.594  0.796 0.0000000000
128092  41.702  23.123  1.413 0.0000000000
128112  44.248  23.857  -3.227 0.0000000000
128730  50.778  25.063  23.673 0.0000000000
128731  50.018  24.735  23.678 0.0000000000
128740  50.676  24.998  23.238 0.0000000000
128744  47.252  23.911  22.549 0.0000000000
128751  48.574  24.231  20.906 0.0000000000
128759  49.127  25.132  20.776 0.0000000000
128770  48.153  24.516  19.209 0.0000000000
128771  47.424  23.996  19.107 0.0000000000
128796  47.138  24.211  17.320 0.0000000000
128797  46.559  23.848  17.188 0.0000000000
128808  47.255  24.519  16.165 0.0000000000
128828  45.794  24.043  15.400 0.0000000000
128849  46.558  24.474  14.481 0.0000000000
128856  46.674  24.525  13.414 0.0000000000
128863  47.235  24.846  10.977 0.0000000000
128865  45.795  24.375  11.807 0.0000000000
128887  46.859  24.269  9.026 0.0000000000
128914  44.760  24.167  6.078 0.0000000000
128926  44.687  24.418  5.335 0.0000000000
128927  43.805  24.405  4.889 0.0000000000
128980  41.346  25.282  1.047 0.0000000000
128987  48.104  24.659  0.517 0.0000000000
129003  41.757  25.295  -0.148 0.0000000000
129004  41.627  25.050  -0.396 0.0000000000
129012  43.950  23.761  -2.642 0.0000000000
129013  41.889  25.239  -0.728 0.0000000000
129019  42.837  24.325  -3.049 0.0000000000
129024  44.990  24.495  -4.235 0.0000000000
129030  44.810  24.249  -5.009 0.0000000000
129031  43.952  23.814  -4.684 0.0000000000
129682  51.441  26.195  23.361 0.0000000000
129683  51.236  25.779  23.861 0.0000000000
129695  51.423  26.367  22.627 0.0000000000
129697  50.570  25.053  22.933 0.0000000000
129698  49.098  25.571  23.099 0.0000000000
129699  48.563  25.115  22.730 0.0000000000
129826  48.916  25.342  13.145 0.0000000000
129827  48.353  25.281  12.707 0.0000000000
129943  47.976  25.618  0.498 0.0000000000
129950  48.118  25.483  0.196 0.0000000000
129952  41.890  25.847  0.598 0.0000000000
129958  42.505  25.933  -0.469 0.0000000000
129965  47.262  25.787  -1.511 0.0000000000
129970  42.118  25.543  -0.460 0.0000000000
129977  43.847  25.631  -3.315 0.0000000000
129987  43.439  25.057  -3.509 0.0000000000
129993  44.442  24.412  -5.105 0.0000000000
129994  44.063  24.596  -4.778 0.0000000000
129995  43.510  24.557  -3.985 0.0000000000
130903  46.341  26.833  3.956 0.0000000000
130915  44.223  27.079  2.999 0.0000000000
130925  47.696  25.606  1.532 0.0000000000
130951  47.688  25.662  -0.640 0.0000000000
130964  47.615  25.635  -0.879 0.0000000000
130981  47.439  25.799  -1.293 0.0000000000
130982  47.195  26.019  -1.621 0.0000000000
130986  42.880  26.134  -1.107 0.0000000000
166090  43.191  20.670  -1.360 0.0000000000
166098  44.223  23.784  -3.324 0.0000000000
166101  44.132  23.649  -4.240 0.0000000000
166102  42.436  23.681  -2.681 0.0000000000
166103  44.360  23.979  -3.395 0.0000000000
166104  44.520  24.039  -3.976 0.0000000000
166106  44.766  23.857  -4.632 0.0000000000
166108  43.736  23.299  -3.942 0.0000000000
