#!ascii label  , from subject _151 vox2ras=TkReg
2099
93163  49.618  -5.983  23.444 0.0000000000
68165  41.162  -24.321  42.707 0.0000000000
62305  24.682  -28.571  45.403 0.0000000000
65051  18.980  -26.540  50.019 0.0000000000
58279  34.907  -29.732  48.398 0.0000000000
66624  30.711  -25.341  40.562 0.0000000000
81461  48.493  -14.995  24.553 0.0000000000
94384  58.477  -5.082  23.527 0.0000000000
84173  52.130  -13.183  36.459 0.0000000000
76875  42.018  -18.827  35.257 0.0000000000
69815  34.236  -23.541  30.862 0.0000000000
60923  26.745  -29.058  50.611 0.0000000000
63673  21.579  -27.061  47.661 0.0000000000
66420  24.584  -25.665  51.995 0.0000000000
59715  29.887  -30.080  46.793 0.0000000000
86807  55.483  -11.406  34.387 0.0000000000
69398  42.569  -22.675  48.074 0.0000000000
71012  46.178  -21.048  44.706 0.0000000000
76806  46.963  -18.666  41.124 0.0000000000
71141  43.376  -21.838  38.604 0.0000000000
71216  39.529  -22.129  31.699 0.0000000000
71162  37.536  -23.256  37.279 0.0000000000
63838  24.988  -27.768  36.874 0.0000000000
68280  26.548  -24.636  34.650 0.0000000000
97054  53.825  -3.914  22.419 0.0000000000
93260  53.962  -6.452  16.376 0.0000000000
62420  22.637  -28.239  39.350 0.0000000000
65233  18.842  -26.590  41.524 0.0000000000
63697  38.853  -27.491  45.477 0.0000000000
66605  36.055  -25.750  41.505 0.0000000000
63704  32.742  -27.473  45.297 0.0000000000
62339  27.554  -29.025  42.066 0.0000000000
88221  48.593  -10.656  24.367 0.0000000000
66357  21.271  -25.256  54.866 0.0000000000
66401  16.340  -25.144  53.281 0.0000000000
96944  56.222  -3.527  28.263 0.0000000000
91750  54.823  -7.664  27.294 0.0000000000
85628  53.651  -12.408  28.250 0.0000000000
84274  50.437  -13.196  30.199 0.0000000000
84259  46.886  -12.780  31.500 0.0000000000
81183  50.914  -13.412  41.628 0.0000000000
82765  46.884  -14.810  36.691 0.0000000000
82862  41.325  -14.311  30.650 0.0000000000
76991  37.599  -18.644  28.249 0.0000000000
68259  32.309  -23.778  36.016 0.0000000000
60886  27.631  -28.866  53.035 0.0000000000
63599  25.990  -27.605  51.538 0.0000000000
62164  26.622  -27.504  53.686 0.0000000000
59608  29.330  -30.342  51.675 0.0000000000
66547  43.313  -24.717  45.686 0.0000000000
69590  43.789  -23.677  43.475 0.0000000000
71103  44.848  -22.276  40.594 0.0000000000
71106  41.785  -22.566  40.297 0.0000000000
71144  40.180  -22.061  37.889 0.0000000000
69672  39.152  -23.244  39.490 0.0000000000
63883  22.454  -28.156  35.075 0.0000000000
63907  23.186  -27.762  34.214 0.0000000000
97040  52.103  -3.942  23.454 0.0000000000
93202  51.795  -6.174  19.772 0.0000000000
94449  49.705  -6.215  20.571 0.0000000000
62341  23.588  -28.297  42.717 0.0000000000
63780  20.830  -27.123  40.172 0.0000000000
63743  22.319  -27.400  43.616 0.0000000000
63660  20.493  -27.008  48.715 0.0000000000
65152  18.821  -26.543  45.459 0.0000000000
65115  17.520  -26.285  47.519 0.0000000000
65094  16.414  -25.776  48.217 0.0000000000
63632  39.195  -25.667  48.356 0.0000000000
59708  36.759  -28.507  46.848 0.0000000000
63700  36.153  -27.690  45.432 0.0000000000
60982  33.768  -28.841  47.044 0.0000000000
61005  26.931  -29.531  45.508 0.0000000000
61018  28.759  -29.564  44.711 0.0000000000
61035  25.690  -29.520  42.993 0.0000000000
61074  24.747  -29.193  40.828 0.0000000000
84382  48.854  -13.372  24.740 0.0000000000
85756  45.492  -12.622  21.679 0.0000000000
81497  45.921  -15.178  22.272 0.0000000000
66383  14.469  -25.208  54.468 0.0000000000
88189  54.098  -10.020  26.810 0.0000000000
88135  55.997  -10.775  29.781 0.0000000000
85519  53.726  -12.456  35.249 0.0000000000
84218  52.828  -12.982  32.440 0.0000000000
84220  51.108  -12.681  33.226 0.0000000000
84257  49.116  -12.734  31.070 0.0000000000
84222  49.558  -12.834  33.600 0.0000000000
76837  44.481  -18.905  38.518 0.0000000000
79778  45.977  -16.142  39.279 0.0000000000
79828  44.231  -16.166  36.364 0.0000000000
82812  44.009  -15.094  34.328 0.0000000000
79905  41.373  -16.559  33.231 0.0000000000
79940  39.305  -16.343  30.050 0.0000000000
76924  39.587  -18.656  32.168 0.0000000000
72582  36.686  -21.591  28.591 0.0000000000
66622  32.745  -25.304  40.529 0.0000000000
66645  34.012  -24.800  38.978 0.0000000000
68214  31.640  -24.526  38.007 0.0000000000
69789  27.679  -23.270  32.242 0.0000000000
94440  60.373  -5.312  20.012 0.0000000000
95786  58.506  -4.499  19.366 0.0000000000
60965  26.279  -29.187  47.337 0.0000000000
63686  23.401  -27.676  46.031 0.0000000000
63656  24.414  -28.081  48.638 0.0000000000
63618  22.858  -26.925  50.042 0.0000000000
65047  21.710  -26.433  50.652 0.0000000000
56853  33.241  -30.901  50.176 0.0000000000
59667  32.780  -30.524  47.857 0.0000000000
59650  30.268  -30.535  49.183 0.0000000000
59696  28.045  -29.603  48.179 0.0000000000
88078  56.701  -10.603  32.655 0.0000000000
84157  53.534  -12.377  38.234 0.0000000000
73691  47.330  -20.432  42.351 0.0000000000
73744  45.745  -20.765  39.007 0.0000000000
72461  43.322  -21.187  36.146 0.0000000000
72518  41.341  -20.957  33.602 0.0000000000
72482  40.858  -21.698  35.146 0.0000000000
71195  38.472  -22.473  34.421 0.0000000000
69763  36.212  -23.399  34.228 0.0000000000
65248  27.589  -26.552  39.376 0.0000000000
66659  28.407  -24.858  37.593 0.0000000000
66670  25.746  -26.180  36.004 0.0000000000
95714  56.809  -4.012  22.897 0.0000000000
95788  56.399  -4.650  19.890 0.0000000000
94465  54.644  -5.312  20.128 0.0000000000
63709  20.193  -26.733  44.708 0.0000000000
63666  41.027  -25.646  47.126 0.0000000000
65161  40.277  -26.093  44.206 0.0000000000
66602  38.720  -25.248  41.869 0.0000000000
65189  37.299  -26.507  43.244 0.0000000000
65192  34.261  -26.222  43.487 0.0000000000
65215  31.510  -25.954  42.562 0.0000000000
61000  31.702  -29.095  45.863 0.0000000000
63741  30.505  -27.751  43.642 0.0000000000
65230  28.810  -27.203  41.296 0.0000000000
62375  27.197  -28.335  40.390 0.0000000000
62438  23.515  -28.358  37.715 0.0000000000
91808  48.871  -8.129  24.033 0.0000000000
91845  47.232  -7.465  21.265 0.0000000000
89393  45.953  -9.375  21.627 0.0000000000
66396  22.681  -24.945  53.009 0.0000000000
65000  20.424  -26.381  52.451 0.0000000000
66378  18.970  -25.507  54.011 0.0000000000
66449  17.722  -25.573  51.058 0.0000000000
99547  57.008  -1.262  25.703 0.0000000000
98275  54.787  -2.601  25.262 0.0000000000
95665  53.313  -4.397  26.252 0.0000000000
93120  52.315  -6.744  26.315 0.0000000000
90490  52.127  -9.130  25.936 0.0000000000
86975  51.674  -11.694  26.213 0.0000000000
84346  51.231  -13.553  26.353 0.0000000000
85580  54.543  -12.106  31.433 0.0000000000
84290  52.427  -13.584  28.876 0.0000000000
82910  49.972  -14.356  27.086 0.0000000000
84314  48.936  -13.278  28.224 0.0000000000
85631  46.483  -12.517  28.490 0.0000000000
82738  51.218  -14.026  38.736 0.0000000000
81187  48.359  -15.975  42.236 0.0000000000
81260  48.565  -14.782  39.032 0.0000000000
82783  49.197  -14.389  36.701 0.0000000000
84204  47.007  -13.713  34.495 0.0000000000
84262  44.327  -13.294  31.573 0.0000000000
73950  39.169  -20.778  29.896 0.0000000000
68208  37.006  -24.202  39.223 0.0000000000
68240  35.096  -24.073  36.569 0.0000000000
69766  33.781  -23.609  33.577 0.0000000000
68261  29.975  -23.709  35.444 0.0000000000
69769  30.901  -23.475  33.213 0.0000000000
60888  26.704  -28.069  53.441 0.0000000000
62162  27.262  -27.532  54.180 0.0000000000
68131  42.309  -24.795  44.194 0.0000000000
68129  43.930  -24.109  44.493 0.0000000000
69591  42.749  -23.890  43.152 0.0000000000
69641  43.268  -22.825  41.675 0.0000000000
69643  41.122  -23.315  41.452 0.0000000000
69658  40.160  -23.136  40.231 0.0000000000
69644  39.766  -23.853  41.195 0.0000000000
95717  50.970  -4.847  23.620 0.0000000000
94407  50.871  -4.999  22.218 0.0000000000
94408  49.782  -5.570  22.264 0.0000000000
62315  24.474  -28.583  44.210 0.0000000000
62342  22.932  -27.793  43.104 0.0000000000
62327  23.545  -28.018  43.803 0.0000000000
65073  19.528  -26.606  49.488 0.0000000000
65114  18.537  -26.514  47.579 0.0000000000
65092  18.264  -26.317  48.409 0.0000000000
65116  16.535  -26.089  47.507 0.0000000000
66487  17.502  -25.673  49.107 0.0000000000
59632  35.093  -29.354  49.466 0.0000000000
59630  36.016  -28.529  48.824 0.0000000000
59646  36.869  -28.192  47.904 0.0000000000
59687  35.759  -29.296  47.552 0.0000000000
60980  35.708  -29.018  46.868 0.0000000000
60961  34.937  -29.254  47.217 0.0000000000
61006  25.801  -29.257  45.163 0.0000000000
61020  26.693  -29.544  44.370 0.0000000000
61007  25.123  -29.080  44.477 0.0000000000
61036  24.901  -29.294  42.623 0.0000000000
82960  48.496  -14.252  24.490 0.0000000000
84395  46.976  -13.772  23.367 0.0000000000
82978  47.211  -14.816  23.515 0.0000000000
165466  57.516  -9.103  29.902 0.0000000000
88153  56.518  -9.799  28.831 0.0000000000
165470  57.376  -10.105  31.128 0.0000000000
84186  52.917  -12.712  35.797 0.0000000000
85531  52.793  -12.677  34.118 0.0000000000
84200  51.002  -12.922  34.255 0.0000000000
84221  50.327  -12.760  33.589 0.0000000000
84188  50.682  -13.431  35.237 0.0000000000
76859  42.951  -18.797  36.723 0.0000000000
78340  43.616  -17.901  37.570 0.0000000000
78361  43.012  -17.443  36.189 0.0000000000
79867  43.055  -16.321  34.786 0.0000000000
78378  41.568  -17.827  34.449 0.0000000000
78393  40.510  -17.744  33.174 0.0000000000
76908  40.672  -18.732  33.523 0.0000000000
66623  31.727  -25.279  40.540 0.0000000000
66632  32.385  -25.015  39.731 0.0000000000
66633  31.352  -24.970  39.745 0.0000000000
94418  59.868  -5.188  21.797 0.0000000000
95751  58.122  -4.878  21.262 0.0000000000
60947  26.243  -28.998  48.577 0.0000000000
62260  25.349  -28.529  48.507 0.0000000000
62248  25.445  -28.458  49.237 0.0000000000
64996  25.657  -26.733  51.962 0.0000000000
65044  24.460  -26.870  50.503 0.0000000000
65045  23.561  -26.583  50.473 0.0000000000
63619  22.238  -26.593  50.171 0.0000000000
65022  23.264  -25.870  51.000 0.0000000000
56830  32.145  -30.842  50.794 0.0000000000
58246  31.994  -31.100  49.861 0.0000000000
56832  31.085  -30.841  50.684 0.0000000000
59637  28.138  -29.889  50.775 0.0000000000
59652  28.721  -30.242  49.689 0.0000000000
60932  27.539  -29.686  49.401 0.0000000000
60964  27.056  -29.443  47.860 0.0000000000
70960  45.392  -21.736  45.495 0.0000000000
73625  45.626  -20.386  45.452 0.0000000000
73645  47.693  -20.303  45.194 0.0000000000
73644  48.505  -19.950  45.097 0.0000000000
71053  46.719  -20.844  43.817 0.0000000000
71121  43.787  -22.113  39.453 0.0000000000
72363  45.582  -21.709  40.298 0.0000000000
72385  44.176  -21.736  38.639 0.0000000000
72437  44.297  -21.088  37.493 0.0000000000
72438  43.689  -21.341  37.079 0.0000000000
72462  42.444  -21.499  35.901 0.0000000000
72440  41.901  -21.635  36.738 0.0000000000
71145  38.970  -22.745  38.185 0.0000000000
71172  39.426  -22.220  36.034 0.0000000000
71183  37.657  -22.929  35.912 0.0000000000
69779  36.860  -23.197  33.737 0.0000000000
69744  37.023  -23.383  35.459 0.0000000000
63836  26.298  -27.127  37.909 0.0000000000
65267  26.871  -26.321  37.948 0.0000000000
65269  25.915  -26.610  37.092 0.0000000000
97052  55.532  -3.943  22.525 0.0000000000
94423  55.000  -5.358  21.813 0.0000000000
95753  54.314  -5.245  21.904 0.0000000000
94484  51.796  -6.140  18.390 0.0000000000
62440  21.454  -27.693  37.400 0.0000000000
63840  21.091  -27.551  37.976 0.0000000000
63672  22.861  -27.617  47.350 0.0000000000
63707  21.715  -27.007  45.291 0.0000000000
63689  20.983  -26.815  45.883 0.0000000000
65179  16.968  -26.445  44.741 0.0000000000
65201  17.882  -26.536  43.718 0.0000000000
62279  39.273  -26.957  46.640 0.0000000000
62254  40.147  -25.569  47.769 0.0000000000
63682  40.235  -26.331  46.523 0.0000000000
65125  40.865  -26.064  45.860 0.0000000000
65145  39.832  -26.725  45.216 0.0000000000
65188  38.540  -26.277  43.255 0.0000000000
65163  37.717  -26.763  44.139 0.0000000000
63702  34.276  -27.450  45.546 0.0000000000
65165  35.625  -26.694  44.109 0.0000000000
65167  33.639  -26.538  44.286 0.0000000000
65214  32.791  -25.826  42.778 0.0000000000
65168  32.606  -26.602  44.342 0.0000000000
59692  31.428  -30.424  47.113 0.0000000000
59713  31.656  -29.903  46.414 0.0000000000
59729  30.837  -29.836  45.985 0.0000000000
61052  28.030  -29.370  43.015 0.0000000000
61030  30.025  -28.952  44.168 0.0000000000
62337  29.351  -28.260  42.727 0.0000000000
63752  29.681  -27.613  42.564 0.0000000000
62355  28.097  -28.263  41.220 0.0000000000
62374  27.911  -27.972  40.767 0.0000000000
62356  27.540  -28.816  41.464 0.0000000000
62399  23.544  -28.465  39.932 0.0000000000
62398  24.471  -28.717  39.675 0.0000000000
62419  23.467  -28.553  38.850 0.0000000000
89367  48.369  -9.351  24.040 0.0000000000
90522  47.606  -8.718  23.310 0.0000000000
89369  47.121  -9.895  23.330 0.0000000000
85794  45.967  -12.775  20.027 0.0000000000
66377  21.534  -25.421  54.180 0.0000000000
64999  21.288  -25.814  52.681 0.0000000000
63564  20.662  -25.576  53.994 0.0000000000
67951  16.919  -24.991  54.479 0.0000000000
66400  17.447  -25.205  53.139 0.0000000000
66399  18.675  -25.580  52.960 0.0000000000
66426  16.565  -25.016  52.258 0.0000000000
66472  15.838  -25.370  50.423 0.0000000000
66451  15.607  -25.250  51.416 0.0000000000
99560  57.822  -1.539  25.091 0.0000000000
98251  56.139  -1.996  26.934 0.0000000000
98230  55.846  -2.713  27.243 0.0000000000
96972  54.319  -3.471  26.380 0.0000000000
96957  54.621  -3.901  27.184 0.0000000000
93108  54.889  -6.750  27.550 0.0000000000
94335  53.762  -5.752  27.053 0.0000000000
91772  53.108  -7.791  26.520 0.0000000000
91774  51.593  -7.854  26.025 0.0000000000
90471  53.788  -8.668  26.627 0.0000000000
86939  53.939  -11.514  27.662 0.0000000000
88191  52.480  -10.626  26.329 0.0000000000
85676  52.562  -12.076  26.845 0.0000000000
85699  51.245  -12.578  26.102 0.0000000000
85656  52.169  -12.860  27.311 0.0000000000
86822  56.020  -10.922  32.967 0.0000000000
86866  55.966  -11.337  31.740 0.0000000000
86847  55.216  -11.569  32.278 0.0000000000
84237  52.061  -13.176  31.804 0.0000000000
84253  52.963  -13.195  30.427 0.0000000000
84273  51.417  -13.452  30.013 0.0000000000
84312  50.878  -14.074  28.291 0.0000000000
84292  50.672  -13.525  29.106 0.0000000000
84313  49.884  -13.878  28.018 0.0000000000
84293  49.679  -13.236  29.193 0.0000000000
85584  48.462  -12.603  31.489 0.0000000000
85611  48.198  -12.674  29.930 0.0000000000
85598  47.025  -12.539  30.370 0.0000000000
85599  46.130  -12.456  30.338 0.0000000000
81222  51.181  -13.629  40.516 0.0000000000
76787  47.861  -18.115  42.183 0.0000000000
78244  48.169  -16.836  43.018 0.0000000000
79747  47.502  -16.829  41.561 0.0000000000
81263  45.959  -15.639  38.131 0.0000000000
81261  47.674  -15.177  38.961 0.0000000000
81276  47.601  -15.126  37.952 0.0000000000
82741  49.017  -14.705  38.239 0.0000000000
82784  48.307  -14.533  36.467 0.0000000000
82797  48.036  -14.282  35.681 0.0000000000
82798  47.069  -14.265  35.346 0.0000000000
82839  43.085  -14.256  32.521 0.0000000000
84227  44.609  -14.039  33.142 0.0000000000
84264  42.695  -13.877  31.550 0.0000000000
84298  42.570  -13.304  29.957 0.0000000000
82874  41.152  -14.148  29.491 0.0000000000
82875  40.248  -14.800  29.738 0.0000000000
78456  38.322  -17.552  29.342 0.0000000000
79972  38.207  -16.503  27.727 0.0000000000
71204  40.210  -22.011  32.432 0.0000000000
73919  40.147  -20.953  31.814 0.0000000000
72544  39.556  -21.490  31.050 0.0000000000
72599  36.910  -20.945  27.695 0.0000000000
66604  36.981  -25.727  41.571 0.0000000000
68191  37.461  -24.831  40.536 0.0000000000
66628  36.229  -24.981  40.156 0.0000000000
68228  33.396  -24.395  37.296 0.0000000000
68227  34.385  -24.360  37.400 0.0000000000
68257  33.743  -23.795  35.951 0.0000000000
69727  34.256  -23.716  35.250 0.0000000000
69749  33.077  -23.610  34.397 0.0000000000
68263  27.557  -24.407  35.453 0.0000000000
68247  28.363  -24.418  36.295 0.0000000000
68262  28.795  -23.828  35.120 0.0000000000
69771  28.946  -23.386  33.115 0.0000000000
69785  31.660  -23.272  32.361 0.0000000000
94480  55.357  -4.716  18.674 0.0000000000
95813  56.799  -4.522  18.274 0.0000000000
91862  47.970  -7.719  19.226 0.0000000000
60915  27.036  -28.821  51.804 0.0000000000
62236  26.326  -28.480  50.569 0.0000000000
62206  26.548  -28.303  52.403 0.0000000000
63581  26.090  -27.523  52.550 0.0000000000
64976  25.581  -26.612  52.766 0.0000000000
60900  28.474  -29.615  52.066 0.0000000000
66518  43.059  -23.986  47.153 0.0000000000
69427  43.522  -22.762  47.267 0.0000000000
65121  44.089  -23.854  46.053 0.0000000000
66555  45.022  -23.020  44.967 0.0000000000
69588  45.570  -22.749  43.688 0.0000000000
71081  46.389  -22.040  42.457 0.0000000000
71058  44.373  -22.809  42.078 0.0000000000
71104  43.874  -22.334  40.455 0.0000000000
71122  42.662  -22.165  39.411 0.0000000000
71143  41.356  -21.834  38.402 0.0000000000
71124  40.506  -22.390  39.217 0.0000000000
71125  39.585  -22.663  38.883 0.0000000000
69688  38.421  -23.274  38.756 0.0000000000
63861  23.463  -27.812  36.272 0.0000000000
63881  24.306  -27.291  35.149 0.0000000000
62514  22.612  -28.324  34.125 0.0000000000
97055  52.928  -3.912  22.686 0.0000000000
94425  52.883  -5.266  21.632 0.0000000000
94406  51.987  -4.947  22.039 0.0000000000
93203  50.902  -6.360  19.894 0.0000000000
62380  22.834  -28.122  41.322 0.0000000000
63795  21.287  -27.409  39.665 0.0000000000
63764  22.224  -27.597  41.776 0.0000000000
63755  21.584  -27.139  42.211 0.0000000000
65218  20.621  -26.727  42.394 0.0000000000
63674  20.651  -27.046  48.083 0.0000000000
65112  20.715  -26.790  47.344 0.0000000000
65113  19.762  -26.734  47.686 0.0000000000
65135  17.707  -26.393  46.619 0.0000000000
65138  14.872  -26.662  46.692 0.0000000000
60956  37.907  -27.423  47.093 0.0000000000
60997  37.822  -27.755  46.191 0.0000000000
63699  37.026  -27.682  45.475 0.0000000000
62298  36.307  -28.251  45.925 0.0000000000
62299  35.435  -28.146  45.966 0.0000000000
62301  33.505  -27.835  46.084 0.0000000000
59732  28.429  -29.716  46.585 0.0000000000
61003  29.327  -29.656  45.515 0.0000000000
61004  28.149  -29.637  45.827 0.0000000000
61033  27.456  -29.570  43.601 0.0000000000
61053  27.367  -29.380  42.619 0.0000000000
61072  26.285  -29.325  41.507 0.0000000000
61055  25.595  -29.445  42.052 0.0000000000
62357  24.188  -28.872  41.297 0.0000000000
86993  48.863  -11.557  24.693 0.0000000000
87009  47.397  -11.389  23.764 0.0000000000
85740  47.103  -12.567  23.624 0.0000000000
84409  45.599  -13.437  22.074 0.0000000000
67939  15.982  -24.578  55.348 0.0000000000
66402  15.330  -25.208  53.380 0.0000000000
66452  14.498  -25.620  51.640 0.0000000000
66403  14.440  -25.496  53.636 0.0000000000
90453  55.519  -8.457  27.483 0.0000000000
89316  54.372  -9.442  26.866 0.0000000000
88172  55.424  -9.853  27.814 0.0000000000
88154  55.726  -10.342  28.575 0.0000000000
86919  54.786  -11.392  28.670 0.0000000000
85529  54.406  -12.131  34.668 0.0000000000
85545  54.540  -12.118  33.623 0.0000000000
85546  53.525  -12.562  33.202 0.0000000000
84219  51.951  -12.907  32.802 0.0000000000
84238  51.153  -12.803  32.167 0.0000000000
84256  50.135  -12.814  31.459 0.0000000000
84239  50.293  -12.666  32.669 0.0000000000
85568  49.644  -12.617  32.802 0.0000000000
85550  48.349  -12.622  33.024 0.0000000000
76808  45.639  -18.869  39.883 0.0000000000
79762  46.185  -16.813  40.279 0.0000000000
78324  44.963  -17.398  39.205 0.0000000000
79794  45.091  -16.455  38.445 0.0000000000
81291  45.438  -15.555  36.541 0.0000000000
81305  45.251  -15.170  35.800 0.0000000000
81306  44.393  -15.480  35.548 0.0000000000
81344  43.079  -15.711  34.111 0.0000000000
82841  41.426  -15.420  32.289 0.0000000000
81386  39.995  -15.394  30.315 0.0000000000
79918  40.173  -16.610  31.981 0.0000000000
78425  39.472  -17.534  31.451 0.0000000000
76977  38.422  -18.481  29.918 0.0000000000
71231  37.479  -22.738  31.434 0.0000000000
71244  38.322  -22.162  30.284 0.0000000000
71262  36.428  -22.256  29.470 0.0000000000
72583  35.573  -21.725  28.400 0.0000000000
72619  33.811  -21.367  26.817 0.0000000000
66607  34.118  -25.565  41.241 0.0000000000
66630  34.381  -24.995  39.736 0.0000000000
66631  33.387  -24.951  39.765 0.0000000000
68213  32.691  -24.597  38.054 0.0000000000
68229  32.351  -24.270  37.121 0.0000000000
68290  26.620  -24.027  33.268 0.0000000000
68297  26.188  -24.071  32.064 0.0000000000
95749  60.122  -5.098  20.909 0.0000000000
95765  59.563  -4.804  20.055 0.0000000000
95801  58.610  -4.774  18.365 0.0000000000
62304  25.448  -28.809  46.027 0.0000000000
62306  23.962  -27.914  45.610 0.0000000000
62272  24.812  -28.418  47.335 0.0000000000
63671  23.662  -28.005  47.487 0.0000000000
63657  23.704  -27.891  48.304 0.0000000000
63637  25.193  -28.143  49.747 0.0000000000
63639  23.178  -27.405  49.296 0.0000000000
63658  22.387  -27.380  48.489 0.0000000000
63640  21.851  -26.789  49.628 0.0000000000
65071  20.910  -26.647  50.140 0.0000000000
65049  20.302  -26.637  50.694 0.0000000000
58264  33.909  -30.342  49.436 0.0000000000
59666  33.646  -30.280  47.982 0.0000000000
58281  33.093  -30.836  48.612 0.0000000000
58283  31.596  -30.789  48.456 0.0000000000
59670  30.524  -30.569  48.232 0.0000000000
59635  29.504  -30.482  50.266 0.0000000000
59651  29.464  -30.393  49.389 0.0000000000
59695  28.899  -29.868  47.874 0.0000000000
59718  27.590  -29.570  47.534 0.0000000000
60987  26.195  -29.244  46.271 0.0000000000
82943  48.402  -15.118  25.533 0.0000000000
81462  47.789  -15.470  24.505 0.0000000000
81463  46.737  -15.755  24.437 0.0000000000
89238  57.460  -10.096  32.368 0.0000000000
86791  55.362  -11.314  35.209 0.0000000000
85505  54.363  -12.187  36.468 0.0000000000
85496  53.707  -12.484  36.971 0.0000000000
84172  52.953  -12.717  36.804 0.0000000000
75175  48.075  -18.972  43.654 0.0000000000
75212  47.277  -19.524  41.579 0.0000000000
72344  46.706  -21.414  41.608 0.0000000000
73727  46.482  -20.576  40.387 0.0000000000
75227  46.119  -19.795  39.775 0.0000000000
76836  45.028  -19.627  38.618 0.0000000000
73785  43.571  -20.083  37.135 0.0000000000
73804  42.888  -20.225  36.153 0.0000000000
75343  41.505  -19.760  34.414 0.0000000000
72499  42.446  -20.982  34.573 0.0000000000
72501  41.065  -21.777  34.200 0.0000000000
71193  40.259  -22.044  33.469 0.0000000000
72441  40.858  -21.638  36.801 0.0000000000
71181  39.322  -22.147  34.947 0.0000000000
71206  38.441  -22.509  33.325 0.0000000000
71218  37.295  -23.002  32.772 0.0000000000
71219  36.538  -23.318  32.553 0.0000000000
69797  35.223  -23.573  32.117 0.0000000000
66635  29.063  -25.443  39.613 0.0000000000
66649  29.853  -24.825  38.763 0.0000000000
66651  27.709  -25.581  38.244 0.0000000000
66668  26.867  -25.368  36.674 0.0000000000
66676  26.127  -25.255  35.282 0.0000000000
65290  24.907  -26.746  35.151 0.0000000000
65317  24.906  -25.994  34.179 0.0000000000
95713  57.537  -4.203  23.376 0.0000000000
94441  57.165  -5.149  21.487 0.0000000000
94422  56.031  -5.470  21.898 0.0000000000
95790  55.020  -5.067  19.647 0.0000000000
94496  54.432  -5.356  17.793 0.0000000000
94445  53.776  -5.697  20.777 0.0000000000
94482  53.508  -5.470  18.578 0.0000000000
63728  22.362  -27.309  44.572 0.0000000000
63729  21.421  -26.931  44.151 0.0000000000
65199  19.715  -26.544  43.193 0.0000000000
65151  19.620  -26.655  45.082 0.0000000000
65200  18.839  -26.476  43.467 0.0000000000
66481  41.948  -23.987  47.682 0.0000000000
66534  42.428  -25.277  46.290 0.0000000000
66560  41.478  -25.361  44.468 0.0000000000
66583  40.294  -25.148  43.012 0.0000000000
68167  39.900  -24.933  42.049 0.0000000000
66574  39.374  -25.717  43.117 0.0000000000
65208  38.358  -25.912  42.684 0.0000000000
65210  36.789  -26.146  42.372 0.0000000000
65164  36.630  -26.732  44.094 0.0000000000
65190  36.239  -26.436  43.273 0.0000000000
66589  35.367  -25.813  42.011 0.0000000000
66591  33.504  -25.565  42.023 0.0000000000
66592  32.596  -25.624  42.015 0.0000000000
65227  31.290  -25.687  41.835 0.0000000000
59690  33.272  -29.659  47.410 0.0000000000
60983  32.804  -28.827  46.776 0.0000000000
62302  32.440  -28.122  45.633 0.0000000000
61002  30.241  -29.561  45.451 0.0000000000
62313  31.097  -28.379  44.730 0.0000000000
63725  31.370  -27.673  44.426 0.0000000000
65195  31.037  -26.995  43.502 0.0000000000
65216  30.199  -26.834  42.691 0.0000000000
65237  29.136  -26.300  40.900 0.0000000000
65239  27.902  -26.879  40.128 0.0000000000
63792  27.372  -27.429  39.784 0.0000000000
62416  26.158  -27.823  38.530 0.0000000000
62377  25.755  -28.768  40.106 0.0000000000
62397  25.400  -28.608  39.478 0.0000000000
62437  24.487  -28.186  37.311 0.0000000000
62462  22.702  -28.104  36.839 0.0000000000
93148  49.631  -6.473  24.283 0.0000000000
93164  49.038  -6.331  23.068 0.0000000000
91834  47.749  -7.506  22.829 0.0000000000
88257  45.673  -11.113  22.241 0.0000000000
88276  45.824  -11.162  20.054 0.0000000000
80054  46.288  -16.390  22.278 0.0000000000
64935  26.754  -25.868  54.111 0.0000000000
64937  25.972  -25.656  53.913 0.0000000000
66373  25.308  -25.787  53.383 0.0000000000
67947  24.094  -24.976  53.910 0.0000000000
67978  23.444  -25.190  52.740 0.0000000000
64998  21.961  -25.641  52.315 0.0000000000
65025  20.363  -26.650  51.519 0.0000000000
65026  19.708  -26.556  51.183 0.0000000000
63552  19.748  -25.579  54.727 0.0000000000
66398  19.330  -25.714  53.495 0.0000000000
64981  19.175  -26.108  52.271 0.0000000000
66448  18.538  -25.986  50.913 0.0000000000
66488  16.969  -25.468  49.390 0.0000000000
97016  58.892  -3.402  24.348 0.0000000000
98304  58.317  -2.703  24.205 0.0000000000
98306  56.375  -2.538  23.649 0.0000000000
98307  55.315  -2.719  23.510 0.0000000000
99505  57.284  -1.064  27.175 0.0000000000
98273  56.238  -1.727  25.957 0.0000000000
98292  54.536  -2.597  24.253 0.0000000000
97018  53.427  -3.285  24.260 0.0000000000
97019  52.714  -3.880  24.772 0.0000000000
95667  51.934  -4.887  25.545 0.0000000000
95638  54.260  -4.812  27.345 0.0000000000
94347  52.118  -5.598  26.002 0.0000000000
94349  50.845  -6.084  25.363 0.0000000000
91791  50.925  -7.735  25.534 0.0000000000
90492  50.597  -8.651  25.347 0.0000000000
89336  50.364  -10.033  25.207 0.0000000000
89318  53.036  -9.885  26.268 0.0000000000
88205  52.086  -10.148  25.960 0.0000000000
88208  49.962  -10.714  25.202 0.0000000000
85701  49.895  -12.582  25.224 0.0000000000
84366  50.149  -13.470  25.325 0.0000000000
81421  49.927  -14.581  25.527 0.0000000000
88096  56.631  -10.868  31.437 0.0000000000
86903  55.569  -11.300  30.103 0.0000000000
85609  54.301  -12.137  29.065 0.0000000000
85566  53.701  -12.698  32.015 0.0000000000
85596  53.484  -12.789  30.064 0.0000000000
84289  53.097  -13.063  28.710 0.0000000000
84311  51.716  -14.065  28.089 0.0000000000
82909  50.655  -14.508  26.817 0.0000000000
81423  49.292  -15.020  25.948 0.0000000000
82926  48.953  -14.803  26.262 0.0000000000
84348  48.515  -14.345  26.389 0.0000000000
84294  48.591  -12.846  29.332 0.0000000000
85630  47.434  -12.791  28.139 0.0000000000
84149  52.196  -13.282  38.438 0.0000000000
84160  51.489  -13.603  37.247 0.0000000000
82656  49.309  -14.769  41.770 0.0000000000
81226  47.548  -15.928  41.009 0.0000000000
81225  48.644  -15.289  40.797 0.0000000000
81224  49.578  -14.808  40.653 0.0000000000
82716  49.979  -14.570  39.184 0.0000000000
82761  50.321  -14.266  37.704 0.0000000000
84175  50.248  -13.814  35.974 0.0000000000
84189  49.608  -13.650  35.368 0.0000000000
84203  48.062  -13.366  34.414 0.0000000000
84224  47.392  -13.059  33.253 0.0000000000
82810  45.602  -14.241  34.263 0.0000000000
84225  46.068  -13.709  33.451 0.0000000000
84261  45.350  -12.942  31.322 0.0000000000
84278  44.428  -13.049  30.477 0.0000000000
81397  39.310  -15.647  28.835 0.0000000000
81411  38.958  -15.830  27.316 0.0000000000
75367  40.370  -19.650  33.137 0.0000000000
75417  39.233  -19.840  31.116 0.0000000000
75442  38.449  -19.551  29.566 0.0000000000
72565  38.632  -21.071  29.283 0.0000000000
73969  38.071  -20.251  28.261 0.0000000000
68189  38.915  -24.550  40.941 0.0000000000
69673  38.074  -23.849  39.675 0.0000000000
69690  36.804  -23.920  38.069 0.0000000000
68210  35.592  -24.594  38.541 0.0000000000
68225  36.190  -24.237  37.705 0.0000000000
69715  36.402  -23.843  36.862 0.0000000000
69746  35.537  -23.615  34.827 0.0000000000
69765  34.637  -23.586  33.718 0.0000000000
69799  33.438  -23.524  31.648 0.0000000000
68216  29.638  -24.607  37.890 0.0000000000
68230  31.213  -24.204  37.134 0.0000000000
68260  30.632  -23.661  35.413 0.0000000000
69754  28.478  -23.624  33.746 0.0000000000
69752  30.227  -23.483  34.038 0.0000000000
69751  31.147  -23.454  34.178 0.0000000000
69768  31.889  -23.357  33.362 0.0000000000
69800  32.447  -23.418  31.460 0.0000000000
95787  57.440  -4.423  19.715 0.0000000000
95812  57.696  -4.724  18.002 0.0000000000
93256  57.990  -6.239  16.442 0.0000000000
93189  48.354  -6.607  21.217 0.0000000000
68164  41.779  -24.305  43.020 0.0000000000
68148  42.159  -24.462  43.502 0.0000000000
69592  42.200  -24.140  43.026 0.0000000000
69619  42.001  -23.708  42.512 0.0000000000
69620  41.262  -23.863  42.225 0.0000000000
68178  40.848  -24.156  42.120 0.0000000000
94385  50.224  -5.463  23.306 0.0000000000
94386  49.656  -5.799  23.019 0.0000000000
62316  23.994  -27.912  44.831 0.0000000000
65074  18.771  -26.412  49.260 0.0000000000
65075  18.128  -25.973  49.139 0.0000000000
65052  18.475  -26.261  49.771 0.0000000000
58263  35.125  -29.590  48.978 0.0000000000
59631  35.684  -28.917  49.230 0.0000000000
58262  35.675  -29.159  48.744 0.0000000000
58277  36.025  -28.996  48.382 0.0000000000
58295  35.434  -29.494  47.909 0.0000000000
60960  35.376  -29.235  47.220 0.0000000000
59688  35.115  -29.475  47.650 0.0000000000
81460  48.927  -14.589  24.720 0.0000000000
82976  48.244  -14.755  24.326 0.0000000000
81480  48.122  -14.943  24.206 0.0000000000
88075  57.434  -9.614  30.745 0.0000000000
88076  57.509  -9.754  31.204 0.0000000000
84187  51.943  -12.982  35.126 0.0000000000
76860  42.491  -18.824  36.172 0.0000000000
78353  42.703  -18.086  36.373 0.0000000000
78362  42.314  -17.718  35.594 0.0000000000
78363  41.760  -18.095  35.065 0.0000000000
78392  41.163  -17.837  33.750 0.0000000000
76891  41.678  -18.855  34.713 0.0000000000
66634  30.265  -25.156  39.712 0.0000000000
94419  58.796  -5.247  21.922 0.0000000000
94400  58.426  -5.254  22.837 0.0000000000
60933  26.864  -29.351  49.547 0.0000000000
60934  26.261  -28.823  49.686 0.0000000000
64997  25.004  -26.132  51.588 0.0000000000
65021  24.330  -26.136  50.977 0.0000000000
66445  24.490  -25.859  51.507 0.0000000000
66446  23.928  -25.648  51.539 0.0000000000
58214  32.606  -30.566  51.206 0.0000000000
56831  31.709  -30.883  50.762 0.0000000000
56818  30.848  -30.972  50.962 0.0000000000
60922  27.490  -29.624  50.265 0.0000000000
70992  45.805  -21.542  44.947 0.0000000000
72260  45.284  -21.061  45.556 0.0000000000
72269  45.753  -21.104  45.010 0.0000000000
73635  46.366  -20.187  45.053 0.0000000000
72278  46.645  -20.279  44.861 0.0000000000
72290  47.145  -20.022  44.593 0.0000000000
71030  46.659  -20.976  44.074 0.0000000000
72409  43.945  -21.464  37.941 0.0000000000
72410  43.121  -21.626  37.740 0.0000000000
72439  42.868  -21.540  36.817 0.0000000000
72411  42.187  -21.656  37.622 0.0000000000
71161  38.127  -22.929  37.518 0.0000000000
71173  38.370  -22.592  36.487 0.0000000000
71174  37.615  -23.096  36.766 0.0000000000
69723  37.035  -23.467  36.328 0.0000000000
63837  25.674  -27.278  37.312 0.0000000000
97053  54.719  -3.907  22.319 0.0000000000
95734  54.419  -4.799  22.186 0.0000000000
63839  21.590  -27.622  38.447 0.0000000000
63814  21.839  -27.729  39.035 0.0000000000
63688  21.977  -26.936  46.548 0.0000000000
65131  21.485  -26.819  47.113 0.0000000000
65202  17.261  -26.529  44.091 0.0000000000
62294  39.231  -27.317  46.255 0.0000000000
63683  39.651  -26.914  46.257 0.0000000000
63696  39.453  -27.226  45.866 0.0000000000
65146  39.126  -27.203  45.005 0.0000000000
65162  38.995  -26.830  44.371 0.0000000000
63717  38.589  -27.349  45.040 0.0000000000
63703  33.336  -27.448  45.470 0.0000000000
63722  34.005  -27.012  44.907 0.0000000000
63723  33.067  -26.982  44.968 0.0000000000
59693  30.598  -30.434  47.308 0.0000000000
59714  30.757  -30.202  46.559 0.0000000000
59730  30.034  -29.899  46.084 0.0000000000
62325  28.424  -29.107  43.052 0.0000000000
62324  28.937  -28.827  43.198 0.0000000000
62338  28.325  -28.665  42.330 0.0000000000
62439  22.270  -27.887  37.998 0.0000000000
89352  48.891  -9.691  24.400 0.0000000000
89353  48.273  -9.949  24.210 0.0000000000
67950  21.992  -24.929  54.349 0.0000000000
64978  20.999  -25.565  53.849 0.0000000000
64965  20.941  -25.490  54.584 0.0000000000
66380  17.132  -25.129  54.246 0.0000000000
66427  15.458  -25.189  52.445 0.0000000000
100858  58.714  -0.580  26.956 0.0000000000
100837  57.900  -0.602  27.538 0.0000000000
98218  56.823  -2.491  28.592 0.0000000000
98229  56.266  -2.435  27.763 0.0000000000
96955  55.851  -3.007  27.708 0.0000000000
96956  55.277  -3.482  27.442 0.0000000000
93118  54.201  -6.837  27.112 0.0000000000
91771  54.028  -7.719  26.806 0.0000000000
86940  53.364  -11.780  27.363 0.0000000000
85654  53.487  -12.092  27.646 0.0000000000
85655  52.815  -12.451  27.463 0.0000000000
86823  55.420  -11.476  33.335 0.0000000000
84255  51.256  -13.030  31.054 0.0000000000
84254  52.177  -13.288  30.763 0.0000000000
85585  47.422  -12.691  31.326 0.0000000000
85586  46.647  -12.630  31.026 0.0000000000
81202  50.563  -13.761  41.196 0.0000000000
76788  47.496  -18.408  41.743 0.0000000000
78265  47.738  -17.547  41.859 0.0000000000
78284  47.212  -17.703  41.412 0.0000000000
81277  46.662  -15.211  37.496 0.0000000000
82764  47.558  -14.726  37.046 0.0000000000
82785  47.459  -14.655  36.165 0.0000000000
82786  46.630  -14.833  36.030 0.0000000000
82849  42.189  -14.260  31.603 0.0000000000
84281  41.887  -13.908  30.673 0.0000000000
78469  37.736  -17.513  28.302 0.0000000000
78470  37.435  -18.094  27.837 0.0000000000
72532  39.902  -21.778  31.631 0.0000000000
71229  39.291  -22.059  31.064 0.0000000000
66618  36.685  -25.332  40.757 0.0000000000
66619  35.719  -25.277  40.652 0.0000000000
68242  33.168  -24.092  36.559 0.0000000000
68258  32.910  -23.747  35.952 0.0000000000
69728  33.392  -23.616  35.231 0.0000000000
69729  32.336  -23.656  35.350 0.0000000000
94512  55.137  -5.377  16.875 0.0000000000
93259  54.768  -6.181  16.296 0.0000000000
60901  27.715  -29.099  52.316 0.0000000000
60902  27.077  -28.606  52.648 0.0000000000
62173  26.775  -27.848  53.670 0.0000000000
62191  26.418  -28.065  53.044 0.0000000000
63563  26.037  -27.327  53.004 0.0000000000
63549  26.129  -26.853  53.242 0.0000000000
62171  28.218  -29.109  53.179 0.0000000000
60885  28.354  -29.301  52.933 0.0000000000
65143  43.364  -24.535  46.266 0.0000000000
66517  43.594  -23.561  46.721 0.0000000000
65142  43.805  -24.258  45.940 0.0000000000
69564  43.909  -23.920  44.028 0.0000000000
66557  44.316  -23.911  44.862 0.0000000000
68128  44.629  -23.470  44.340 0.0000000000
66570  45.053  -23.125  44.465 0.0000000000
69589  44.961  -23.196  43.445 0.0000000000
69616  45.043  -22.978  42.782 0.0000000000
69617  44.484  -23.196  42.701 0.0000000000
71086  42.275  -22.699  41.020 0.0000000000
71085  43.135  -22.576  41.128 0.0000000000
71105  42.917  -22.360  40.307 0.0000000000
71123  41.628  -22.240  39.306 0.0000000000
71107  41.001  -22.614  39.930 0.0000000000
69671  39.824  -22.808  39.498 0.0000000000
69687  39.040  -23.003  38.829 0.0000000000
63882  23.135  -27.759  35.485 0.0000000000
97056  52.053  -3.824  22.982 0.0000000000
95736  52.521  -4.579  22.294 0.0000000000
95737  51.504  -4.496  22.778 0.0000000000
94427  50.610  -5.565  21.339 0.0000000000
94448  50.397  -6.094  20.613 0.0000000000
93204  50.026  -6.387  19.978 0.0000000000
62358  23.527  -28.484  41.779 0.0000000000
62359  22.827  -28.086  42.246 0.0000000000
63754  22.233  -27.509  42.675 0.0000000000
63756  20.846  -26.816  41.844 0.0000000000
63744  21.478  -27.053  43.111 0.0000000000
63675  20.219  -26.924  48.285 0.0000000000
65154  16.877  -26.210  45.709 0.0000000000
65155  15.865  -26.378  45.708 0.0000000000
65136  16.700  -26.255  46.633 0.0000000000
65117  15.465  -25.931  47.699 0.0000000000
62230  37.413  -27.004  48.817 0.0000000000
59663  36.875  -28.243  47.480 0.0000000000
60944  37.447  -27.683  47.567 0.0000000000
59685  37.164  -28.084  47.099 0.0000000000
59706  37.800  -27.611  46.749 0.0000000000
59727  37.109  -28.221  46.445 0.0000000000
62297  37.014  -28.235  45.985 0.0000000000
62281  36.787  -28.929  46.379 0.0000000000
60981  34.848  -28.939  46.855 0.0000000000
62283  35.610  -28.631  46.418 0.0000000000
62284  34.671  -28.486  46.502 0.0000000000
62300  34.501  -27.917  46.126 0.0000000000
62285  33.698  -28.348  46.549 0.0000000000
60985  27.934  -29.698  46.581 0.0000000000
61034  26.571  -29.572  43.319 0.0000000000
61054  26.434  -29.512  42.371 0.0000000000
62340  24.272  -28.771  42.206 0.0000000000
62379  23.526  -28.489  40.863 0.0000000000
85721  48.505  -12.458  24.569 0.0000000000
85722  47.829  -12.452  24.135 0.0000000000
82993  46.417  -14.600  22.935 0.0000000000
84408  46.064  -13.583  22.718 0.0000000000
82994  45.781  -14.272  22.307 0.0000000000
81515  45.680  -14.762  21.513 0.0000000000
81514  45.962  -15.510  21.389 0.0000000000
66362  15.219  -24.797  54.984 0.0000000000
67953  15.976  -24.823  54.691 0.0000000000
66382  15.225  -24.993  54.170 0.0000000000
89303  56.130  -9.277  27.999 0.0000000000
88134  56.664  -10.047  29.592 0.0000000000
88155  54.959  -10.900  28.129 0.0000000000
86918  55.402  -11.111  29.341 0.0000000000
85530  53.705  -12.490  34.306 0.0000000000
84199  51.896  -12.683  33.814 0.0000000000
85547  52.615  -12.819  33.284 0.0000000000
84240  49.968  -12.725  33.176 0.0000000000
85548  49.481  -12.688  33.212 0.0000000000
85549  49.101  -12.646  33.166 0.0000000000
84223  48.604  -12.966  33.689 0.0000000000
76825  45.171  -18.934  39.156 0.0000000000
78305  45.269  -17.945  39.701 0.0000000000
78325  44.525  -17.736  38.787 0.0000000000
79809  44.159  -16.980  37.493 0.0000000000
79808  44.959  -16.138  37.112 0.0000000000
79827  44.878  -15.845  36.571 0.0000000000
81292  44.831  -15.593  36.200 0.0000000000
79847  43.869  -15.930  35.720 0.0000000000
79887  42.284  -16.575  34.096 0.0000000000
81325  42.918  -16.123  34.399 0.0000000000
81345  42.489  -16.103  33.788 0.0000000000
82830  42.441  -15.535  33.265 0.0000000000
81355  41.435  -15.951  32.709 0.0000000000
81356  40.781  -16.137  32.245 0.0000000000
79906  40.686  -16.758  32.773 0.0000000000
78409  39.831  -17.591  32.345 0.0000000000
78410  39.519  -18.072  31.862 0.0000000000
76959  39.174  -18.111  31.051 0.0000000000
76942  38.917  -18.698  31.058 0.0000000000
71245  37.545  -22.296  30.216 0.0000000000
71246  36.214  -22.950  30.730 0.0000000000
72584  34.948  -21.981  28.551 0.0000000000
72601  34.592  -21.630  27.863 0.0000000000
66621  33.754  -25.307  40.503 0.0000000000
66647  32.021  -24.770  38.890 0.0000000000
66646  33.035  -24.807  38.923 0.0000000000
95750  59.136  -4.887  21.060 0.0000000000
95785  59.361  -4.843  18.998 0.0000000000
62287  25.545  -28.756  46.860 0.0000000000
62288  24.785  -28.464  46.501 0.0000000000
62271  25.500  -28.684  47.785 0.0000000000
62249  24.854  -28.263  48.779 0.0000000000
62261  24.692  -28.259  48.147 0.0000000000
62222  26.032  -28.032  50.739 0.0000000000
62237  25.837  -28.331  50.054 0.0000000000
63617  23.912  -27.313  50.020 0.0000000000
63659  21.264  -27.166  48.677 0.0000000000
65070  21.330  -26.596  50.322 0.0000000000
65072  20.231  -26.627  49.887 0.0000000000
65048  20.956  -26.678  50.867 0.0000000000
56828  32.894  -30.572  50.983 0.0000000000
59604  33.626  -29.688  51.018 0.0000000000
58230  33.376  -30.360  50.602 0.0000000000
59633  34.030  -29.849  49.887 0.0000000000
58245  33.499  -30.541  50.163 0.0000000000
58265  33.270  -31.006  49.355 0.0000000000
56855  32.871  -31.305  49.815 0.0000000000
58247  31.484  -30.890  49.840 0.0000000000
58267  31.820  -31.122  49.185 0.0000000000
58268  31.113  -30.757  49.046 0.0000000000
58284  31.127  -30.692  48.370 0.0000000000
58232  30.162  -30.641  50.863 0.0000000000
59621  29.395  -30.428  51.110 0.0000000000
59673  28.081  -29.955  49.130 0.0000000000
59672  28.759  -30.123  48.788 0.0000000000
59671  29.592  -30.332  48.493 0.0000000000
59717  28.123  -29.730  47.189 0.0000000000
81443  47.894  -15.479  25.108 0.0000000000
85517  54.798  -11.637  35.805 0.0000000000
85504  54.636  -11.584  36.633 0.0000000000
85495  54.111  -12.237  37.449 0.0000000000
84158  53.074  -12.780  37.888 0.0000000000
69451  43.899  -22.496  46.859 0.0000000000
73671  47.326  -20.026  43.590 0.0000000000
75148  48.269  -19.117  44.219 0.0000000000
73689  47.691  -19.529  43.431 0.0000000000
75195  47.507  -19.631  42.347 0.0000000000
75196  47.360  -20.070  41.970 0.0000000000
71082  45.690  -22.412  41.912 0.0000000000
71101  46.236  -21.997  41.524 0.0000000000
71102  45.678  -22.201  41.042 0.0000000000
72383  45.594  -21.358  39.479 0.0000000000
72382  46.064  -21.196  40.064 0.0000000000
73743  46.077  -20.696  39.595 0.0000000000
75236  45.888  -20.329  39.309 0.0000000000
75237  45.571  -19.992  38.961 0.0000000000
72460  43.914  -20.956  36.823 0.0000000000
73784  43.992  -20.446  37.428 0.0000000000
73802  43.828  -20.703  36.899 0.0000000000
73803  43.417  -20.534  36.547 0.0000000000
73823  43.322  -20.924  35.913 0.0000000000
73848  42.518  -20.645  34.961 0.0000000000
72479  43.184  -21.054  35.655 0.0000000000
72481  41.881  -21.688  34.988 0.0000000000
72502  40.196  -21.973  34.478 0.0000000000
72412  41.294  -21.632  37.515 0.0000000000
71159  39.971  -21.922  36.684 0.0000000000
71182  38.468  -22.489  35.464 0.0000000000
71194  39.392  -22.260  33.891 0.0000000000
71207  37.570  -22.783  33.960 0.0000000000
69780  36.255  -23.421  33.216 0.0000000000
69796  35.984  -23.493  32.386 0.0000000000
69781  35.351  -23.603  33.014 0.0000000000
65247  28.366  -26.260  39.898 0.0000000000
66636  28.085  -25.737  39.092 0.0000000000
66637  27.487  -26.053  38.738 0.0000000000
66662  26.408  -25.982  37.070 0.0000000000
66661  27.049  -25.658  37.349 0.0000000000
66669  26.276  -25.683  36.376 0.0000000000
68249  26.783  -25.203  36.379 0.0000000000
66677  25.725  -25.913  35.456 0.0000000000
63906  23.913  -27.084  33.895 0.0000000000
65318  24.459  -26.419  33.462 0.0000000000
66691  25.603  -25.464  34.534 0.0000000000
95731  57.087  -4.622  22.763 0.0000000000
94402  56.536  -5.101  22.343 0.0000000000
94444  54.734  -5.607  21.028 0.0000000000
94464  55.204  -5.382  20.603 0.0000000000
94481  54.761  -4.984  19.005 0.0000000000
94446  52.557  -5.868  20.492 0.0000000000
94483  52.480  -5.821  18.249 0.0000000000
63779  21.425  -27.387  40.495 0.0000000000
63796  20.439  -27.013  39.497 0.0000000000
62289  24.007  -28.049  46.345 0.0000000000
63705  23.464  -27.656  45.361 0.0000000000
63708  20.849  -26.907  44.965 0.0000000000
63730  20.619  -26.725  44.297 0.0000000000
65174  20.809  -26.733  43.775 0.0000000000
65175  20.263  -26.633  43.799 0.0000000000
65133  19.999  -26.693  46.285 0.0000000000
65177  18.786  -26.506  44.442 0.0000000000
65221  18.072  -26.593  42.752 0.0000000000
63610  38.888  -25.776  48.778 0.0000000000
65065  39.892  -25.104  48.645 0.0000000000
62266  40.545  -25.454  47.473 0.0000000000
63630  40.496  -25.107  48.180 0.0000000000
65085  41.358  -24.600  47.771 0.0000000000
63649  41.649  -24.906  47.494 0.0000000000
65104  42.449  -24.715  47.150 0.0000000000
63665  41.825  -25.169  47.249 0.0000000000
65144  40.904  -26.049  44.896 0.0000000000
66549  41.674  -25.607  45.266 0.0000000000
65160  40.865  -25.746  44.452 0.0000000000
66571  41.142  -25.127  43.923 0.0000000000
66572  40.579  -25.348  43.581 0.0000000000
66573  39.988  -25.561  43.278 0.0000000000
65209  37.788  -26.115  42.619 0.0000000000
63719  36.903  -27.294  44.769 0.0000000000
63720  35.930  -27.200  44.788 0.0000000000
65166  34.639  -26.617  44.187 0.0000000000
65191  35.249  -26.357  43.363 0.0000000000
65211  35.801  -26.162  42.507 0.0000000000
65212  34.858  -25.959  42.706 0.0000000000
66590  34.486  -25.560  42.046 0.0000000000
65213  33.870  -25.770  42.803 0.0000000000
59691  32.282  -30.196  47.167 0.0000000000
59728  31.296  -29.613  45.957 0.0000000000
60984  32.199  -29.304  46.410 0.0000000000
60999  32.390  -28.787  46.210 0.0000000000
61017  29.723  -29.398  44.734 0.0000000000
62323  29.806  -28.347  43.472 0.0000000000
62314  30.453  -28.396  44.178 0.0000000000
63726  30.834  -27.937  44.205 0.0000000000
65170  31.283  -27.360  43.973 0.0000000000
63762  29.363  -27.408  42.112 0.0000000000
65217  29.662  -27.130  42.282 0.0000000000
65229  29.485  -26.672  41.604 0.0000000000
65238  28.599  -26.821  40.745 0.0000000000
62395  26.976  -27.889  39.674 0.0000000000
63793  26.837  -27.545  39.334 0.0000000000
62396  26.384  -28.074  39.258 0.0000000000
61073  25.473  -29.284  41.158 0.0000000000
61089  26.154  -28.896  40.659 0.0000000000
61090  25.259  -29.024  40.279 0.0000000000
61104  25.003  -28.884  39.847 0.0000000000
62418  24.492  -28.545  38.517 0.0000000000
62461  23.633  -28.087  36.819 0.0000000000
91807  49.405  -7.812  24.460 0.0000000000
93149  48.813  -7.213  23.937 0.0000000000
93150  48.500  -7.777  23.669 0.0000000000
90536  47.073  -8.640  22.724 0.0000000000
90537  46.463  -8.536  22.041 0.0000000000
87026  45.921  -11.774  22.643 0.0000000000
88256  46.128  -10.821  22.752 0.0000000000
87027  45.469  -11.817  21.989 0.0000000000
87047  45.906  -11.981  20.028 0.0000000000
85809  47.371  -12.183  19.682 0.0000000000
81482  46.743  -15.634  23.462 0.0000000000
66354  27.407  -25.469  54.183 0.0000000000
66336  26.179  -25.281  54.337 0.0000000000
66337  25.488  -25.252  54.676 0.0000000000
66356  24.766  -25.100  54.551 0.0000000000
66375  23.291  -24.967  53.617 0.0000000000
66395  23.603  -25.116  53.016 0.0000000000
66422  22.637  -25.431  52.327 0.0000000000
66423  21.972  -25.350  52.711 0.0000000000
65001  19.714  -26.563  52.051 0.0000000000
66358  18.543  -25.397  54.604 0.0000000000
64941  18.552  -25.192  55.643 0.0000000000
64954  19.070  -25.548  54.917 0.0000000000
63542  19.519  -25.504  55.140 0.0000000000
64967  19.753  -25.682  54.021 0.0000000000
66425  17.617  -25.416  52.088 0.0000000000
66424  18.476  -25.890  51.824 0.0000000000
66470  17.869  -25.834  50.003 0.0000000000
66489  16.087  -25.489  49.522 0.0000000000
98287  59.486  -2.680  25.869 0.0000000000
97033  57.986  -3.469  23.807 0.0000000000
98288  58.878  -2.408  25.062 0.0000000000
99546  57.753  -1.221  25.689 0.0000000000
98289  58.021  -1.942  24.487 0.0000000000
98290  56.800  -1.695  24.723 0.0000000000
99487  57.219  -1.312  28.217 0.0000000000
98252  55.554  -2.487  26.547 0.0000000000
98274  55.613  -2.148  25.475 0.0000000000
98291  55.548  -2.284  24.431 0.0000000000
97017  53.980  -2.888  24.356 0.0000000000
96994  54.074  -3.119  25.002 0.0000000000
96973  53.626  -4.005  26.309 0.0000000000
96995  53.312  -3.806  25.562 0.0000000000
96996  52.728  -4.144  25.370 0.0000000000
95691  52.244  -4.313  25.201 0.0000000000
95666  52.689  -4.697  25.916 0.0000000000
95637  54.780  -4.552  27.601 0.0000000000
94323  54.625  -5.637  27.545 0.0000000000
93119  53.409  -6.767  26.675 0.0000000000
94336  52.866  -5.742  26.521 0.0000000000
93133  51.712  -6.128  25.999 0.0000000000
93135  50.527  -6.694  25.159 0.0000000000
93134  51.357  -6.755  25.792 0.0000000000
90473  52.026  -8.543  26.110 0.0000000000
90491  51.463  -8.769  25.702 0.0000000000
89350  50.300  -9.349  25.192 0.0000000000
89335  51.040  -9.702  25.394 0.0000000000
89317  53.644  -9.579  26.532 0.0000000000
88192  51.963  -11.112  26.288 0.0000000000
88206  51.630  -10.667  25.824 0.0000000000
88207  50.753  -10.746  25.411 0.0000000000
86977  50.309  -11.680  25.390 0.0000000000
86976  51.056  -11.687  25.720 0.0000000000
84364  50.953  -13.172  25.958 0.0000000000
85700  50.624  -12.721  25.623 0.0000000000
84365  50.689  -13.716  25.798 0.0000000000
82941  50.202  -14.174  25.460 0.0000000000
84347  50.874  -14.038  26.107 0.0000000000
88077  57.042  -10.468  32.510 0.0000000000
89253  57.439  -10.282  31.898 0.0000000000
86864  56.863  -10.745  32.102 0.0000000000
86867  55.335  -11.549  31.414 0.0000000000
86885  55.844  -11.246  30.927 0.0000000000
86886  55.074  -11.687  30.614 0.0000000000
86904  54.899  -11.667  29.649 0.0000000000
85595  54.291  -12.342  30.139 0.0000000000
85565  54.437  -12.167  32.597 0.0000000000
84271  53.012  -13.196  29.527 0.0000000000
85610  53.643  -12.667  29.287 0.0000000000
84310  52.516  -13.189  28.072 0.0000000000
82889  50.864  -14.403  27.576 0.0000000000
82925  49.848  -14.751  26.306 0.0000000000
82911  49.368  -14.318  26.904 0.0000000000
84334  48.922  -13.963  27.058 0.0000000000
84335  48.115  -13.250  27.459 0.0000000000
84349  47.740  -13.865  26.152 0.0000000000
84275  49.445  -12.939  30.285 0.0000000000
84276  48.665  -12.728  30.363 0.0000000000
85612  47.513  -12.605  29.402 0.0000000000
81240  51.929  -13.529  39.916 0.0000000000
84141  51.639  -13.606  38.753 0.0000000000
84150  51.653  -13.663  38.096 0.0000000000
79732  48.298  -16.155  42.578 0.0000000000
79718  48.506  -15.471  43.319 0.0000000000
79731  48.545  -15.475  42.762 0.0000000000
79730  49.089  -14.599  42.447 0.0000000000
81186  48.772  -15.450  42.108 0.0000000000
81227  46.896  -16.290  40.575 0.0000000000
81245  48.065  -15.203  39.954 0.0000000000
81244  49.207  -14.839  39.789 0.0000000000
81243  50.094  -14.542  39.944 0.0000000000
82717  49.300  -14.568  38.921 0.0000000000
82762  49.523  -14.507  37.508 0.0000000000
82782  50.166  -14.216  36.754 0.0000000000
82795  49.643  -14.055  36.160 0.0000000000
84191  47.671  -13.839  35.079 0.0000000000
84190  48.577  -13.751  35.187 0.0000000000
82800  44.880  -14.837  34.948 0.0000000000
82799  45.996  -14.675  35.319 0.0000000000
82811  44.666  -14.432  34.148 0.0000000000
84244  44.255  -13.782  32.575 0.0000000000
84226  45.102  -13.830  33.133 0.0000000000
84243  45.224  -13.398  32.422 0.0000000000
84277  44.983  -12.895  30.638 0.0000000000
84318  41.820  -13.586  29.212 0.0000000000
81376  39.671  -15.913  30.380 0.0000000000
81387  39.616  -15.629  29.704 0.0000000000
79955  39.139  -16.201  29.401 0.0000000000
79973  37.729  -16.780  27.149 0.0000000000
79991  38.468  -16.368  26.663 0.0000000000
73871  41.474  -20.517  33.953 0.0000000000
75344  40.951  -19.696  33.825 0.0000000000
73872  40.826  -20.504  33.405 0.0000000000
73934  39.229  -20.477  30.452 0.0000000000
73920  39.698  -20.544  31.545 0.0000000000
73935  38.759  -20.001  30.092 0.0000000000
73968  38.491  -20.285  28.955 0.0000000000
72566  37.773  -21.756  29.386 0.0000000000
73992  37.132  -20.515  27.176 0.0000000000
72598  37.353  -20.685  27.689 0.0000000000
73991  37.586  -20.269  27.553 0.0000000000
66601  39.375  -25.191  42.101 0.0000000000
68180  39.366  -24.710  41.500 0.0000000000
68181  38.523  -24.918  41.250 0.0000000000
68199  37.302  -24.393  39.817 0.0000000000
68198  37.865  -24.346  40.221 0.0000000000
69674  37.437  -24.040  39.363 0.0000000000
69689  37.399  -23.737  38.733 0.0000000000
66644  34.847  -24.932  38.984 0.0000000000
66629  35.499  -24.938  39.628 0.0000000000
68226  35.320  -24.351  37.565 0.0000000000
68239  35.815  -24.224  36.984 0.0000000000
69716  35.842  -23.948  36.434 0.0000000000
69725  35.579  -23.780  35.751 0.0000000000
69748  33.989  -23.659  34.448 0.0000000000
69747  34.799  -23.640  34.585 0.0000000000
69782  34.502  -23.603  32.812 0.0000000000
69783  33.610  -23.476  32.646 0.0000000000
66650  28.713  -25.106  38.261 0.0000000000
68246  29.493  -24.106  36.234 0.0000000000
68231  30.103  -24.250  37.120 0.0000000000
68245  30.766  -23.810  36.126 0.0000000000
69773  27.308  -23.647  32.837 0.0000000000
68289  27.407  -23.800  33.341 0.0000000000
69772  28.010  -23.562  33.106 0.0000000000
69770  29.906  -23.457  33.144 0.0000000000
69750  32.102  -23.524  34.333 0.0000000000
69801  31.406  -23.073  31.283 0.0000000000
94462  60.991  -5.873  19.725 0.0000000000
95767  57.185  -4.821  20.777 0.0000000000
94494  56.972  -4.844  17.501 0.0000000000
94510  57.407  -5.535  16.919 0.0000000000
93177  47.905  -6.727  22.255 0.0000000000
93190  47.755  -7.012  21.245 0.0000000000
60871  27.800  -28.586  53.408 0.0000000000
60887  26.981  -28.372  53.220 0.0000000000
60857  27.656  -28.043  53.790 0.0000000000
60858  27.174  -27.848  54.110 0.0000000000
62163  26.868  -27.558  54.016 0.0000000000
68106  43.467  -24.553  44.983 0.0000000000
68130  43.125  -24.616  44.502 0.0000000000
68147  43.011  -24.367  43.783 0.0000000000
69618  43.413  -23.235  42.341 0.0000000000
69642  42.529  -23.030  41.715 0.0000000000
69657  40.976  -22.830  40.524 0.0000000000
95716  51.745  -4.297  23.771 0.0000000000
95738  50.864  -4.894  22.958 0.0000000000
94428  49.706  -5.853  21.212 0.0000000000
62326  24.337  -28.669  43.184 0.0000000000
63742  22.861  -27.607  44.067 0.0000000000
63642  20.126  -26.788  49.186 0.0000000000
63661  19.932  -26.814  48.588 0.0000000000
65091  19.220  -26.601  48.587 0.0000000000
65093  17.369  -25.896  48.341 0.0000000000
66506  16.934  -25.599  48.744 0.0000000000
60921  36.367  -27.806  48.952 0.0000000000
60920  36.943  -27.607  48.542 0.0000000000
59647  36.387  -28.502  48.340 0.0000000000
59664  36.427  -28.720  47.932 0.0000000000
59709  36.075  -29.119  47.087 0.0000000000
60979  36.498  -28.853  46.664 0.0000000000
60962  34.225  -29.195  47.284 0.0000000000
61021  25.806  -29.379  43.988 0.0000000000
61022  25.003  -29.214  43.591 0.0000000000
84394  47.635  -13.446  24.023 0.0000000000
82961  48.014  -13.921  24.308 0.0000000000
82977  47.826  -14.465  24.034 0.0000000000
66363  14.389  -25.056  55.326 0.0000000000
165475  57.692  -9.052  29.052 0.0000000000
89287  57.114  -9.253  28.756 0.0000000000
89275  57.141  -9.543  29.445 0.0000000000
88112  56.995  -10.287  30.620 0.0000000000
85520  53.037  -12.693  34.925 0.0000000000
84201  50.053  -13.166  34.433 0.0000000000
76844  43.842  -18.781  37.895 0.0000000000
78339  44.084  -17.886  38.166 0.0000000000
79810  43.581  -17.401  37.184 0.0000000000
79829  43.542  -17.033  36.625 0.0000000000
79848  43.238  -16.572  35.514 0.0000000000
79849  42.682  -16.995  35.242 0.0000000000
79869  41.946  -17.200  34.472 0.0000000000
79888  41.794  -16.875  33.918 0.0000000000
79889  41.071  -17.110  33.409 0.0000000000
76923  40.064  -18.656  32.852 0.0000000000
66648  30.956  -24.711  38.879 0.0000000000
94382  60.290  -5.313  23.483 0.0000000000
95766  58.332  -4.537  20.398 0.0000000000
63616  25.164  -27.627  50.340 0.0000000000
65020  25.193  -26.796  51.083 0.0000000000
65046  22.604  -26.343  50.582 0.0000000000
65023  22.161  -25.932  51.581 0.0000000000
56815  32.910  -31.117  51.481 0.0000000000
56841  32.625  -30.911  50.453 0.0000000000
56842  32.340  -31.081  50.236 0.0000000000
56843  31.689  -30.924  50.357 0.0000000000
58248  30.787  -30.702  50.016 0.0000000000
59622  28.691  -30.084  51.411 0.0000000000
59636  28.719  -30.232  50.540 0.0000000000
59653  28.078  -29.990  49.964 0.0000000000
60945  27.645  -29.648  48.751 0.0000000000
60963  27.487  -29.489  48.283 0.0000000000
60946  27.148  -29.415  48.738 0.0000000000
70947  44.786  -21.831  46.069 0.0000000000
72252  44.928  -21.062  45.814 0.0000000000
73614  44.926  -20.505  46.032 0.0000000000
75101  47.138  -19.323  45.090 0.0000000000
75125  48.197  -19.324  45.159 0.0000000000
72304  47.314  -20.040  44.474 0.0000000000
72324  47.000  -20.773  42.898 0.0000000000
71120  44.499  -22.084  39.873 0.0000000000
72364  45.083  -21.852  39.849 0.0000000000
72384  44.808  -21.736  39.133 0.0000000000
72407  45.360  -21.257  38.771 0.0000000000
73763  45.314  -20.736  38.475 0.0000000000
72408  44.754  -21.295  38.270 0.0000000000
72463  41.438  -21.605  35.907 0.0000000000
71160  39.158  -22.375  37.146 0.0000000000
71196  37.679  -22.874  34.958 0.0000000000
69762  36.955  -23.256  34.564 0.0000000000
65257  27.062  -26.595  38.598 0.0000000000
65258  26.668  -26.806  38.096 0.0000000000
65280  25.736  -26.563  36.502 0.0000000000
97051  55.912  -3.975  22.643 0.0000000000
94403  55.669  -5.142  22.263 0.0000000000
94404  55.097  -5.053  22.168 0.0000000000
93216  51.294  -6.249  18.973 0.0000000000
93215  51.899  -6.020  19.220 0.0000000000
65240  20.269  -26.797  40.266 0.0000000000
63687  22.864  -27.458  46.469 0.0000000000
63706  22.713  -27.349  45.580 0.0000000000
65178  17.921  -26.519  44.693 0.0000000000
63746  17.188  -26.654  43.623 0.0000000000
62255  39.114  -26.223  47.457 0.0000000000
62240  40.048  -25.505  48.152 0.0000000000
62267  39.931  -25.796  47.099 0.0000000000
63667  40.223  -25.991  46.885 0.0000000000
63681  40.944  -25.982  46.549 0.0000000000
65187  39.608  -26.113  43.608 0.0000000000
63701  35.235  -27.560  45.499 0.0000000000
63721  34.974  -27.053  44.874 0.0000000000
65193  33.211  -26.138  43.578 0.0000000000
65194  32.095  -26.335  43.543 0.0000000000
61032  28.378  -29.384  43.723 0.0000000000
61031  29.312  -29.180  43.942 0.0000000000
63751  30.061  -27.641  43.066 0.0000000000
62336  29.817  -28.009  42.874 0.0000000000
63753  29.186  -27.975  42.226 0.0000000000
63763  28.806  -27.681  41.708 0.0000000000
63776  28.394  -27.625  41.010 0.0000000000
62378  24.213  -28.787  40.474 0.0000000000
61091  24.717  -28.967  40.250 0.0000000000
90508  49.280  -8.808  24.394 0.0000000000
91809  48.478  -8.316  23.753 0.0000000000
90521  48.171  -8.795  23.719 0.0000000000
89383  47.212  -9.288  23.163 0.0000000000
89384  46.535  -9.659  22.646 0.0000000000
84423  45.561  -13.346  21.343 0.0000000000
85775  45.512  -12.661  21.031 0.0000000000
84443  46.055  -13.681  20.240 0.0000000000
66376  22.333  -25.124  53.807 0.0000000000
66397  21.729  -25.356  53.399 0.0000000000
64979  20.445  -25.828  53.536 0.0000000000
67938  16.694  -24.588  55.049 0.0000000000
66359  18.019  -25.147  54.735 0.0000000000
66379  18.186  -25.230  53.966 0.0000000000
66450  16.746  -25.230  51.243 0.0000000000
99545  58.614  -1.467  25.658 0.0000000000
100871  58.950  -0.918  26.311 0.0000000000
99527  58.246  -0.920  26.276 0.0000000000
99528  57.478  -1.057  26.362 0.0000000000
99488  56.673  -1.898  28.038 0.0000000000
98253  54.968  -2.619  26.091 0.0000000000
96971  55.012  -2.988  26.625 0.0000000000
94334  54.356  -6.259  27.315 0.0000000000
93121  51.856  -7.315  26.155 0.0000000000
91773  52.263  -7.879  26.308 0.0000000000
90472  52.818  -8.904  26.259 0.0000000000
88174  53.870  -10.903  27.330 0.0000000000
88190  53.557  -10.537  26.797 0.0000000000
86957  53.532  -11.239  27.221 0.0000000000
86958  52.993  -11.514  26.862 0.0000000000
86959  52.281  -11.604  26.541 0.0000000000
85677  51.979  -12.562  26.749 0.0000000000
84332  51.772  -13.499  27.289 0.0000000000
88060  56.462  -10.619  33.106 0.0000000000
86845  56.570  -10.763  32.442 0.0000000000
86846  56.002  -11.197  32.425 0.0000000000
84236  52.940  -13.130  31.414 0.0000000000
84272  52.302  -13.539  29.795 0.0000000000
84291  51.593  -13.718  29.026 0.0000000000
82890  50.415  -14.229  27.759 0.0000000000
84333  49.535  -14.164  27.286 0.0000000000
84258  48.565  -12.693  30.883 0.0000000000
85597  47.986  -12.666  30.553 0.0000000000
85613  46.365  -12.424  29.497 0.0000000000
85614  45.449  -12.546  29.625 0.0000000000
81221  51.823  -13.275  40.520 0.0000000000
82694  51.257  -13.951  39.920 0.0000000000
75193  48.010  -18.108  43.252 0.0000000000
76771  48.198  -17.550  43.354 0.0000000000
78263  47.920  -17.363  42.781 0.0000000000
78264  47.886  -17.305  42.350 0.0000000000
79746  47.878  -16.718  41.947 0.0000000000
79793  45.898  -15.873  38.632 0.0000000000
81246  46.902  -15.704  39.897 0.0000000000
81262  46.645  -15.478  38.634 0.0000000000
81275  48.306  -14.971  38.299 0.0000000000
82763  48.518  -14.724  37.442 0.0000000000
82796  48.908  -14.115  35.941 0.0000000000
82829  43.056  -15.150  33.553 0.0000000000
82828  44.069  -14.377  33.309 0.0000000000
84245  43.617  -13.942  32.391 0.0000000000
84263  43.326  -13.706  31.784 0.0000000000
84279  43.424  -13.251  30.753 0.0000000000
84280  42.440  -13.653  30.959 0.0000000000
84299  41.822  -13.737  30.165 0.0000000000
82893  39.814  -14.920  28.775 0.0000000000
79941  38.767  -16.802  29.711 0.0000000000
79956  38.540  -16.531  28.807 0.0000000000
78485  37.698  -17.068  27.620 0.0000000000
72519  40.737  -21.353  33.234 0.0000000000
73895  40.292  -20.548  32.402 0.0000000000
72531  40.208  -21.449  31.949 0.0000000000
72553  39.222  -21.148  29.992 0.0000000000
72600  35.786  -21.054  27.489 0.0000000000
66603  37.873  -25.347  41.604 0.0000000000
68182  37.909  -25.012  41.012 0.0000000000
66617  37.403  -25.332  41.045 0.0000000000
68192  36.817  -24.813  40.177 0.0000000000
68200  36.472  -24.608  39.530 0.0000000000
68212  33.697  -24.547  38.166 0.0000000000
68211  34.657  -24.562  38.283 0.0000000000
68241  34.068  -24.180  36.592 0.0000000000
68256  34.556  -23.873  35.944 0.0000000000
68255  35.063  -23.905  35.896 0.0000000000
68233  28.039  -24.698  37.150 0.0000000000
68232  28.953  -24.520  37.249 0.0000000000
69805  27.334  -23.261  31.399 0.0000000000
69788  28.566  -23.157  32.288 0.0000000000
69786  30.615  -23.107  32.265 0.0000000000
95804  55.674  -4.592  19.080 0.0000000000
95814  56.189  -4.474  18.572 0.0000000000
91846  46.850  -7.883  20.676 0.0000000000
91855  47.634  -7.395  20.163 0.0000000000
90557  47.334  -8.446  19.313 0.0000000000
62221  26.457  -28.341  51.383 0.0000000000
63598  26.334  -28.065  51.955 0.0000000000
62190  26.705  -28.344  52.828 0.0000000000
62207  26.303  -28.028  52.676 0.0000000000
63580  26.270  -27.936  52.302 0.0000000000
64977  25.200  -26.101  52.258 0.0000000000
59609  29.234  -30.157  52.271 0.0000000000
59591  29.015  -29.744  52.787 0.0000000000
60913  28.282  -29.741  51.495 0.0000000000
60914  27.723  -29.508  51.328 0.0000000000
68023  43.018  -23.403  47.414 0.0000000000
68044  43.336  -23.385  47.037 0.0000000000
68043  43.817  -22.959  46.635 0.0000000000
68042  44.408  -22.699  46.205 0.0000000000
66546  44.122  -24.071  45.392 0.0000000000
66545  44.451  -23.437  45.523 0.0000000000
68062  44.654  -22.513  45.919 0.0000000000
68081  45.437  -22.530  45.596 0.0000000000
68126  45.664  -22.182  44.872 0.0000000000
68162  46.169  -22.233  44.080 0.0000000000
69614  46.419  -21.817  43.589 0.0000000000
71055  45.946  -22.375  43.113 0.0000000000
71056  45.533  -22.610  42.758 0.0000000000
71083  44.952  -22.521  41.544 0.0000000000
71084  43.984  -22.599  41.422 0.0000000000
71142  42.406  -21.862  38.525 0.0000000000
71146  38.356  -23.049  38.173 0.0000000000
69703  37.929  -23.294  38.190 0.0000000000
63860  24.143  -27.704  36.398 0.0000000000
62540  22.175  -29.170  33.738 0.0000000000
95735  53.416  -4.547  22.232 0.0000000000
94405  52.466  -4.981  22.025 0.0000000000
94426  51.701  -5.397  21.353 0.0000000000
94447  51.361  -6.032  20.611 0.0000000000
62400  22.806  -28.141  40.380 0.0000000000
63794  22.069  -27.729  39.957 0.0000000000
63778  22.177  -27.671  40.875 0.0000000000
63765  21.500  -27.265  41.354 0.0000000000
63757  20.294  -26.731  41.421 0.0000000000
65219  19.956  -26.604  42.134 0.0000000000
65111  21.212  -26.821  47.276 0.0000000000
65134  18.777  -26.542  46.560 0.0000000000
65153  17.846  -26.449  45.636 0.0000000000
65137  15.744  -26.266  46.691 0.0000000000
62243  37.477  -27.276  48.397 0.0000000000
60929  37.843  -27.195  47.923 0.0000000000
62256  38.614  -26.607  47.574 0.0000000000
60975  38.681  -26.997  46.932 0.0000000000
60996  38.331  -27.566  46.314 0.0000000000
62296  37.887  -27.754  45.837 0.0000000000
63698  37.883  -27.610  45.491 0.0000000000
62282  36.492  -28.682  46.444 0.0000000000
59731  29.130  -29.760  46.310 0.0000000000
61019  27.707  -29.606  44.629 0.0000000000
61071  27.047  -29.281  41.818 0.0000000000
61056  24.838  -29.252  41.685 0.0000000000
88222  47.920  -10.577  24.036 0.0000000000
86994  48.217  -11.515  24.214 0.0000000000
85741  46.359  -12.667  23.015 0.0000000000
85755  45.733  -12.650  22.390 0.0000000000
83030  45.679  -14.084  20.922 0.0000000000
67923  16.484  -24.608  55.616 0.0000000000
66381  16.096  -25.190  54.096 0.0000000000
66428  14.530  -25.593  52.720 0.0000000000
64982  13.887  -25.872  53.677 0.0000000000
90470  54.643  -8.553  27.005 0.0000000000
89304  55.132  -9.333  27.398 0.0000000000
89288  56.395  -9.631  28.529 0.0000000000
88173  54.587  -10.426  27.489 0.0000000000
86938  54.569  -11.265  27.965 0.0000000000
85627  54.286  -11.972  28.515 0.0000000000
85544  55.000  -11.792  34.212 0.0000000000
85583  49.374  -12.564  31.917 0.0000000000
85567  49.970  -12.627  32.595 0.0000000000
85569  48.822  -12.550  32.451 0.0000000000
85570  47.889  -12.621  32.275 0.0000000000
82639  50.515  -13.552  42.336 0.0000000000
76807  46.308  -18.816  40.454 0.0000000000
78285  46.573  -17.814  40.811 0.0000000000
78286  45.844  -17.952  40.302 0.0000000000
79763  45.605  -17.386  40.031 0.0000000000
79779  45.405  -16.948  39.574 0.0000000000
79795  44.445  -17.234  38.240 0.0000000000
81278  45.728  -15.681  37.386 0.0000000000
81290  46.243  -15.231  36.683 0.0000000000
81304  45.934  -15.085  36.088 0.0000000000
82801  44.353  -15.228  34.931 0.0000000000
81307  43.776  -15.801  35.296 0.0000000000
81324  43.452  -15.805  34.683 0.0000000000
82813  43.432  -15.452  34.149 0.0000000000
82840  42.083  -15.127  32.623 0.0000000000
82850  41.150  -15.049  31.676 0.0000000000
82863  40.494  -15.041  30.800 0.0000000000
82851  40.548  -15.384  31.286 0.0000000000
81375  40.022  -15.702  31.002 0.0000000000
79930  39.469  -16.578  30.890 0.0000000000
79919  39.695  -16.775  31.543 0.0000000000
79931  39.006  -16.916  30.343 0.0000000000
78440  38.711  -17.571  30.131 0.0000000000
76990  38.036  -18.549  29.038 0.0000000000
71217  38.491  -22.505  32.148 0.0000000000
71230  38.633  -22.307  30.925 0.0000000000
72567  37.010  -21.841  29.302 0.0000000000
71279  36.052  -22.009  28.816 0.0000000000
66606  35.088  -25.509  41.332 0.0000000000
66620  34.756  -25.263  40.512 0.0000000000
68243  32.511  -23.962  36.424 0.0000000000
68291  25.850  -24.815  33.854 0.0000000000
69790  26.900  -23.560  32.216 0.0000000000
69806  26.642  -23.712  31.326 0.0000000000
95764  60.224  -5.178  20.381 0.0000000000
94479  59.252  -5.164  18.138 0.0000000000
94509  58.433  -5.701  17.071 0.0000000000
93275  54.358  -6.868  15.905 0.0000000000
62273  24.158  -28.183  47.062 0.0000000000
62274  23.589  -27.936  47.009 0.0000000000
60924  26.303  -28.703  50.208 0.0000000000
63638  24.478  -27.890  49.286 0.0000000000
63641  20.808  -26.879  49.381 0.0000000000
65050  19.641  -26.555  50.361 0.0000000000
59619  34.545  -29.182  50.006 0.0000000000
59649  34.638  -29.702  49.351 0.0000000000
59665  34.375  -29.928  48.065 0.0000000000
58280  33.874  -30.413  48.644 0.0000000000
58282  32.302  -30.946  48.526 0.0000000000
58266  32.544  -31.209  49.390 0.0000000000
59668  31.936  -30.553  47.824 0.0000000000
59669  31.211  -30.623  47.844 0.0000000000
59694  29.747  -30.242  47.594 0.0000000000
56819  30.642  -30.740  51.035 0.0000000000
58231  30.616  -30.717  50.592 0.0000000000
59634  30.034  -30.583  49.853 0.0000000000
59716  29.032  -29.823  47.049 0.0000000000
60986  27.227  -29.639  46.753 0.0000000000
81442  48.738  -15.133  25.366 0.0000000000
80039  45.932  -16.758  23.687 0.0000000000
88059  56.718  -10.218  33.478 0.0000000000
88046  56.250  -10.588  34.065 0.0000000000
86806  55.979  -11.032  33.774 0.0000000000
88034  55.585  -10.945  35.333 0.0000000000
85528  54.912  -11.704  34.986 0.0000000000
85518  54.373  -12.125  35.576 0.0000000000
85506  53.740  -12.495  36.160 0.0000000000
76754  48.655  -18.359  43.859 0.0000000000
75194  47.953  -18.806  42.939 0.0000000000
75211  47.606  -18.816  42.235 0.0000000000
71080  46.605  -21.421  42.929 0.0000000000
72343  46.993  -21.191  42.307 0.0000000000
72362  46.274  -21.472  40.808 0.0000000000
73707  46.742  -20.883  41.075 0.0000000000
73706  47.152  -20.588  41.664 0.0000000000
73726  46.950  -20.260  41.034 0.0000000000
75226  46.741  -19.617  40.686 0.0000000000
75228  45.629  -19.428  39.441 0.0000000000
73764  44.715  -20.671  38.026 0.0000000000
75250  44.584  -19.959  38.180 0.0000000000
75265  44.093  -19.581  37.953 0.0000000000
75283  43.281  -19.596  36.969 0.0000000000
75284  42.866  -19.661  36.449 0.0000000000
75299  42.244  -19.508  35.409 0.0000000000
75321  42.038  -19.808  34.960 0.0000000000
75320  42.412  -20.144  35.378 0.0000000000
73849  42.055  -20.567  34.463 0.0000000000
72480  42.713  -21.204  35.163 0.0000000000
72500  41.857  -21.242  34.176 0.0000000000
71205  39.434  -22.264  32.805 0.0000000000
72464  40.448  -21.813  36.009 0.0000000000
72465  39.978  -22.015  35.915 0.0000000000
71232  36.580  -23.200  31.899 0.0000000000
69813  35.859  -23.407  31.624 0.0000000000
66660  27.903  -25.134  37.657 0.0000000000
66652  27.198  -26.011  38.203 0.0000000000
68234  27.566  -25.068  37.204 0.0000000000
68248  27.338  -24.919  36.568 0.0000000000
68264  26.706  -24.929  35.828 0.0000000000
66690  26.027  -25.036  34.762 0.0000000000
63859  25.129  -27.288  36.144 0.0000000000
63880  24.953  -26.994  35.529 0.0000000000
65289  25.389  -26.605  35.648 0.0000000000
65306  24.624  -26.627  34.468 0.0000000000
95730  57.871  -4.893  23.239 0.0000000000
94420  57.762  -5.197  21.922 0.0000000000
94401  57.437  -5.080  22.508 0.0000000000
94421  56.892  -5.289  21.951 0.0000000000
95768  56.092  -5.024  20.655 0.0000000000
95769  55.583  -5.238  20.613 0.0000000000
95789  55.465  -5.009  20.015 0.0000000000
95805  55.214  -4.890  19.441 0.0000000000
95754  53.716  -5.105  21.970 0.0000000000
94466  53.616  -5.476  19.714 0.0000000000
94467  52.527  -5.752  19.270 0.0000000000
63815  21.101  -27.338  38.834 0.0000000000
63816  20.207  -27.213  38.553 0.0000000000
63727  23.168  -27.611  44.701 0.0000000000
65197  21.091  -26.837  43.526 0.0000000000
65198  20.623  -26.731  43.060 0.0000000000
65132  21.066  -26.741  46.769 0.0000000000
63690  20.314  -26.777  45.389 0.0000000000
65176  19.652  -26.578  44.151 0.0000000000
65220  18.943  -26.497  42.513 0.0000000000
65064  40.318  -24.873  48.522 0.0000000000
68001  41.686  -23.378  48.083 0.0000000000
68024  42.171  -23.513  47.727 0.0000000000
66480  42.517  -23.733  47.533 0.0000000000
66519  42.719  -24.723  46.797 0.0000000000
66533  42.919  -24.810  46.449 0.0000000000
66535  41.804  -25.581  45.906 0.0000000000
66559  42.375  -25.137  44.852 0.0000000000
68132  41.665  -24.871  43.922 0.0000000000
68149  41.274  -24.703  43.421 0.0000000000
68150  40.694  -24.809  43.069 0.0000000000
68166  40.439  -24.755  42.462 0.0000000000
66584  39.790  -25.287  42.648 0.0000000000
66585  38.905  -25.571  42.592 0.0000000000
66586  38.174  -25.619  42.275 0.0000000000
66587  37.497  -25.752  42.113 0.0000000000
65225  36.503  -25.976  41.843 0.0000000000
63718  37.879  -27.321  44.861 0.0000000000
66588  35.859  -26.051  41.966 0.0000000000
66608  33.134  -25.578  41.253 0.0000000000
66609  32.021  -25.459  41.457 0.0000000000
66610  31.091  -25.528  41.292 0.0000000000
59689  34.269  -29.601  47.643 0.0000000000
59712  32.509  -29.587  46.833 0.0000000000
59711  32.955  -29.133  47.169 0.0000000000
62286  32.915  -28.349  46.341 0.0000000000
61001  30.967  -29.369  45.567 0.0000000000
61016  30.555  -29.048  44.830 0.0000000000
61015  31.167  -28.881  45.277 0.0000000000
62303  31.599  -28.502  45.325 0.0000000000
62312  31.719  -28.029  45.010 0.0000000000
63724  32.187  -27.373  44.905 0.0000000000
65169  31.696  -27.003  44.176 0.0000000000
65196  30.398  -27.291  43.251 0.0000000000
65228  30.609  -26.035  41.924 0.0000000000
66611  30.253  -25.750  41.297 0.0000000000
66625  29.629  -25.707  40.673 0.0000000000
65246  28.936  -26.090  40.394 0.0000000000
63777  27.867  -27.506  40.510 0.0000000000
63811  27.044  -27.066  39.179 0.0000000000
63812  26.540  -27.315  38.651 0.0000000000
63813  26.070  -27.578  38.099 0.0000000000
62436  25.211  -27.917  37.394 0.0000000000
61088  26.906  -29.074  41.094 0.0000000000
62376  26.204  -28.580  39.961 0.0000000000
62417  25.553  -28.132  38.183 0.0000000000
62460  24.096  -28.012  36.847 0.0000000000
62485  23.013  -27.975  36.248 0.0000000000
62486  22.235  -28.261  35.712 0.0000000000
93178  47.489  -7.190  21.769 0.0000000000
91822  47.511  -8.092  22.916 0.0000000000
91835  47.203  -7.697  22.201 0.0000000000
91836  46.711  -7.936  21.477 0.0000000000
88237  47.382  -10.401  23.668 0.0000000000
89385  45.751  -10.292  22.067 0.0000000000
87036  45.449  -11.829  21.079 0.0000000000
87048  45.670  -11.608  20.342 0.0000000000
89394  45.633  -10.141  21.165 0.0000000000
88275  46.218  -10.476  19.841 0.0000000000
81481  47.800  -15.159  23.945 0.0000000000
64948  27.738  -26.408  54.291 0.0000000000
63538  26.766  -26.797  54.192 0.0000000000
64936  26.422  -25.819  54.003 0.0000000000
64950  26.388  -26.231  53.808 0.0000000000
64964  25.763  -26.554  53.198 0.0000000000
66393  25.340  -26.184  53.082 0.0000000000
66394  24.753  -25.674  52.843 0.0000000000
66374  24.372  -25.132  53.739 0.0000000000
66421  23.660  -25.364  52.346 0.0000000000
66447  23.102  -25.642  51.748 0.0000000000
65024  21.134  -26.440  51.655 0.0000000000
65027  19.112  -26.370  50.736 0.0000000000
64952  20.421  -25.410  55.223 0.0000000000
63551  20.241  -25.600  54.426 0.0000000000
64966  20.212  -25.677  53.972 0.0000000000
64980  19.662  -26.120  53.004 0.0000000000
65002  19.139  -26.279  51.519 0.0000000000
66469  18.598  -26.250  50.300 0.0000000000
66507  16.282  -25.603  48.813 0.0000000000
66471  16.920  -25.343  50.258 0.0000000000
66473  14.606  -25.652  50.574 0.0000000000
95690  59.374  -4.073  24.417 0.0000000000
95712  58.547  -4.474  23.931 0.0000000000
97034  57.072  -3.345  23.317 0.0000000000
98305  57.490  -2.479  23.822 0.0000000000
97035  56.032  -3.519  22.948 0.0000000000
97036  55.051  -3.292  22.813 0.0000000000
99506  56.648  -1.608  27.468 0.0000000000
99529  56.735  -1.367  26.591 0.0000000000
98308  54.459  -2.865  23.428 0.0000000000
98309  53.858  -3.093  23.506 0.0000000000
97038  53.428  -3.487  23.183 0.0000000000
97039  52.565  -3.826  23.693 0.0000000000
95715  52.151  -4.153  24.465 0.0000000000
95693  51.178  -4.844  24.342 0.0000000000
94367  50.662  -5.585  24.588 0.0000000000
96945  55.721  -4.027  28.144 0.0000000000
95649  54.321  -4.239  27.101 0.0000000000
95650  53.793  -4.568  26.856 0.0000000000
95651  53.229  -4.999  26.586 0.0000000000
94348  51.326  -5.529  25.461 0.0000000000
91792  50.127  -7.661  24.992 0.0000000000
90507  49.895  -8.662  24.883 0.0000000000
89351  49.708  -9.693  24.864 0.0000000000
89333  52.407  -9.714  26.048 0.0000000000
89334  51.824  -9.683  25.748 0.0000000000
88220  49.255  -10.642  24.780 0.0000000000
86992  49.544  -11.609  25.111 0.0000000000
85720  49.164  -12.506  24.971 0.0000000000
84381  49.510  -13.376  25.040 0.0000000000
82959  49.205  -14.107  24.807 0.0000000000
81440  49.830  -14.343  25.288 0.0000000000
81441  49.345  -14.665  25.128 0.0000000000
89237  57.543  -9.835  31.766 0.0000000000
88113  56.482  -10.764  30.732 0.0000000000
86884  56.344  -11.064  31.383 0.0000000000
88114  55.994  -11.031  30.390 0.0000000000
86824  54.916  -11.807  32.969 0.0000000000
85581  53.666  -12.737  30.922 0.0000000000
84309  53.062  -12.863  28.288 0.0000000000
84331  52.265  -12.979  27.590 0.0000000000
82888  51.309  -14.324  27.282 0.0000000000
82908  51.178  -14.254  26.638 0.0000000000
82924  50.507  -14.484  26.050 0.0000000000
81422  49.636  -14.881  25.731 0.0000000000
84295  47.922  -12.855  28.842 0.0000000000
84315  48.202  -12.985  28.407 0.0000000000
85657  47.247  -12.980  26.932 0.0000000000
82759  53.144  -12.609  38.383 0.0000000000
84159  52.279  -13.247  37.489 0.0000000000
81169  49.847  -13.817  42.493 0.0000000000
81184  49.677  -13.851  41.975 0.0000000000
79761  46.968  -16.874  41.003 0.0000000000
81206  47.802  -16.316  41.622 0.0000000000
81205  48.265  -15.882  41.743 0.0000000000
81204  49.072  -15.141  41.475 0.0000000000
81203  49.645  -14.486  41.418 0.0000000000
81223  50.466  -14.268  40.444 0.0000000000
82715  50.710  -14.299  39.564 0.0000000000
82739  50.546  -14.348  38.568 0.0000000000
82740  49.786  -14.466  38.346 0.0000000000
82760  51.041  -14.047  37.917 0.0000000000
82781  50.799  -13.917  37.189 0.0000000000
84174  51.079  -13.631  36.283 0.0000000000
84202  49.105  -13.400  34.420 0.0000000000
84241  47.048  -12.943  32.029 0.0000000000
82809  46.425  -14.226  34.716 0.0000000000
82827  44.894  -14.046  33.644 0.0000000000
82826  45.429  -13.927  33.634 0.0000000000
84242  46.251  -13.157  32.342 0.0000000000
84260  46.368  -12.834  31.550 0.0000000000
85587  45.961  -12.629  30.964 0.0000000000
85601  44.846  -12.893  30.327 0.0000000000
84297  43.580  -13.025  29.666 0.0000000000
82876  39.722  -15.217  29.260 0.0000000000
81410  39.419  -15.147  27.906 0.0000000000
81398  38.829  -15.875  28.121 0.0000000000
75368  39.894  -19.545  32.421 0.0000000000
75393  39.461  -19.512  31.754 0.0000000000
75394  39.051  -19.211  31.254 0.0000000000
75418  38.709  -19.359  30.582 0.0000000000
72554  38.797  -21.846  30.121 0.0000000000
72581  37.785  -21.023  28.280 0.0000000000
72580  38.310  -20.717  28.644 0.0000000000
68179  40.257  -24.333  41.791 0.0000000000
69645  39.275  -24.322  40.997 0.0000000000
69659  38.949  -23.915  40.494 0.0000000000
68190  38.282  -24.560  40.669 0.0000000000
69660  38.279  -24.160  40.288 0.0000000000
69704  37.352  -23.485  37.766 0.0000000000
68201  36.021  -24.642  39.071 0.0000000000
68209  36.506  -24.317  38.671 0.0000000000
69705  36.729  -23.793  37.496 0.0000000000
69714  37.090  -23.498  37.078 0.0000000000
69724  36.342  -23.667  35.996 0.0000000000
69745  36.272  -23.537  35.130 0.0000000000
69764  35.447  -23.477  33.927 0.0000000000
69798  34.375  -23.510  31.858 0.0000000000
68215  30.567  -24.438  37.996 0.0000000000
68244  31.827  -23.902  36.384 0.0000000000
69718  31.646  -23.729  35.797 0.0000000000
68279  27.719  -23.914  34.141 0.0000000000
68278  28.536  -23.694  34.281 0.0000000000
69753  29.218  -23.528  34.045 0.0000000000
69732  29.731  -23.566  34.727 0.0000000000
69731  30.498  -23.558  34.848 0.0000000000
69730  31.301  -23.632  35.160 0.0000000000
69767  32.859  -23.481  33.477 0.0000000000
69784  32.657  -23.398  32.496 0.0000000000
69816  33.280  -23.533  30.604 0.0000000000
95803  56.671  -4.447  19.042 0.0000000000
95802  57.619  -4.496  18.770 0.0000000000
95811  58.240  -4.978  17.869 0.0000000000
94493  57.897  -5.227  17.533 0.0000000000
93274  55.291  -6.753  15.731 0.0000000000
93176  48.930  -6.140  21.822 0.0000000000
93188  49.085  -6.337  20.887 0.0000000000
91854  48.242  -7.051  19.951 0.0000000000
93206  48.529  -6.810  20.299 0.0000000000
56814  32.778  -30.766  51.245 0.0000000000
56816  32.209  -30.636  51.248 0.0000000000
56829  32.490  -30.720  50.890 0.0000000000
56833  30.673  -30.753  50.833 0.0000000000
56840  32.962  -30.730  50.582 0.0000000000
56844  31.209  -30.806  50.194 0.0000000000
56854  33.137  -31.212  50.020 0.0000000000
58212  33.142  -30.334  51.118 0.0000000000
58213  32.776  -30.675  51.106 0.0000000000
58242  35.775  -28.957  48.903 0.0000000000
58243  35.487  -29.242  49.072 0.0000000000
58244  35.243  -29.422  49.162 0.0000000000
58249  30.099  -30.622  50.238 0.0000000000
58261  35.937  -28.851  48.646 0.0000000000
58278  35.615  -29.327  48.439 0.0000000000
58293  36.092  -29.139  48.075 0.0000000000
58294  35.779  -29.394  48.026 0.0000000000
59618  35.510  -28.753  49.797 0.0000000000
59623  28.207  -29.805  51.234 0.0000000000
59648  35.075  -29.523  49.220 0.0000000000
59684  37.639  -27.679  46.895 0.0000000000
59686  36.336  -28.809  47.491 0.0000000000
59697  27.550  -29.473  47.930 0.0000000000
59707  37.437  -27.887  46.667 0.0000000000
59710  35.628  -29.220  47.263 0.0000000000
59726  37.364  -27.948  46.299 0.0000000000
60870  28.590  -29.032  53.328 0.0000000000
60872  27.038  -28.061  53.668 0.0000000000
60873  26.773  -27.990  53.576 0.0000000000
60930  37.211  -27.696  48.163 0.0000000000
60931  36.512  -28.077  48.545 0.0000000000
60942  38.686  -26.658  47.383 0.0000000000
60943  38.251  -27.020  47.515 0.0000000000
60955  38.661  -26.811  47.184 0.0000000000
60957  37.319  -27.876  47.246 0.0000000000
60958  37.046  -29.266  46.309 0.0000000000
60959  37.040  -29.255  46.404 0.0000000000
60976  38.296  -27.405  46.684 0.0000000000
60977  37.933  -27.610  46.516 0.0000000000
60978  36.762  -28.631  46.417 0.0000000000
60998  37.149  -28.008  45.974 0.0000000000
61105  24.868  -28.925  40.012 0.0000000000
62172  27.985  -28.993  53.226 0.0000000000
62174  26.254  -27.821  53.220 0.0000000000
62188  27.981  -29.049  53.151 0.0000000000
62189  27.828  -28.877  53.222 0.0000000000
62241  39.433  -25.734  48.007 0.0000000000
62242  38.336  -26.584  48.124 0.0000000000
62253  40.607  -25.298  47.715 0.0000000000
62262  24.189  -28.152  47.670 0.0000000000
62268  39.211  -26.508  47.034 0.0000000000
62269  36.971  -29.214  46.399 0.0000000000
62270  36.962  -29.306  46.404 0.0000000000
62278  39.780  -26.305  46.830 0.0000000000
62280  38.806  -27.426  46.372 0.0000000000
62290  23.348  -27.743  46.678 0.0000000000
62295  38.705  -27.658  45.984 0.0000000000
62328  22.918  -27.699  43.645 0.0000000000
63527  19.610  -25.417  55.328 0.0000000000
63537  27.349  -26.886  54.371 0.0000000000
63539  26.547  -26.911  53.773 0.0000000000
63540  20.471  -25.557  54.705 0.0000000000
63541  19.979  -25.565  55.013 0.0000000000
63550  20.658  -25.544  54.312 0.0000000000
63565  20.490  -25.589  54.084 0.0000000000
63609  39.549  -25.354  48.645 0.0000000000
63629  40.925  -24.771  47.944 0.0000000000
63631  39.898  -25.364  48.405 0.0000000000
63643  19.717  -26.695  48.977 0.0000000000
63650  40.955  -25.025  47.636 0.0000000000
63651  40.656  -25.145  47.891 0.0000000000
63731  20.173  -26.655  44.258 0.0000000000
63740  31.009  -27.583  43.917 0.0000000000
63745  21.042  -26.869  42.527 0.0000000000
63766  20.703  -26.937  40.926 0.0000000000
63908  22.654  -28.115  34.663 0.0000000000
64949  27.171  -26.052  54.288 0.0000000000
64951  25.976  -26.195  53.586 0.0000000000
64955  18.395  -25.324  55.138 0.0000000000
65037  39.744  -24.930  48.933 0.0000000000
65083  42.727  -24.186  47.272 0.0000000000
65084  42.035  -24.316  47.563 0.0000000000
65102  43.790  -23.859  46.444 0.0000000000
65103  43.191  -24.124  46.913 0.0000000000
65105  42.013  -25.307  46.919 0.0000000000
65122  43.584  -24.190  46.434 0.0000000000
65123  43.034  -24.488  46.703 0.0000000000
65124  41.515  -25.633  46.469 0.0000000000
65126  40.037  -26.654  45.918 0.0000000000
65141  44.100  -24.012  45.729 0.0000000000
65186  40.149  -25.802  43.646 0.0000000000
65226  36.202  -26.122  41.993 0.0000000000
65268  26.359  -26.494  37.484 0.0000000000
65279  26.092  -26.231  36.937 0.0000000000
65305  25.250  -26.269  34.886 0.0000000000
66335  26.749  -25.331  54.069 0.0000000000
66355  25.366  -25.361  53.953 0.0000000000
66459  41.577  -23.771  48.123 0.0000000000
66498  43.388  -23.473  46.933 0.0000000000
66499  42.833  -23.863  47.334 0.0000000000
66500  42.306  -24.078  47.524 0.0000000000
66520  42.524  -24.983  46.767 0.0000000000
66531  44.710  -22.650  45.796 0.0000000000
66532  44.350  -23.225  46.048 0.0000000000
66544  44.788  -22.913  45.398 0.0000000000
66548  42.481  -25.279  45.531 0.0000000000
66556  44.729  -23.411  44.941 0.0000000000
66558  42.965  -24.865  45.123 0.0000000000
66561  40.844  -25.508  44.138 0.0000000000
66569  45.214  -22.921  44.757 0.0000000000
67933  24.197  -24.805  54.150 0.0000000000
67937  17.005  -24.834  54.660 0.0000000000
67948  23.767  -24.881  53.958 0.0000000000
67952  16.637  -24.939  54.531 0.0000000000
67961  23.350  -25.120  52.845 0.0000000000
67962  23.188  -25.038  52.893 0.0000000000
67979  23.153  -25.148  52.688 0.0000000000
68022  43.566  -22.959  46.909 0.0000000000
68063  44.324  -23.038  46.151 0.0000000000
68082  44.995  -22.467  45.564 0.0000000000
68083  44.807  -23.007  45.753 0.0000000000
68103  45.360  -22.370  45.269 0.0000000000
68104  45.179  -22.779  45.110 0.0000000000
68105  43.868  -24.311  45.086 0.0000000000
68127  45.460  -22.571  44.816 0.0000000000
68143  45.870  -22.198  44.547 0.0000000000
68144  45.666  -22.621  44.247 0.0000000000
68145  45.182  -23.084  43.973 0.0000000000
68146  43.609  -24.218  44.046 0.0000000000
68163  46.153  -22.307  43.882 0.0000000000
68281  25.971  -24.947  34.474 0.0000000000
69428  42.766  -22.977  47.798 0.0000000000
69429  41.958  -23.118  47.917 0.0000000000
69478  45.385  -21.924  45.788 0.0000000000
69479  44.915  -22.130  45.812 0.0000000000
69506  45.447  -22.045  45.407 0.0000000000
69507  45.289  -22.406  45.532 0.0000000000
69532  45.654  -22.009  45.042 0.0000000000
69561  46.366  -21.428  44.231 0.0000000000
69562  45.926  -21.794  44.688 0.0000000000
69563  44.254  -23.667  43.986 0.0000000000
69586  46.531  -21.397  43.918 0.0000000000
69587  46.299  -21.999  44.108 0.0000000000
69613  46.583  -21.258  43.695 0.0000000000
69615  46.031  -22.386  43.593 0.0000000000
69639  46.389  -21.871  42.977 0.0000000000
69640  46.237  -22.135  43.120 0.0000000000
69717  32.019  -23.761  35.894 0.0000000000
69726  34.970  -23.801  35.365 0.0000000000
70932  44.057  -22.089  47.174 0.0000000000
70946  44.954  -21.691  45.812 0.0000000000
70961  44.990  -21.952  45.811 0.0000000000
70974  46.156  -20.812  45.032 0.0000000000
70975  45.869  -21.229  44.981 0.0000000000
70991  46.337  -20.943  45.003 0.0000000000
71013  45.801  -21.664  44.902 0.0000000000
71031  45.805  -22.526  43.434 0.0000000000
71032  45.585  -22.673  43.296 0.0000000000
71054  46.685  -21.070  43.401 0.0000000000
71057  45.019  -22.728  42.298 0.0000000000
71171  39.961  -22.008  36.163 0.0000000000
71215  40.086  -21.917  31.863 0.0000000000
71261  37.195  -22.019  29.603 0.0000000000
72268  46.398  -20.574  45.086 0.0000000000
72289  47.492  -20.167  44.673 0.0000000000
72305  47.044  -20.323  44.040 0.0000000000
72323  47.019  -20.513  43.461 0.0000000000
72483  40.040  -21.941  35.422 0.0000000000
72543  39.932  -21.145  31.592 0.0000000000
72545  39.134  -21.989  30.750 0.0000000000
72555  38.148  -22.044  29.977 0.0000000000
72564  39.059  -20.905  29.661 0.0000000000
73624  46.118  -19.839  45.282 0.0000000000
73636  45.821  -20.783  45.126 0.0000000000
73654  48.078  -20.206  44.648 0.0000000000
73655  47.681  -20.621  44.922 0.0000000000
73670  47.513  -19.631  43.944 0.0000000000
73690  47.590  -20.071  43.002 0.0000000000
73824  42.968  -20.653  35.642 0.0000000000
73896  39.827  -20.070  32.043 0.0000000000
73951  38.859  -20.470  29.676 0.0000000000
75174  48.237  -18.244  43.482 0.0000000000
75210  47.776  -18.434  42.506 0.0000000000
75249  45.101  -20.223  38.408 0.0000000000
75266  43.654  -19.578  37.500 0.0000000000
75298  42.496  -19.764  35.874 0.0000000000
76678  46.849  -18.547  45.167 0.0000000000
76772  47.902  -17.784  43.064 0.0000000000
76786  47.842  -17.983  42.645 0.0000000000
76826  44.720  -18.449  38.969 0.0000000000
76845  43.365  -18.756  37.311 0.0000000000
76874  42.241  -18.931  35.674 0.0000000000
76907  41.232  -18.788  34.133 0.0000000000
76941  39.297  -18.539  31.516 0.0000000000
76960  38.790  -18.276  30.618 0.0000000000
78243  48.398  -16.617  43.401 0.0000000000
78245  48.033  -16.828  42.655 0.0000000000
78306  44.836  -18.106  39.256 0.0000000000
78352  43.152  -17.861  36.920 0.0000000000
78377  41.991  -17.487  34.855 0.0000000000
78424  39.715  -17.089  31.859 0.0000000000
78439  39.118  -17.498  30.748 0.0000000000
79717  48.969  -14.421  42.710 0.0000000000
79733  48.103  -16.471  42.292 0.0000000000
79868  42.486  -16.777  34.651 0.0000000000
79929  39.953  -16.260  31.432 0.0000000000
81168  50.439  -13.511  42.003 0.0000000000
81185  49.199  -14.847  41.993 0.0000000000
81241  51.597  -13.653  40.145 0.0000000000
81242  50.447  -14.368  39.995 0.0000000000
81323  44.020  -15.481  34.944 0.0000000000
81346  41.877  -16.262  33.319 0.0000000000
81354  42.102  -15.808  33.109 0.0000000000
81364  41.052  -15.649  32.127 0.0000000000
81365  40.549  -15.826  31.660 0.0000000000
81498  45.648  -14.604  21.965 0.0000000000
82640  50.310  -13.704  42.625 0.0000000000
82657  49.170  -15.021  41.909 0.0000000000
82674  49.263  -14.888  41.690 0.0000000000
82675  49.105  -15.134  41.815 0.0000000000
82695  51.093  -14.004  40.057 0.0000000000
82714  51.500  -13.761  39.510 0.0000000000
82737  52.374  -13.082  38.697 0.0000000000
82838  43.774  -14.093  32.688 0.0000000000
82848  42.850  -14.042  31.838 0.0000000000
82861  41.955  -14.007  30.968 0.0000000000
82923  50.970  -14.153  26.281 0.0000000000
82942  49.753  -14.016  25.109 0.0000000000
83008  45.602  -14.095  21.700 0.0000000000
84140  51.805  -13.434  38.982 0.0000000000
84148  52.581  -12.984  38.427 0.0000000000
84192  47.258  -13.935  35.000 0.0000000000
84205  46.301  -14.011  34.218 0.0000000000
84296  44.208  -13.034  29.866 0.0000000000
84383  48.200  -13.336  24.437 0.0000000000
84444  45.666  -13.160  20.629 0.0000000000
85582  49.914  -12.605  32.290 0.0000000000
85600  45.325  -12.712  30.434 0.0000000000
85629  53.021  -12.759  28.027 0.0000000000
85795  45.651  -12.340  20.487 0.0000000000
86844  56.853  -10.667  32.290 0.0000000000
86865  56.552  -10.997  31.879 0.0000000000
86920  54.299  -11.777  28.168 0.0000000000
87010  46.537  -11.627  23.275 0.0000000000
87060  46.166  -11.434  19.845 0.0000000000
87061  45.855  -11.544  20.032 0.0000000000
88094  57.449  -10.022  31.209 0.0000000000
88095  57.012  -10.624  31.554 0.0000000000
88133  57.077  -9.751  30.047 0.0000000000
88238  46.782  -10.605  23.327 0.0000000000
88265  45.509  -10.976  21.536 0.0000000000
88269  45.599  -10.796  20.570 0.0000000000
89225  57.512  -9.153  32.480 0.0000000000
89286  57.473  -9.225  29.493 0.0000000000
89368  47.719  -9.590  23.766 0.0000000000
90509  48.717  -8.849  24.015 0.0000000000
90554  47.105  -8.007  19.882 0.0000000000
91821  48.038  -8.040  23.367 0.0000000000
91856  47.032  -7.918  20.178 0.0000000000
93165  48.272  -7.201  23.250 0.0000000000
93207  48.054  -6.919  20.731 0.0000000000
93218  49.488  -6.750  19.383 0.0000000000
94324  54.033  -5.177  27.293 0.0000000000
94366  51.160  -5.115  24.821 0.0000000000
94424  54.087  -5.464  21.540 0.0000000000
94442  56.482  -5.229  21.342 0.0000000000
94443  55.577  -5.375  21.173 0.0000000000
94468  51.988  -5.953  18.825 0.0000000000
94492  58.765  -5.284  17.686 0.0000000000
95692  51.575  -4.621  24.857 0.0000000000
95732  56.113  -4.432  22.590 0.0000000000
95733  55.267  -4.610  22.320 0.0000000000
95752  57.550  -5.021  21.370 0.0000000000
95755  53.134  -4.918  22.068 0.0000000000
95800  59.283  -4.982  18.479 0.0000000000
97037  54.202  -3.349  22.851 0.0000000000
98293  53.978  -2.793  23.937 0.0000000000
99559  58.349  -1.808  25.036 0.0000000000
99561  57.339  -1.412  25.273 0.0000000000
165464  57.341  -9.424  29.899 0.0000000000
165467  57.504  -9.194  30.433 0.0000000000
165471  57.539  -9.093  29.651 0.0000000000
165477  57.566  -8.992  29.722 0.0000000000
