#!ascii label  , from subject _151 vox2ras=TkReg
1327
83877  11.276  -13.542  56.210 0.0000000000
66640  5.975  -25.694  38.926 0.0000000000
74967  3.502  -19.641  55.785 0.0000000000
82596  4.543  -14.366  47.759 0.0000000000
82749  9.969  -14.214  38.849 0.0000000000
83852  6.339  -14.690  57.735 0.0000000000
86501  5.160  -11.926  54.506 0.0000000000
165430  15.299  -15.850  56.877 0.0000000000
76450  8.944  -17.924  58.301 0.0000000000
69281  4.210  -21.297  56.070 0.0000000000
87842  9.388  -10.981  47.529 0.0000000000
84087  6.822  -14.353  44.157 0.0000000000
87910  12.492  -10.277  43.763 0.0000000000
69396  3.319  -23.235  51.621 0.0000000000
73631  4.306  -20.838  47.659 0.0000000000
79600  4.787  -16.665  52.007 0.0000000000
87800  6.407  -10.616  50.309 0.0000000000
75192  7.273  -20.022  44.440 0.0000000000
76833  5.621  -17.990  39.714 0.0000000000
79845  3.164  -16.215  37.192 0.0000000000
89182  6.023  -9.747  36.821 0.0000000000
165458  8.213  -13.714  58.048 0.0000000000
85231  7.110  -12.648  56.674 0.0000000000
85213  13.877  -14.625  57.536 0.0000000000
78002  12.021  -16.306  57.661 0.0000000000
83834  10.197  -14.817  58.623 0.0000000000
79518  7.577  -16.100  59.021 0.0000000000
87873  11.314  -10.519  45.445 0.0000000000
72222  3.543  -21.695  53.525 0.0000000000
75014  3.735  -19.870  51.954 0.0000000000
76511  4.315  -18.247  54.178 0.0000000000
87753  7.198  -10.623  53.375 0.0000000000
87772  5.570  -10.857  52.475 0.0000000000
72194  2.870  -20.898  56.852 0.0000000000
67928  3.823  -23.129  54.927 0.0000000000
70868  3.399  -22.243  54.854 0.0000000000
67984  3.379  -24.471  52.785 0.0000000000
78165  5.507  -17.824  48.588 0.0000000000
75145  5.516  -20.618  46.159 0.0000000000
78180  6.328  -16.903  46.950 0.0000000000
82686  8.966  -14.339  41.622 0.0000000000
79745  6.455  -16.239  42.271 0.0000000000
82689  6.282  -15.545  40.588 0.0000000000
78322  3.816  -17.527  39.175 0.0000000000
82754  4.958  -14.708  38.290 0.0000000000
78023  4.384  -17.947  56.092 0.0000000000
79553  4.357  -16.397  55.159 0.0000000000
83882  5.376  -13.169  56.352 0.0000000000
86498  6.844  -11.945  55.172 0.0000000000
78052  16.754  -17.103  55.449 0.0000000000
76521  14.637  -17.381  53.205 0.0000000000
78055  13.197  -17.329  55.789 0.0000000000
74957  11.150  -17.842  56.507 0.0000000000
73533  6.471  -19.299  57.690 0.0000000000
76453  4.993  -18.459  57.084 0.0000000000
85340  6.976  -12.316  48.016 0.0000000000
82610  5.443  -14.299  46.160 0.0000000000
85386  8.291  -12.398  46.062 0.0000000000
84083  10.528  -13.101  44.426 0.0000000000
85469  11.352  -12.200  41.996 0.0000000000
83911  13.477  -14.286  54.760 0.0000000000
76517  19.743  -17.937  53.252 0.0000000000
78047  21.232  -16.891  55.020 0.0000000000
79552  18.208  -15.904  57.202 0.0000000000
82453  16.155  -14.613  56.081 0.0000000000
66497  3.459  -25.465  49.213 0.0000000000
69531  3.411  -24.159  47.511 0.0000000000
72251  3.810  -21.812  49.616 0.0000000000
76600  4.638  -18.547  50.199 0.0000000000
81086  4.865  -15.907  49.792 0.0000000000
83932  4.422  -14.082  53.420 0.0000000000
85301  4.750  -13.112  51.401 0.0000000000
85329  4.490  -12.712  49.035 0.0000000000
87813  8.095  -10.455  49.335 0.0000000000
69612  4.041  -23.678  45.346 0.0000000000
69636  5.781  -23.532  43.874 0.0000000000
69656  7.722  -23.741  41.252 0.0000000000
79715  6.692  -16.490  44.251 0.0000000000
75224  7.892  -18.939  41.338 0.0000000000
72404  7.018  -21.989  38.833 0.0000000000
73779  4.057  -20.533  38.219 0.0000000000
75290  3.883  -19.625  36.505 0.0000000000
90273  11.385  -8.545  42.380 0.0000000000
87984  10.413  -11.006  39.993 0.0000000000
89134  7.665  -9.882  40.200 0.0000000000
85511  8.243  -12.686  36.805 0.0000000000
84183  4.319  -13.250  36.186 0.0000000000
85222  10.124  -13.380  57.191 0.0000000000
83866  9.612  -13.297  56.824 0.0000000000
85237  10.811  -13.704  55.474 0.0000000000
83854  12.214  -13.940  56.941 0.0000000000
83841  11.992  -14.752  58.175 0.0000000000
86475  11.279  -13.775  57.829 0.0000000000
86464  9.128  -13.950  58.320 0.0000000000
65259  4.654  -26.434  38.281 0.0000000000
68218  4.818  -24.555  38.513 0.0000000000
74981  3.279  -20.273  54.809 0.0000000000
74994  3.822  -20.027  54.185 0.0000000000
76512  3.807  -18.925  54.614 0.0000000000
76570  15.946  -17.820  51.464 0.0000000000
73556  2.597  -20.141  56.359 0.0000000000
70829  2.820  -21.972  56.274 0.0000000000
73561  3.037  -20.445  55.394 0.0000000000
72223  3.564  -21.911  53.957 0.0000000000
79661  5.251  -16.113  48.302 0.0000000000
78181  6.051  -17.803  47.646 0.0000000000
81120  5.187  -15.449  47.437 0.0000000000
82706  8.734  -14.812  40.516 0.0000000000
82688  7.087  -15.311  41.181 0.0000000000
82729  7.389  -15.130  39.232 0.0000000000
82710  5.184  -15.483  39.481 0.0000000000
82752  7.000  -15.022  38.180 0.0000000000
82444  5.329  -15.619  57.103 0.0000000000
83885  5.032  -15.330  56.475 0.0000000000
82443  6.154  -13.990  56.958 0.0000000000
86491  6.893  -12.200  56.035 0.0000000000
86524  7.538  -11.521  53.244 0.0000000000
76479  16.535  -17.094  56.722 0.0000000000
78054  14.409  -16.960  55.653 0.0000000000
78018  14.154  -16.166  56.818 0.0000000000
76438  10.695  -16.633  57.802 0.0000000000
78011  11.765  -17.278  57.124 0.0000000000
76473  10.025  -17.594  57.068 0.0000000000
74953  7.800  -18.563  57.711 0.0000000000
82438  6.393  -15.093  58.871 0.0000000000
77999  6.099  -17.395  57.812 0.0000000000
79531  5.495  -17.027  57.529 0.0000000000
78013  4.631  -18.074  56.468 0.0000000000
86571  8.248  -11.375  48.119 0.0000000000
85357  7.145  -12.438  47.031 0.0000000000
86588  9.191  -11.376  47.289 0.0000000000
87894  11.921  -10.706  44.680 0.0000000000
86654  10.881  -11.662  45.112 0.0000000000
85442  11.341  -12.285  43.949 0.0000000000
84115  11.000  -13.218  42.956 0.0000000000
86682  11.852  -11.370  42.366 0.0000000000
78029  19.098  -16.805  56.329 0.0000000000
68020  3.294  -24.506  50.386 0.0000000000
69449  3.531  -23.711  49.411 0.0000000000
70945  3.552  -22.753  50.036 0.0000000000
76552  4.511  -18.222  51.876 0.0000000000
75024  4.389  -19.607  51.258 0.0000000000
78119  4.605  -17.597  51.555 0.0000000000
79628  4.893  -16.679  50.200 0.0000000000
79615  4.461  -16.675  51.056 0.0000000000
82470  4.565  -14.703  55.138 0.0000000000
82492  4.564  -14.794  54.315 0.0000000000
85271  4.588  -12.945  53.689 0.0000000000
87785  5.743  -10.888  51.457 0.0000000000
86535  4.789  -12.207  52.027 0.0000000000
87802  5.231  -11.304  50.741 0.0000000000
85315  4.515  -12.770  50.161 0.0000000000
87816  5.733  -10.923  49.858 0.0000000000
86559  6.265  -11.039  49.059 0.0000000000
87799  7.099  -10.387  50.143 0.0000000000
76522  13.541  -17.717  53.454 0.0000000000
76548  13.172  -17.979  52.551 0.0000000000
69288  5.387  -21.456  55.602 0.0000000000
70848  5.657  -22.399  54.909 0.0000000000
69303  5.057  -22.294  55.528 0.0000000000
66370  3.669  -23.488  54.348 0.0000000000
66368  4.243  -24.105  54.218 0.0000000000
69370  3.309  -23.565  52.439 0.0000000000
68021  2.947  -24.885  50.837 0.0000000000
72265  3.686  -22.272  47.592 0.0000000000
68124  3.422  -24.324  46.579 0.0000000000
73634  3.842  -21.838  46.186 0.0000000000
75170  6.360  -20.544  45.343 0.0000000000
73686  5.223  -21.631  44.461 0.0000000000
72319  6.361  -21.711  43.853 0.0000000000
69634  7.281  -23.646  42.475 0.0000000000
72339  7.769  -21.461  42.627 0.0000000000
84071  6.191  -14.273  44.724 0.0000000000
79706  6.164  -15.457  44.985 0.0000000000
82638  5.994  -14.738  44.148 0.0000000000
78282  6.177  -17.240  40.978 0.0000000000
78260  6.936  -17.148  42.272 0.0000000000
76821  6.741  -18.201  40.758 0.0000000000
73757  7.925  -20.591  39.525 0.0000000000
73759  6.206  -19.878  39.042 0.0000000000
72429  5.263  -21.561  38.536 0.0000000000
73760  5.429  -19.788  38.983 0.0000000000
78338  3.258  -16.879  37.987 0.0000000000
76854  3.783  -18.578  37.826 0.0000000000
78359  3.665  -17.668  37.343 0.0000000000
90274  10.355  -8.536  42.160 0.0000000000
89114  10.674  -9.741  41.414 0.0000000000
89115  9.668  -9.520  41.136 0.0000000000
89167  5.349  -9.008  38.300 0.0000000000
88005  6.995  -10.142  38.119 0.0000000000
88017  8.408  -10.835  37.813 0.0000000000
88028  7.322  -10.631  36.752 0.0000000000
85513  6.532  -12.403  36.089 0.0000000000
86787  6.141  -11.364  35.930 0.0000000000
86468  6.437  -12.927  59.489 0.0000000000
86485  6.163  -12.658  57.945 0.0000000000
165457  8.105  -13.415  57.265 0.0000000000
165433  15.003  -15.221  57.283 0.0000000000
78008  13.769  -16.020  57.395 0.0000000000
80989  13.346  -15.334  57.737 0.0000000000
80991  11.025  -15.564  58.156 0.0000000000
77985  9.314  -16.169  58.435 0.0000000000
76435  8.347  -17.047  58.426 0.0000000000
82429  8.535  -15.091  58.846 0.0000000000
83838  7.567  -14.394  59.152 0.0000000000
89052  11.210  -9.456  47.058 0.0000000000
89053  10.579  -10.086  46.711 0.0000000000
89066  11.908  -9.129  46.175 0.0000000000
89082  12.495  -9.274  45.154 0.0000000000
89091  12.663  -9.307  44.184 0.0000000000
70913  3.577  -22.451  52.038 0.0000000000
72232  3.607  -21.601  51.688 0.0000000000
73585  3.571  -20.700  52.280 0.0000000000
76529  4.142  -18.866  53.542 0.0000000000
79587  4.440  -16.683  52.938 0.0000000000
87746  5.913  -10.922  54.311 0.0000000000
87756  4.781  -11.608  53.277 0.0000000000
87754  6.401  -10.575  53.261 0.0000000000
87771  6.314  -10.333  52.117 0.0000000000
88987  6.971  -9.894  51.633 0.0000000000
89000  7.620  -9.731  50.895 0.0000000000
70798  3.427  -21.085  56.441 0.0000000000
67913  4.138  -22.796  55.253 0.0000000000
69292  3.065  -22.416  56.307 0.0000000000
69305  3.002  -22.571  55.844 0.0000000000
67958  3.574  -23.364  54.157 0.0000000000
67967  3.354  -23.850  53.491 0.0000000000
69347  3.322  -23.408  53.344 0.0000000000
70896  3.328  -22.898  53.252 0.0000000000
75075  4.832  -19.479  48.564 0.0000000000
75122  4.734  -20.787  46.719 0.0000000000
76677  5.874  -19.036  47.432 0.0000000000
75119  6.438  -19.437  46.408 0.0000000000
76729  7.428  -18.492  45.554 0.0000000000
82650  8.186  -14.384  43.478 0.0000000000
84104  6.488  -14.690  43.448 0.0000000000
82669  7.050  -14.960  42.477 0.0000000000
81199  6.513  -15.722  41.921 0.0000000000
79775  5.437  -16.570  40.064 0.0000000000
78321  4.795  -17.644  39.419 0.0000000000
79776  4.371  -16.659  39.488 0.0000000000
79791  3.800  -16.138  39.113 0.0000000000
82734  3.362  -14.733  38.685 0.0000000000
89183  5.155  -9.107  37.113 0.0000000000
88031  5.069  -10.432  35.728 0.0000000000
88043  4.658  -10.563  35.164 0.0000000000
76483  3.507  -18.563  56.169 0.0000000000
78058  4.327  -17.841  55.445 0.0000000000
79555  4.687  -16.788  56.040 0.0000000000
82455  4.733  -14.833  55.845 0.0000000000
85242  4.942  -12.895  55.830 0.0000000000
85232  6.433  -12.585  56.655 0.0000000000
86492  6.412  -11.895  55.761 0.0000000000
86499  6.194  -11.470  55.023 0.0000000000
87745  6.659  -11.041  54.311 0.0000000000
78090  16.272  -17.285  53.859 0.0000000000
78106  15.686  -17.457  53.125 0.0000000000
78091  15.207  -17.101  53.921 0.0000000000
78019  12.929  -16.655  56.764 0.0000000000
76481  11.964  -17.893  56.038 0.0000000000
74976  11.050  -17.628  55.350 0.0000000000
70808  6.409  -20.167  56.231 0.0000000000
72178  5.756  -20.059  56.637 0.0000000000
76443  7.320  -17.410  58.399 0.0000000000
74948  5.375  -19.023  57.854 0.0000000000
72167  4.497  -20.030  56.640 0.0000000000
74954  4.104  -19.326  56.660 0.0000000000
76474  3.704  -18.971  56.006 0.0000000000
85360  4.867  -12.934  47.387 0.0000000000
82611  4.696  -14.318  46.862 0.0000000000
85389  5.677  -13.118  46.743 0.0000000000
85388  6.582  -13.060  46.257 0.0000000000
85412  7.815  -13.080  45.694 0.0000000000
86612  10.092  -11.526  46.378 0.0000000000
85410  9.829  -12.562  45.539 0.0000000000
84085  8.991  -13.616  44.362 0.0000000000
84101  9.458  -14.079  43.307 0.0000000000
84128  10.852  -13.621  41.852 0.0000000000
84145  11.243  -13.281  40.292 0.0000000000
83894  13.083  -14.228  55.295 0.0000000000
76518  18.806  -18.051  53.341 0.0000000000
79570  22.927  -15.834  54.332 0.0000000000
79571  22.292  -16.216  54.513 0.0000000000
78066  21.698  -17.012  54.323 0.0000000000
78086  20.301  -17.577  53.926 0.0000000000
78087  19.352  -17.678  54.068 0.0000000000
78088  18.365  -17.554  54.004 0.0000000000
76477  17.944  -17.433  56.595 0.0000000000
79533  17.316  -16.674  57.278 0.0000000000
81011  17.260  -15.131  57.056 0.0000000000
165431  15.628  -15.757  56.997 0.0000000000
83860  14.789  -14.573  56.735 0.0000000000
83874  13.790  -14.315  55.955 0.0000000000
69504  3.510  -23.746  48.098 0.0000000000
72259  3.753  -22.017  48.556 0.0000000000
72242  3.618  -21.642  50.687 0.0000000000
75053  4.261  -20.185  49.891 0.0000000000
73612  4.597  -20.080  48.950 0.0000000000
76623  4.722  -18.587  49.286 0.0000000000
79643  5.370  -16.648  49.257 0.0000000000
82585  4.381  -14.602  48.703 0.0000000000
78075  4.410  -17.361  54.418 0.0000000000
79573  4.415  -16.592  53.864 0.0000000000
81054  4.442  -15.744  52.439 0.0000000000
86525  4.517  -12.161  52.991 0.0000000000
83948  4.374  -14.094  52.385 0.0000000000
82545  4.172  -14.851  51.950 0.0000000000
83981  4.517  -13.857  50.564 0.0000000000
83997  4.397  -13.713  49.436 0.0000000000
84013  4.408  -13.591  48.385 0.0000000000
86574  5.452  -11.714  48.647 0.0000000000
87829  7.455  -10.861  48.800 0.0000000000
87827  9.057  -10.455  48.223 0.0000000000
89013  8.630  -9.498  50.065 0.0000000000
89026  9.551  -9.728  48.851 0.0000000000
89038  10.450  -9.757  47.895 0.0000000000
69329  5.829  -22.980  53.897 0.0000000000
67943  4.580  -23.489  54.629 0.0000000000
73668  4.494  -21.756  45.161 0.0000000000
69638  5.094  -23.564  44.469 0.0000000000
68202  7.339  -24.749  39.667 0.0000000000
81141  6.129  -15.397  46.435 0.0000000000
79705  6.504  -16.052  45.362 0.0000000000
78225  7.562  -17.699  44.502 0.0000000000
79728  6.585  -16.281  43.257 0.0000000000
78259  7.366  -17.628  42.698 0.0000000000
75208  8.343  -19.780  43.057 0.0000000000
73724  8.509  -21.246  41.117 0.0000000000
69669  8.247  -23.014  39.885 0.0000000000
68203  6.454  -24.727  38.943 0.0000000000
69695  5.251  -23.530  38.499 0.0000000000
75259  4.321  -19.427  38.602 0.0000000000
73797  3.600  -20.596  37.643 0.0000000000
90259  12.813  -8.329  43.721 0.0000000000
91491  11.684  -7.801  42.784 0.0000000000
89100  12.049  -9.432  42.265 0.0000000000
87947  11.745  -10.750  41.517 0.0000000000
86714  11.367  -11.718  40.407 0.0000000000
85491  10.815  -12.764  39.014 0.0000000000
87970  9.168  -10.115  39.967 0.0000000000
86753  9.635  -11.668  38.267 0.0000000000
84165  9.238  -13.683  37.584 0.0000000000
82791  7.090  -14.048  36.842 0.0000000000
82777  4.681  -14.204  37.608 0.0000000000
82793  3.297  -14.263  36.512 0.0000000000
84198  2.837  -13.787  35.397 0.0000000000
83864  10.794  -13.644  56.847 0.0000000000
83865  10.017  -13.386  56.764 0.0000000000
85228  11.093  -13.549  55.784 0.0000000000
83863  11.722  -13.709  56.642 0.0000000000
85215  11.794  -13.927  57.585 0.0000000000
83855  11.439  -13.795  57.180 0.0000000000
85221  10.645  -13.604  57.407 0.0000000000
65252  6.162  -26.407  39.385 0.0000000000
65253  5.462  -26.537  38.850 0.0000000000
66653  5.103  -25.611  38.548 0.0000000000
74980  3.227  -19.646  55.096 0.0000000000
76544  17.284  -18.046  52.618 0.0000000000
76569  16.958  -18.068  51.541 0.0000000000
76545  16.264  -17.813  52.373 0.0000000000
73555  3.219  -20.019  55.962 0.0000000000
81121  4.775  -15.294  47.998 0.0000000000
79680  5.222  -15.782  47.768 0.0000000000
81143  4.777  -14.950  47.280 0.0000000000
82727  9.440  -14.590  39.543 0.0000000000
82728  8.452  -14.977  39.386 0.0000000000
82751  8.088  -14.867  38.319 0.0000000000
82441  5.826  -15.619  57.467 0.0000000000
83859  5.939  -15.084  57.245 0.0000000000
76469  15.873  -16.738  57.217 0.0000000000
78033  15.386  -16.605  56.322 0.0000000000
79540  14.855  -16.047  56.681 0.0000000000
76439  10.161  -16.993  58.183 0.0000000000
76448  10.310  -17.210  57.800 0.0000000000
76460  9.640  -17.726  57.606 0.0000000000
74959  8.873  -17.882  57.012 0.0000000000
76461  9.050  -18.160  57.899 0.0000000000
74952  8.308  -18.409  57.396 0.0000000000
76462  8.478  -18.258  57.920 0.0000000000
83847  6.422  -14.681  58.386 0.0000000000
80993  6.375  -15.931  58.315 0.0000000000
82440  6.195  -15.550  57.763 0.0000000000
80995  5.808  -16.010  57.614 0.0000000000
87843  8.830  -10.937  47.913 0.0000000000
86589  8.596  -11.549  47.575 0.0000000000
86653  11.422  -11.689  44.406 0.0000000000
87911  12.028  -11.087  43.870 0.0000000000
86670  11.824  -11.693  43.447 0.0000000000
86669  12.261  -10.957  43.109 0.0000000000
69425  3.265  -23.709  50.528 0.0000000000
70931  3.401  -22.556  51.097 0.0000000000
78107  4.483  -17.712  52.445 0.0000000000
85257  4.816  -12.647  54.796 0.0000000000
83917  4.506  -13.779  54.502 0.0000000000
87784  6.398  -10.519  51.148 0.0000000000
87801  5.850  -10.952  50.604 0.0000000000
87817  5.351  -11.095  50.190 0.0000000000
69280  4.986  -21.301  56.128 0.0000000000
70811  4.717  -21.920  55.684 0.0000000000
64962  3.574  -24.238  53.791 0.0000000000
64961  3.783  -24.106  54.121 0.0000000000
69397  2.956  -24.075  51.338 0.0000000000
69426  2.952  -24.290  50.775 0.0000000000
73623  3.976  -21.247  48.081 0.0000000000
72266  3.809  -22.236  46.981 0.0000000000
73632  4.091  -21.511  47.289 0.0000000000
73664  6.963  -20.404  44.611 0.0000000000
73665  6.563  -20.801  44.785 0.0000000000
73684  7.151  -20.855  44.210 0.0000000000
72318  7.252  -21.340  43.388 0.0000000000
72317  7.641  -21.118  43.081 0.0000000000
76822  6.289  -17.883  40.486 0.0000000000
76805  6.489  -17.599  41.065 0.0000000000
75235  6.139  -18.285  39.932 0.0000000000
75246  6.870  -19.399  39.550 0.0000000000
75247  5.743  -18.953  39.597 0.0000000000
79846  3.116  -16.407  37.591 0.0000000000
165426  3.455  -17.344  37.714 0.0000000000
79844  3.425  -16.744  36.749 0.0000000000
91493  9.604  -7.948  42.642 0.0000000000
90275  9.189  -8.653  41.846 0.0000000000
89102  10.182  -9.131  41.689 0.0000000000
89166  6.137  -9.546  37.745 0.0000000000
88019  6.860  -10.063  37.156 0.0000000000
88018  7.730  -10.616  37.430 0.0000000000
88029  6.517  -10.447  36.371 0.0000000000
88030  5.662  -10.530  36.054 0.0000000000
86466  7.302  -13.440  58.463 0.0000000000
165461  6.999  -12.412  58.985 0.0000000000
165455  8.310  -13.544  57.660 0.0000000000
83898  9.622  -13.522  55.576 0.0000000000
165436  14.247  -14.887  58.002 0.0000000000
82433  13.059  -15.107  57.723 0.0000000000
83842  10.826  -14.662  58.409 0.0000000000
82435  11.379  -15.126  58.260 0.0000000000
80981  10.667  -15.354  58.335 0.0000000000
79513  10.138  -16.036  58.251 0.0000000000
80983  9.371  -15.501  58.575 0.0000000000
79515  9.056  -15.887  58.525 0.0000000000
82428  8.973  -14.999  58.776 0.0000000000
86465  8.617  -13.816  58.229 0.0000000000
85196  8.527  -14.405  58.707 0.0000000000
85203  8.074  -13.974  58.698 0.0000000000
85204  7.235  -13.756  59.096 0.0000000000
90235  12.750  -8.596  45.782 0.0000000000
90251  12.935  -8.587  44.751 0.0000000000
72226  3.540  -21.634  52.616 0.0000000000
73578  3.504  -20.787  53.248 0.0000000000
78108  4.251  -18.276  53.018 0.0000000000
78092  4.395  -17.686  53.510 0.0000000000
88962  7.009  -10.255  53.082 0.0000000000
88974  7.072  -9.935  52.595 0.0000000000
88986  7.742  -9.110  52.102 0.0000000000
88999  8.412  -9.170  51.374 0.0000000000
70799  3.019  -21.270  57.128 0.0000000000
70812  3.114  -21.621  57.044 0.0000000000
70813  2.994  -21.622  56.883 0.0000000000
70849  2.791  -22.059  55.556 0.0000000000
69318  3.523  -22.732  54.933 0.0000000000
69331  3.494  -22.969  53.933 0.0000000000
72218  3.543  -21.456  54.244 0.0000000000
70882  3.492  -22.353  53.525 0.0000000000
70895  3.403  -22.529  52.837 0.0000000000
76652  5.081  -18.548  48.728 0.0000000000
76651  5.474  -18.892  48.102 0.0000000000
76705  6.358  -18.798  46.975 0.0000000000
78197  6.525  -17.870  46.815 0.0000000000
76704  6.961  -18.592  46.323 0.0000000000
78195  7.341  -18.117  45.921 0.0000000000
82668  7.860  -14.562  42.604 0.0000000000
84118  7.053  -14.554  42.922 0.0000000000
81218  6.569  -15.532  41.431 0.0000000000
81219  5.958  -15.950  40.901 0.0000000000
82690  5.761  -15.854  39.988 0.0000000000
82731  5.446  -15.070  39.024 0.0000000000
81257  4.503  -15.546  39.306 0.0000000000
82732  4.481  -14.883  39.051 0.0000000000
81258  3.676  -15.305  39.053 0.0000000000
82733  3.805  -14.643  38.780 0.0000000000
89184  4.703  -8.484  36.646 0.0000000000
89198  4.778  -9.225  35.873 0.0000000000
78039  4.380  -17.832  55.962 0.0000000000
79544  4.615  -17.024  56.333 0.0000000000
83884  5.113  -14.768  56.279 0.0000000000
82456  4.699  -15.341  55.949 0.0000000000
83883  5.125  -13.721  56.167 0.0000000000
83899  4.688  -13.719  55.432 0.0000000000
85234  5.146  -13.008  56.203 0.0000000000
83881  7.338  -12.903  57.083 0.0000000000
85225  6.441  -13.041  57.290 0.0000000000
86493  5.863  -11.929  55.618 0.0000000000
86510  7.220  -11.636  54.217 0.0000000000
78071  16.990  -17.297  54.686 0.0000000000
78072  15.944  -17.046  54.694 0.0000000000
78073  14.790  -16.959  54.795 0.0000000000
78074  13.658  -17.511  55.102 0.0000000000
78001  13.201  -16.119  58.008 0.0000000000
78009  13.112  -16.390  57.469 0.0000000000
76472  10.894  -17.802  56.942 0.0000000000
78020  12.051  -17.441  56.759 0.0000000000
74956  11.538  -17.852  56.508 0.0000000000
74975  11.726  -17.734  55.694 0.0000000000
74963  10.969  -17.869  55.988 0.0000000000
74964  10.147  -17.787  55.817 0.0000000000
74966  8.808  -18.297  55.503 0.0000000000
72176  6.798  -19.676  56.610 0.0000000000
72177  6.231  -19.851  56.571 0.0000000000
70795  5.777  -20.531  56.315 0.0000000000
72164  6.129  -19.628  56.932 0.0000000000
77988  7.895  -16.505  58.739 0.0000000000
76436  8.008  -16.943  58.431 0.0000000000
77989  7.366  -16.656  58.592 0.0000000000
76452  5.592  -18.195  57.536 0.0000000000
76445  6.146  -18.014  57.879 0.0000000000
74949  4.896  -18.915  57.370 0.0000000000
73535  5.070  -19.503  57.398 0.0000000000
73536  4.395  -19.595  56.445 0.0000000000
73543  3.983  -20.109  56.395 0.0000000000
74950  4.411  -19.123  56.411 0.0000000000
78014  4.387  -18.100  56.138 0.0000000000
76464  4.246  -18.976  56.418 0.0000000000
85341  5.994  -12.301  48.105 0.0000000000
85359  5.473  -12.750  47.425 0.0000000000
85358  6.279  -12.634  47.260 0.0000000000
85356  8.053  -12.356  46.950 0.0000000000
85387  7.473  -12.641  46.270 0.0000000000
85413  7.182  -13.095  45.902 0.0000000000
89068  10.790  -10.463  46.011 0.0000000000
87856  10.317  -11.042  46.487 0.0000000000
87874  10.743  -11.063  45.590 0.0000000000
85425  10.652  -12.573  44.711 0.0000000000
85409  10.278  -12.359  45.382 0.0000000000
85426  9.649  -13.206  44.987 0.0000000000
85427  9.141  -13.299  44.908 0.0000000000
84084  10.182  -13.381  44.458 0.0000000000
82649  8.816  -14.121  43.660 0.0000000000
84100  10.149  -13.703  43.680 0.0000000000
84114  11.336  -12.735  42.459 0.0000000000
84137  10.595  -13.800  40.794 0.0000000000
84136  11.448  -13.278  41.043 0.0000000000
83912  12.343  -14.260  54.464 0.0000000000
76541  20.082  -18.025  52.365 0.0000000000
76567  19.291  -18.365  51.693 0.0000000000
76542  19.250  -18.221  52.659 0.0000000000
79560  21.842  -15.823  55.245 0.0000000000
79572  21.636  -16.611  54.868 0.0000000000
78085  21.199  -17.445  53.693 0.0000000000
78067  20.861  -17.330  54.620 0.0000000000
78069  18.981  -17.281  54.852 0.0000000000
79551  18.962  -16.027  56.746 0.0000000000
78030  18.493  -16.993  56.672 0.0000000000
78016  18.200  -17.016  57.182 0.0000000000
76454  18.004  -17.305  57.266 0.0000000000
79539  18.194  -16.317  57.440 0.0000000000
82452  16.749  -14.611  55.717 0.0000000000
80999  16.857  -15.676  57.342 0.0000000000
82454  15.113  -14.315  55.949 0.0000000000
83910  14.340  -14.267  54.937 0.0000000000
83873  14.506  -14.293  55.898 0.0000000000
83893  14.013  -14.241  55.379 0.0000000000
83875  12.792  -14.164  55.917 0.0000000000
65081  3.433  -26.908  48.954 0.0000000000
66515  3.530  -24.927  48.637 0.0000000000
69476  3.525  -23.813  48.668 0.0000000000
70959  3.470  -22.979  48.898 0.0000000000
73592  3.748  -20.644  51.366 0.0000000000
75034  4.689  -19.288  50.685 0.0000000000
75035  4.367  -19.849  50.374 0.0000000000
75052  4.480  -19.566  49.632 0.0000000000
81099  4.654  -15.656  48.952 0.0000000000
78037  4.514  -17.090  55.491 0.0000000000
78057  4.325  -17.129  54.996 0.0000000000
82512  4.473  -15.027  53.621 0.0000000000
81037  4.407  -15.686  54.150 0.0000000000
81049  4.381  -15.754  53.324 0.0000000000
82528  4.297  -14.902  52.861 0.0000000000
87773  4.889  -11.479  52.665 0.0000000000
85286  4.720  -13.417  51.864 0.0000000000
83964  4.610  -13.609  51.777 0.0000000000
83965  4.501  -13.929  51.589 0.0000000000
82561  4.406  -14.823  50.999 0.0000000000
86561  4.919  -11.599  49.658 0.0000000000
85343  4.587  -12.829  48.111 0.0000000000
86575  4.838  -12.198  48.668 0.0000000000
87830  6.878  -10.735  48.975 0.0000000000
86573  6.541  -11.345  48.690 0.0000000000
87828  8.360  -10.942  48.420 0.0000000000
89027  8.778  -10.266  49.016 0.0000000000
89014  7.789  -10.205  50.012 0.0000000000
76546  15.269  -17.612  52.332 0.0000000000
76547  14.236  -17.700  52.419 0.0000000000
70867  5.756  -22.606  54.563 0.0000000000
67914  3.774  -22.685  55.709 0.0000000000
67927  4.156  -23.101  54.930 0.0000000000
68041  3.461  -25.067  50.119 0.0000000000
65082  3.203  -26.665  49.479 0.0000000000
69585  3.756  -23.695  45.734 0.0000000000
65185  3.621  -25.460  45.860 0.0000000000
66567  4.079  -25.257  45.341 0.0000000000
66581  4.417  -24.925  45.119 0.0000000000
75146  4.969  -20.882  46.164 0.0000000000
75172  5.081  -21.153  45.582 0.0000000000
72342  5.608  -22.310  44.078 0.0000000000
71050  5.083  -22.817  44.408 0.0000000000
69637  5.397  -23.527  44.229 0.0000000000
66600  5.258  -24.542  44.367 0.0000000000
68158  6.450  -23.958  43.409 0.0000000000
71075  7.675  -22.627  41.978 0.0000000000
68173  7.370  -24.660  42.173 0.0000000000
68197  7.618  -24.721  40.546 0.0000000000
81142  5.451  -15.117  46.756 0.0000000000
78212  7.080  -17.037  44.928 0.0000000000
81182  6.415  -15.672  42.960 0.0000000000
81181  6.290  -15.442  43.665 0.0000000000
79729  6.421  -15.883  43.051 0.0000000000
78280  7.199  -17.568  41.932 0.0000000000
76803  7.648  -18.230  42.174 0.0000000000
76785  7.873  -18.405  43.195 0.0000000000
75209  8.305  -19.279  42.794 0.0000000000
73705  8.357  -20.126  42.380 0.0000000000
73725  8.514  -20.520  41.307 0.0000000000
72403  7.654  -21.618  39.134 0.0000000000
72402  8.306  -21.600  39.726 0.0000000000
71136  7.459  -22.602  39.152 0.0000000000
69682  7.233  -23.678  39.161 0.0000000000
71137  6.637  -22.695  38.837 0.0000000000
69683  6.176  -23.608  38.679 0.0000000000
71151  5.702  -22.599  38.633 0.0000000000
72430  4.506  -21.550  38.142 0.0000000000
72431  3.807  -21.676  37.670 0.0000000000
76835  4.250  -17.729  39.279 0.0000000000
76842  4.521  -18.734  38.871 0.0000000000
76843  4.020  -18.311  38.715 0.0000000000
75276  3.705  -19.606  37.360 0.0000000000
75260  3.794  -19.527  38.176 0.0000000000
73816  3.512  -20.611  36.824 0.0000000000
90272  12.339  -8.497  42.745 0.0000000000
87928  11.999  -10.419  42.162 0.0000000000
89113  11.484  -9.966  41.683 0.0000000000
87949  10.490  -10.139  40.889 0.0000000000
87968  10.894  -10.825  40.488 0.0000000000
86715  10.810  -11.357  40.105 0.0000000000
86733  11.191  -12.229  39.984 0.0000000000
86734  10.594  -11.758  39.446 0.0000000000
89135  6.723  -9.467  40.083 0.0000000000
89118  7.045  -9.387  40.895 0.0000000000
89117  7.946  -9.483  40.973 0.0000000000
89133  8.525  -9.792  40.424 0.0000000000
87971  8.449  -10.159  39.853 0.0000000000
86769  8.463  -11.599  37.243 0.0000000000
86754  8.859  -11.171  37.916 0.0000000000
86768  9.140  -12.182  37.693 0.0000000000
85501  9.618  -12.766  37.778 0.0000000000
85502  8.859  -12.749  37.390 0.0000000000
84166  8.460  -13.618  37.129 0.0000000000
84179  7.688  -13.546  36.671 0.0000000000
84182  4.988  -13.140  36.273 0.0000000000
84169  5.218  -13.645  37.021 0.0000000000
84170  4.528  -13.689  36.931 0.0000000000
82778  4.113  -14.138  37.566 0.0000000000
84171  4.045  -13.796  36.792 0.0000000000
86789  4.565  -11.390  35.521 0.0000000000
165462  9.221  -13.446  57.743 0.0000000000
87741  8.949  -13.396  57.594 0.0000000000
85223  9.654  -13.283  57.048 0.0000000000
83878  10.434  -13.583  56.056 0.0000000000
83897  10.230  -13.756  55.181 0.0000000000
85214  12.852  -14.252  57.097 0.0000000000
83849  12.681  -14.797  57.753 0.0000000000
85209  12.109  -14.298  57.912 0.0000000000
85199  11.345  -14.274  58.311 0.0000000000
85200  10.420  -14.206  58.491 0.0000000000
83844  9.685  -14.555  58.626 0.0000000000
86463  9.879  -13.851  58.326 0.0000000000
86472  9.230  -13.654  58.080 0.0000000000
66654  4.154  -25.586  38.050 0.0000000000
68219  3.903  -24.425  38.299 0.0000000000
73568  3.640  -20.946  54.103 0.0000000000
73549  2.851  -20.213  56.225 0.0000000000
72207  2.738  -21.054  56.618 0.0000000000
72215  2.936  -21.386  55.785 0.0000000000
72219  3.379  -21.572  54.745 0.0000000000
73569  3.387  -20.892  54.678 0.0000000000
79660  5.866  -16.900  48.471 0.0000000000
79679  5.933  -16.136  47.467 0.0000000000
79678  6.263  -16.341  47.046 0.0000000000
82687  7.915  -14.884  41.486 0.0000000000
82707  7.703  -15.080  40.322 0.0000000000
82708  6.768  -15.257  40.034 0.0000000000
82709  5.999  -15.541  39.644 0.0000000000
82730  6.398  -15.196  39.067 0.0000000000
82753  5.924  -14.926  38.196 0.0000000000
79537  4.594  -17.140  56.672 0.0000000000
81001  4.743  -16.345  56.790 0.0000000000
82448  5.190  -15.449  56.790 0.0000000000
83871  5.505  -15.061  56.657 0.0000000000
83869  5.882  -13.523  56.660 0.0000000000
85240  7.454  -12.576  55.930 0.0000000000
85255  7.473  -12.651  54.963 0.0000000000
85270  7.726  -12.373  54.090 0.0000000000
85285  7.824  -12.294  53.509 0.0000000000
78032  16.698  -16.932  55.773 0.0000000000
78053  15.671  -16.807  55.502 0.0000000000
78034  13.789  -16.844  56.307 0.0000000000
78003  10.930  -16.211  57.857 0.0000000000
76446  11.791  -16.732  57.397 0.0000000000
76447  11.152  -16.790  57.563 0.0000000000
76459  10.741  -17.457  57.321 0.0000000000
73542  7.422  -19.051  57.138 0.0000000000
73532  7.156  -19.046  57.568 0.0000000000
80987  7.161  -15.608  59.143 0.0000000000
77990  6.927  -16.783  58.468 0.0000000000
79525  6.572  -16.558  58.310 0.0000000000
79526  6.068  -16.757  57.823 0.0000000000
78004  5.544  -17.634  57.446 0.0000000000
78005  5.081  -18.008  56.928 0.0000000000
79532  4.991  -17.182  57.250 0.0000000000
79536  4.692  -17.102  57.039 0.0000000000
86572  7.737  -11.577  48.263 0.0000000000
86590  7.732  -12.123  47.630 0.0000000000
86614  8.761  -12.109  46.725 0.0000000000
87895  11.260  -11.128  45.039 0.0000000000
85443  11.123  -12.825  43.665 0.0000000000
85456  11.480  -12.462  43.003 0.0000000000
78103  20.688  -17.844  53.062 0.0000000000
79561  21.131  -16.202  55.377 0.0000000000
78050  18.679  -17.218  55.689 0.0000000000
82469  15.313  -14.403  55.420 0.0000000000
68040  3.573  -24.534  49.644 0.0000000000
66496  3.619  -24.829  49.045 0.0000000000
76553  4.158  -18.876  52.188 0.0000000000
76578  4.421  -19.066  51.602 0.0000000000
76577  4.700  -18.707  51.291 0.0000000000
78132  4.653  -17.628  50.663 0.0000000000
81073  4.595  -15.765  50.568 0.0000000000
81023  4.444  -15.591  54.900 0.0000000000
87786  5.094  -11.413  51.711 0.0000000000
86547  4.648  -11.954  50.944 0.0000000000
86560  5.846  -11.158  49.180 0.0000000000
87815  6.471  -10.764  49.411 0.0000000000
87814  7.283  -10.535  49.405 0.0000000000
70826  5.661  -20.933  55.261 0.0000000000
69302  5.573  -21.998  55.325 0.0000000000
69315  5.624  -22.281  55.068 0.0000000000
69316  5.301  -22.847  54.971 0.0000000000
66350  3.880  -23.329  54.663 0.0000000000
68000  3.328  -24.796  51.878 0.0000000000
69530  3.468  -23.585  47.530 0.0000000000
68101  3.284  -24.669  47.035 0.0000000000
71009  3.442  -23.292  47.045 0.0000000000
70990  3.624  -22.621  46.433 0.0000000000
72288  3.856  -22.326  45.555 0.0000000000
75171  5.713  -20.994  45.522 0.0000000000
73666  5.818  -21.240  44.923 0.0000000000
73685  6.068  -21.498  44.429 0.0000000000
71077  6.221  -22.872  43.624 0.0000000000
71048  6.516  -23.233  43.371 0.0000000000
72340  6.636  -22.025  43.293 0.0000000000
71076  6.976  -22.838  43.007 0.0000000000
84055  5.876  -13.666  45.801 0.0000000000
81156  6.033  -15.058  45.691 0.0000000000
82624  5.733  -14.453  45.123 0.0000000000
81167  5.979  -15.102  44.624 0.0000000000
79716  6.340  -15.767  44.346 0.0000000000
78262  6.223  -16.705  41.322 0.0000000000
78261  6.581  -16.814  41.884 0.0000000000
78281  6.703  -17.365  41.548 0.0000000000
76804  6.998  -17.970  41.256 0.0000000000
75225  7.083  -18.393  40.914 0.0000000000
75233  7.818  -19.643  40.195 0.0000000000
75245  7.463  -19.866  39.538 0.0000000000
73776  6.598  -20.692  38.709 0.0000000000
72428  6.242  -21.641  38.710 0.0000000000
73777  5.724  -20.626  38.666 0.0000000000
73778  4.831  -20.380  38.612 0.0000000000
78323  3.477  -17.047  38.973 0.0000000000
78337  3.557  -17.530  38.694 0.0000000000
78350  3.596  -17.726  38.083 0.0000000000
76868  3.962  -18.620  37.012 0.0000000000
91492  10.685  -7.888  42.703 0.0000000000
89101  11.064  -9.178  41.844 0.0000000000
87969  9.944  -10.299  40.372 0.0000000000
89150  6.371  -9.486  38.997 0.0000000000
87988  7.229  -10.212  38.902 0.0000000000
87987  7.987  -10.409  39.279 0.0000000000
88004  7.854  -10.519  38.347 0.0000000000
86785  8.016  -12.036  36.523 0.0000000000
85512  7.492  -12.591  36.379 0.0000000000
86786  7.356  -11.457  36.388 0.0000000000
85514  5.507  -12.291  35.996 0.0000000000
85211  6.538  -13.153  59.014 0.0000000000
83851  6.460  -13.889  58.157 0.0000000000
87738  6.238  -11.891  59.077 0.0000000000
83868  7.092  -12.888  57.530 0.0000000000
83880  7.557  -12.984  56.932 0.0000000000
86486  8.886  -13.251  57.073 0.0000000000
85239  8.260  -13.049  55.860 0.0000000000
165432  15.009  -15.581  57.008 0.0000000000
79528  14.786  -15.685  56.983 0.0000000000
79520  14.002  -15.818  57.412 0.0000000000
79530  13.487  -16.014  57.890 0.0000000000
77991  13.010  -16.101  58.340 0.0000000000
82434  12.487  -15.188  57.907 0.0000000000
80990  12.222  -15.582  58.075 0.0000000000
79522  11.761  -15.895  57.989 0.0000000000
77993  10.952  -16.173  57.869 0.0000000000
77994  9.773  -16.470  58.348 0.0000000000
76440  9.380  -17.254  58.411 0.0000000000
76441  8.630  -17.379  58.405 0.0000000000
77986  8.993  -16.318  58.504 0.0000000000
79516  8.611  -15.976  58.777 0.0000000000
80985  8.292  -15.534  58.977 0.0000000000
83836  8.848  -14.781  58.694 0.0000000000
83837  8.233  -14.643  58.904 0.0000000000
82431  7.222  -14.916  59.279 0.0000000000
82437  6.703  -14.655  59.218 0.0000000000
83846  6.538  -14.096  59.019 0.0000000000
87841  9.989  -10.458  47.205 0.0000000000
89067  11.223  -9.857  46.062 0.0000000000
87872  11.941  -9.940  45.374 0.0000000000
87893  12.412  -9.958  44.661 0.0000000000
75007  3.710  -19.828  52.867 0.0000000000
87747  5.538  -11.200  54.246 0.0000000000
86512  4.855  -11.936  53.873 0.0000000000
87755  5.350  -11.134  53.570 0.0000000000
89001  6.901  -10.221  50.814 0.0000000000
69282  3.693  -21.292  56.165 0.0000000000
69290  4.275  -21.957  55.652 0.0000000000
69291  3.310  -22.013  56.493 0.0000000000
67915  3.185  -22.541  56.102 0.0000000000
67929  3.325  -22.791  55.505 0.0000000000
67944  3.666  -22.983  55.017 0.0000000000
66389  3.454  -24.073  53.683 0.0000000000
70883  3.528  -22.519  53.956 0.0000000000
69369  3.420  -22.967  52.255 0.0000000000
73622  4.474  -20.432  48.329 0.0000000000
75099  4.443  -20.972  47.126 0.0000000000
75098  4.791  -20.236  47.551 0.0000000000
75097  5.396  -19.664  47.436 0.0000000000
75120  5.848  -19.765  46.764 0.0000000000
75144  6.161  -20.248  46.041 0.0000000000
75143  6.765  -19.575  45.744 0.0000000000
75168  7.528  -19.286  44.603 0.0000000000
84102  7.316  -14.438  43.427 0.0000000000
84088  6.396  -14.617  43.821 0.0000000000
84103  6.735  -14.629  43.259 0.0000000000
82651  6.674  -14.786  42.994 0.0000000000
82670  6.644  -15.415  42.477 0.0000000000
81217  6.983  -15.375  41.767 0.0000000000
81198  6.865  -15.451  41.952 0.0000000000
81200  6.379  -15.922  42.105 0.0000000000
79760  6.061  -16.380  41.168 0.0000000000
78283  5.626  -16.953  40.557 0.0000000000
78301  5.592  -17.453  40.076 0.0000000000
78320  5.125  -17.642  39.520 0.0000000000
78302  4.908  -17.219  39.574 0.0000000000
76824  4.433  -17.467  39.429 0.0000000000
79777  3.955  -16.968  39.446 0.0000000000
81238  4.260  -15.982  39.302 0.0000000000
79792  3.738  -16.733  39.239 0.0000000000
79807  3.331  -16.208  38.654 0.0000000000
81273  3.180  -15.494  38.768 0.0000000000
81274  2.903  -15.355  38.157 0.0000000000
89197  5.387  -9.817  36.328 0.0000000000
89210  4.286  -9.370  35.025 0.0000000000
76482  3.498  -19.087  55.901 0.0000000000
76496  3.832  -18.829  55.421 0.0000000000
78059  4.266  -18.320  55.865 0.0000000000
78038  4.525  -17.434  55.813 0.0000000000
79554  4.620  -16.596  55.735 0.0000000000
81014  4.273  -15.962  55.983 0.0000000000
81013  4.723  -15.952  55.946 0.0000000000
81012  4.569  -15.644  55.519 0.0000000000
85256  5.259  -12.107  54.854 0.0000000000
83857  6.301  -13.635  57.320 0.0000000000
86488  6.858  -12.355  56.307 0.0000000000
86490  6.135  -12.157  56.191 0.0000000000
85233  5.649  -12.658  56.300 0.0000000000
85241  5.366  -12.292  55.367 0.0000000000
86500  5.591  -11.590  54.781 0.0000000000
78089  17.298  -17.521  53.745 0.0000000000
78105  16.614  -17.684  53.154 0.0000000000
76504  14.099  -17.461  54.178 0.0000000000
76506  12.212  -17.799  54.448 0.0000000000
78035  12.648  -17.225  56.277 0.0000000000
78010  12.240  -16.752  57.184 0.0000000000
78036  12.117  -17.689  56.304 0.0000000000
78056  12.368  -17.618  55.945 0.0000000000
76492  12.103  -17.738  55.772 0.0000000000
74990  11.868  -17.573  54.910 0.0000000000
74991  11.220  -17.805  54.491 0.0000000000
73550  9.512  -17.759  55.886 0.0000000000
72206  6.560  -20.232  55.704 0.0000000000
70809  5.906  -20.634  55.845 0.0000000000
70796  5.078  -20.667  56.645 0.0000000000
76451  8.187  -18.079  58.190 0.0000000000
74946  7.316  -18.558  58.141 0.0000000000
74947  6.714  -18.884  58.160 0.0000000000
76444  6.611  -17.817  58.222 0.0000000000
73527  6.170  -18.872  58.196 0.0000000000
73526  6.344  -19.037  58.184 0.0000000000
72165  5.575  -19.795  57.073 0.0000000000
70784  5.090  -20.239  56.996 0.0000000000
70797  4.230  -20.880  56.267 0.0000000000
72179  3.815  -20.249  56.057 0.0000000000
72180  3.161  -20.716  56.641 0.0000000000
73544  3.138  -20.151  56.272 0.0000000000
76463  4.505  -18.829  56.519 0.0000000000
74955  3.286  -19.551  56.150 0.0000000000
74961  2.765  -19.285  56.491 0.0000000000
74968  2.754  -19.473  56.057 0.0000000000
84033  4.522  -13.540  47.447 0.0000000000
84056  5.044  -13.503  46.696 0.0000000000
84054  6.405  -13.444  45.792 0.0000000000
84070  6.950  -13.683  45.350 0.0000000000
84069  8.200  -13.584  45.069 0.0000000000
87857  9.830  -11.008  46.999 0.0000000000
86613  9.563  -11.615  46.732 0.0000000000
85385  9.193  -12.384  46.141 0.0000000000
86635  10.255  -11.849  45.795 0.0000000000
85411  8.854  -13.056  45.322 0.0000000000
84086  7.858  -14.214  44.357 0.0000000000
82637  8.546  -14.145  44.012 0.0000000000
84117  9.543  -14.133  42.512 0.0000000000
84116  10.206  -13.894  42.687 0.0000000000
84130  9.283  -14.141  42.131 0.0000000000
84138  10.004  -14.120  41.082 0.0000000000
82705  9.787  -14.313  40.572 0.0000000000
82726  10.234  -14.128  39.594 0.0000000000
83876  12.028  -13.615  55.953 0.0000000000
85235  11.747  -13.630  55.703 0.0000000000
83895  12.008  -13.899  55.278 0.0000000000
76519  17.880  -17.937  53.262 0.0000000000
81036  22.803  -15.767  54.759 0.0000000000
78051  17.758  -17.219  55.554 0.0000000000
78031  17.531  -17.238  56.118 0.0000000000
76478  17.355  -17.329  56.605 0.0000000000
165427  16.855  -17.354  57.087 0.0000000000
79527  15.952  -16.352  57.019 0.0000000000
81010  18.917  -15.312  56.320 0.0000000000
82451  17.632  -14.687  56.091 0.0000000000
81003  17.694  -15.820  57.420 0.0000000000
165435  14.382  -14.825  57.666 0.0000000000
85218  14.218  -14.600  57.317 0.0000000000
85219  13.796  -14.404  56.967 0.0000000000
83861  13.460  -14.306  56.494 0.0000000000
68060  3.567  -24.379  48.810 0.0000000000
69477  3.505  -24.182  48.304 0.0000000000
70971  3.558  -23.056  48.126 0.0000000000
73601  3.958  -20.602  50.332 0.0000000000
73613  4.271  -20.776  49.192 0.0000000000
78166  5.077  -17.994  49.079 0.0000000000
78148  4.986  -17.645  49.713 0.0000000000
78147  5.395  -17.454  49.153 0.0000000000
79642  5.643  -17.178  48.913 0.0000000000
78076  4.172  -18.073  54.933 0.0000000000
79564  4.363  -16.435  54.654 0.0000000000
85287  4.741  -13.222  52.484 0.0000000000
81062  4.465  -15.735  51.502 0.0000000000
82575  4.476  -14.900  49.852 0.0000000000
85342  5.153  -12.454  48.063 0.0000000000
89039  9.684  -10.261  47.925 0.0000000000
85251  11.151  -13.975  54.945 0.0000000000
76571  14.947  -17.775  51.459 0.0000000000
69304  4.486  -22.582  55.392 0.0000000000
69317  4.708  -23.043  55.133 0.0000000000
67942  5.029  -23.556  54.431 0.0000000000
67956  5.117  -23.886  53.900 0.0000000000
66543  3.332  -25.125  46.679 0.0000000000
75123  4.428  -21.262  46.635 0.0000000000
73652  4.330  -21.570  45.726 0.0000000000
71028  4.317  -22.851  45.036 0.0000000000
73687  4.740  -21.798  44.686 0.0000000000
72322  4.523  -22.160  44.770 0.0000000000
69610  4.689  -23.577  44.734 0.0000000000
68159  4.861  -24.293  44.663 0.0000000000
66579  5.431  -25.408  44.348 0.0000000000
68174  6.769  -24.352  43.028 0.0000000000
66639  6.845  -25.785  39.545 0.0000000000
79694  6.049  -15.609  46.866 0.0000000000
79693  6.424  -16.079  46.596 0.0000000000
81155  6.381  -15.548  46.060 0.0000000000
78196  6.885  -17.271  46.069 0.0000000000
78211  7.445  -17.805  45.351 0.0000000000
76751  7.653  -18.459  44.930 0.0000000000
79727  6.842  -16.695  43.650 0.0000000000
78242  6.757  -16.720  42.582 0.0000000000
78241  7.051  -16.982  43.133 0.0000000000
78226  7.122  -17.083  44.004 0.0000000000
78240  7.513  -17.670  43.602 0.0000000000
76770  7.810  -18.471  44.119 0.0000000000
75191  7.873  -19.587  43.806 0.0000000000
73683  7.946  -20.521  43.246 0.0000000000
72361  8.233  -21.677  41.518 0.0000000000
73742  8.394  -20.508  40.310 0.0000000000
71099  8.364  -22.023  40.601 0.0000000000
71119  8.210  -23.120  40.426 0.0000000000
69670  8.113  -23.896  39.945 0.0000000000
68204  5.585  -24.976  38.708 0.0000000000
69696  4.413  -23.530  38.310 0.0000000000
76834  4.815  -18.165  39.255 0.0000000000
75248  4.943  -19.198  38.946 0.0000000000
72455  3.307  -21.571  37.195 0.0000000000
90250  13.221  -7.900  44.447 0.0000000000
89099  12.704  -9.360  43.147 0.0000000000
91490  12.387  -7.800  43.149 0.0000000000
87927  12.457  -10.237  42.770 0.0000000000
86681  12.190  -10.769  42.581 0.0000000000
86697  11.678  -11.560  41.327 0.0000000000
87948  11.215  -10.373  41.087 0.0000000000
87967  11.541  -11.001  40.867 0.0000000000
85476  11.722  -12.445  41.141 0.0000000000
85483  11.519  -12.649  40.378 0.0000000000
84146  10.803  -13.523  39.734 0.0000000000
84155  10.492  -13.585  38.858 0.0000000000
89132  9.218  -9.749  40.535 0.0000000000
87985  9.859  -10.709  39.497 0.0000000000
88003  8.832  -10.671  38.426 0.0000000000
88002  9.531  -10.821  38.803 0.0000000000
86735  9.976  -11.180  38.940 0.0000000000
86752  10.402  -12.216  38.705 0.0000000000
85492  10.267  -12.762  38.355 0.0000000000
82750  9.214  -14.520  38.394 0.0000000000
82773  8.610  -14.338  37.640 0.0000000000
82774  7.681  -14.397  37.331 0.0000000000
82775  6.545  -14.347  37.335 0.0000000000
84180  6.737  -13.485  36.532 0.0000000000
84168  6.024  -13.840  36.925 0.0000000000
82776  5.509  -14.335  37.543 0.0000000000
82756  3.702  -14.478  38.194 0.0000000000
82757  3.223  -14.738  38.130 0.0000000000
81289  3.049  -15.421  37.167 0.0000000000
86788  5.164  -11.353  35.899 0.0000000000
85515  4.666  -12.332  35.799 0.0000000000
84184  3.530  -13.560  35.994 0.0000000000
84185  3.059  -13.996  36.025 0.0000000000
81303  3.220  -15.540  36.191 0.0000000000
63824  4.255  -27.152  38.360 0.0000000000
65159  3.490  -25.530  46.374 0.0000000000
66554  3.446  -25.014  46.151 0.0000000000
66568  3.757  -24.948  45.524 0.0000000000
66580  5.115  -25.082  44.631 0.0000000000
66582  4.083  -24.511  45.292 0.0000000000
68102  3.392  -24.731  46.497 0.0000000000
68125  3.567  -24.422  46.044 0.0000000000
68142  3.858  -24.255  45.531 0.0000000000
68157  6.631  -23.889  43.233 0.0000000000
68160  4.408  -24.198  45.035 0.0000000000
68161  4.135  -24.088  45.271 0.0000000000
68176  5.524  -24.174  44.089 0.0000000000
68177  5.222  -24.028  44.385 0.0000000000
68217  5.659  -24.298  38.592 0.0000000000
69279  5.390  -21.141  55.930 0.0000000000
69289  4.962  -21.762  55.751 0.0000000000
69505  3.449  -24.293  47.923 0.0000000000
69558  3.438  -23.482  47.236 0.0000000000
69559  3.379  -23.838  46.980 0.0000000000
69560  3.541  -23.770  46.316 0.0000000000
69608  6.540  -23.599  43.330 0.0000000000
69609  6.242  -23.584  43.577 0.0000000000
69611  4.329  -23.641  45.083 0.0000000000
69635  6.813  -23.609  43.071 0.0000000000
69681  7.900  -23.147  39.529 0.0000000000
70785  4.753  -20.441  56.754 0.0000000000
70786  4.179  -20.505  56.212 0.0000000000
70794  6.300  -20.043  56.375 0.0000000000
70810  4.909  -21.871  55.720 0.0000000000
70827  4.966  -21.979  55.686 0.0000000000
70828  4.745  -22.107  55.609 0.0000000000
70972  3.703  -22.417  46.872 0.0000000000
70973  3.685  -22.436  46.753 0.0000000000
70988  3.519  -23.043  47.385 0.0000000000
70989  3.578  -22.717  46.953 0.0000000000
71010  3.517  -23.216  46.611 0.0000000000
71011  3.651  -22.976  45.947 0.0000000000
71029  4.063  -22.948  45.299 0.0000000000
71047  6.691  -23.314  43.203 0.0000000000
71049  5.341  -22.513  44.205 0.0000000000
71051  4.483  -22.888  44.870 0.0000000000
71052  4.225  -23.300  45.167 0.0000000000
71078  5.538  -22.755  44.086 0.0000000000
71079  5.281  -23.147  44.327 0.0000000000
71100  8.164  -22.461  40.986 0.0000000000
71118  8.402  -22.341  40.180 0.0000000000
71135  8.108  -22.406  39.542 0.0000000000
72163  6.690  -19.419  57.046 0.0000000000
72166  5.058  -19.960  57.251 0.0000000000
72193  6.517  -20.240  56.036 0.0000000000
72267  3.758  -22.160  46.479 0.0000000000
72275  3.600  -22.649  47.273 0.0000000000
72276  3.656  -22.484  47.195 0.0000000000
72277  3.691  -22.245  45.932 0.0000000000
72302  4.312  -22.477  45.018 0.0000000000
72303  4.135  -22.202  45.240 0.0000000000
72320  5.461  -22.124  44.122 0.0000000000
72321  4.842  -22.190  44.441 0.0000000000
72341  5.958  -22.258  43.894 0.0000000000
72360  8.391  -21.681  40.878 0.0000000000
72381  8.458  -21.624  40.342 0.0000000000
72427  6.993  -21.345  38.723 0.0000000000
73534  5.707  -19.332  57.867 0.0000000000
73545  9.467  -17.692  56.110 0.0000000000
73551  8.937  -17.946  55.872 0.0000000000
73560  3.152  -19.936  55.491 0.0000000000
73633  4.091  -21.709  46.671 0.0000000000
73642  4.183  -21.543  46.181 0.0000000000
73643  3.903  -21.827  45.786 0.0000000000
73653  4.134  -21.858  45.468 0.0000000000
73667  5.117  -21.387  44.962 0.0000000000
73669  4.242  -21.877  45.290 0.0000000000
73682  8.279  -20.041  43.155 0.0000000000
73688  4.551  -21.897  44.821 0.0000000000
73704  8.363  -19.971  42.939 0.0000000000
73741  8.548  -21.092  40.670 0.0000000000
73756  8.439  -21.058  40.076 0.0000000000
73758  7.107  -20.114  39.074 0.0000000000
73775  7.309  -20.829  38.911 0.0000000000
74942  7.314  -18.000  58.376 0.0000000000
74943  6.715  -18.407  58.238 0.0000000000
74944  6.036  -18.608  58.082 0.0000000000
74945  5.696  -18.677  57.901 0.0000000000
74951  8.967  -18.087  57.529 0.0000000000
74962  11.556  -17.873  56.244 0.0000000000
74965  9.511  -17.953  55.578 0.0000000000
74974  12.108  -17.673  55.591 0.0000000000
74995  3.528  -20.554  54.482 0.0000000000
75003  11.878  -17.807  54.378 0.0000000000
75023  4.787  -19.260  51.144 0.0000000000
75074  5.147  -19.592  47.935 0.0000000000
75100  4.308  -21.365  46.939 0.0000000000
75121  5.209  -20.332  46.790 0.0000000000
75147  4.592  -21.234  46.184 0.0000000000
75169  6.984  -20.002  44.977 0.0000000000
75173  4.701  -21.314  45.738 0.0000000000
75190  8.234  -19.837  43.275 0.0000000000
75234  6.800  -18.656  40.345 0.0000000000
76437  7.671  -16.826  58.506 0.0000000000
76442  7.891  -17.596  58.309 0.0000000000
76449  9.620  -17.635  58.142 0.0000000000
76455  17.612  -17.332  57.202 0.0000000000
76456  17.166  -17.335  57.122 0.0000000000
76457  12.056  -17.035  57.061 0.0000000000
76458  11.471  -17.135  57.331 0.0000000000
76465  18.124  -17.265  57.178 0.0000000000
76466  18.075  -17.476  56.989 0.0000000000
76467  17.126  -17.469  57.000 0.0000000000
76468  16.474  -17.114  57.042 0.0000000000
76470  11.786  -17.849  56.451 0.0000000000
76471  11.509  -17.843  56.719 0.0000000000
76480  16.029  -16.833  56.839 0.0000000000
76497  3.980  -18.902  55.823 0.0000000000
76520  17.352  -17.851  53.203 0.0000000000
76528  4.327  -18.288  53.685 0.0000000000
76703  7.285  -18.535  45.934 0.0000000000
76730  7.213  -18.913  45.810 0.0000000000
76752  7.304  -19.144  45.281 0.0000000000
76823  4.579  -17.634  39.386 0.0000000000
76855  3.219  -16.691  37.693 0.0000000000
76869  3.231  -16.712  37.632 0.0000000000
77987  8.458  -16.559  58.610 0.0000000000
77992  12.460  -16.045  58.061 0.0000000000
77995  8.974  -16.834  58.491 0.0000000000
77996  8.613  -16.936  58.480 0.0000000000
77997  6.945  -17.181  58.403 0.0000000000
77998  6.563  -17.285  58.167 0.0000000000
78000  13.585  -16.018  57.774 0.0000000000
78006  17.778  -17.173  57.273 0.0000000000
78007  17.158  -17.014  57.205 0.0000000000
78012  11.307  -17.516  57.191 0.0000000000
78015  18.035  -17.101  57.264 0.0000000000
78017  15.459  -16.300  56.688 0.0000000000
78021  11.454  -17.681  57.051 0.0000000000
78022  11.102  -17.691  57.127 0.0000000000
78093  4.303  -18.290  53.441 0.0000000000
78303  4.166  -17.265  39.437 0.0000000000
78304  3.791  -17.132  39.335 0.0000000000
78351  3.182  -16.609  37.700 0.0000000000
78360  3.194  -16.558  37.513 0.0000000000
78373  3.246  -16.707  37.394 0.0000000000
79514  9.613  -15.958  58.388 0.0000000000
79517  8.139  -16.084  59.073 0.0000000000
79519  7.098  -16.167  58.820 0.0000000000
79521  13.058  -15.970  58.280 0.0000000000
79523  10.540  -16.029  58.071 0.0000000000
79524  9.963  -16.130  58.297 0.0000000000
79529  13.983  -16.039  57.506 0.0000000000
79534  15.136  -15.881  56.829 0.0000000000
79535  14.434  -15.804  56.979 0.0000000000
79538  17.906  -16.707  57.392 0.0000000000
79541  14.720  -15.896  56.810 0.0000000000
79542  4.491  -16.138  55.391 0.0000000000
79543  4.482  -16.317  55.455 0.0000000000
79744  6.618  -16.490  42.477 0.0000000000
79806  3.498  -15.783  38.898 0.0000000000
79825  2.960  -16.160  37.806 0.0000000000
79826  3.119  -16.507  37.777 0.0000000000
80982  10.152  -15.550  58.422 0.0000000000
80984  8.794  -15.496  58.718 0.0000000000
80986  7.725  -15.550  59.175 0.0000000000
80988  6.699  -15.741  58.831 0.0000000000
80992  10.415  -15.784  58.235 0.0000000000
80994  6.057  -16.102  57.791 0.0000000000
80996  5.527  -16.521  57.538 0.0000000000
80997  5.244  -16.321  57.360 0.0000000000
80998  16.438  -15.991  57.224 0.0000000000
81000  4.862  -16.341  57.099 0.0000000000
81002  17.475  -16.219  57.413 0.0000000000
81004  4.531  -16.023  55.483 0.0000000000
81005  4.621  -16.080  55.710 0.0000000000
81006  4.716  -16.299  56.437 0.0000000000
81237  5.111  -16.092  39.675 0.0000000000
81259  2.987  -15.006  38.744 0.0000000000
81302  3.477  -16.176  36.139 0.0000000000
82425  10.971  -15.223  58.291 0.0000000000
82426  10.541  -15.064  58.469 0.0000000000
82427  9.794  -15.131  58.679 0.0000000000
82430  7.927  -15.015  59.080 0.0000000000
82432  6.762  -15.196  59.166 0.0000000000
82436  10.802  -14.920  58.409 0.0000000000
82439  6.399  -15.393  58.180 0.0000000000
82442  6.173  -13.787  56.872 0.0000000000
82445  5.117  -15.889  57.203 0.0000000000
82446  6.025  -13.982  56.783 0.0000000000
82447  6.032  -14.156  56.812 0.0000000000
82449  4.953  -15.678  56.759 0.0000000000
82457  4.788  -15.770  56.443 0.0000000000
82491  12.407  -14.371  53.983 0.0000000000
82636  8.791  -13.963  44.015 0.0000000000
82652  6.443  -14.986  43.208 0.0000000000
82653  6.485  -15.563  42.704 0.0000000000
82667  8.859  -14.286  42.748 0.0000000000
82671  6.483  -15.687  42.372 0.0000000000
82685  9.663  -14.224  41.246 0.0000000000
82704  10.411  -13.999  40.161 0.0000000000
82755  4.217  -14.424  38.340 0.0000000000
82779  3.653  -14.322  37.209 0.0000000000
82780  3.113  -14.744  37.270 0.0000000000
82792  6.713  -13.994  36.860 0.0000000000
83833  10.562  -14.849  58.494 0.0000000000
83835  9.536  -14.763  58.662 0.0000000000
83839  13.309  -14.887  57.900 0.0000000000
83840  12.740  -15.092  57.790 0.0000000000
83843  10.049  -14.527  58.643 0.0000000000
83845  6.937  -14.135  59.273 0.0000000000
83848  6.397  -15.079  57.929 0.0000000000
83850  12.160  -14.589  58.044 0.0000000000
83853  6.207  -15.189  57.628 0.0000000000
83856  11.001  -13.761  57.149 0.0000000000
83858  6.102  -14.349  57.145 0.0000000000
83862  12.533  -13.998  56.485 0.0000000000
83867  7.635  -13.182  57.190 0.0000000000
83870  5.692  -14.234  56.583 0.0000000000
83872  5.165  -15.328  56.636 0.0000000000
83879  9.631  -13.399  56.374 0.0000000000
83896  11.352  -14.007  54.856 0.0000000000
83947  4.588  -13.648  52.018 0.0000000000
84068  8.686  -13.439  44.945 0.0000000000
84099  10.665  -13.216  44.023 0.0000000000
84119  6.896  -14.652  42.914 0.0000000000
84127  11.398  -12.981  41.910 0.0000000000
84129  9.909  -14.068  41.734 0.0000000000
84156  9.952  -13.670  38.150 0.0000000000
84167  6.490  -13.942  36.886 0.0000000000
84181  5.808  -13.202  36.347 0.0000000000
85194  9.512  -14.572  58.598 0.0000000000
85195  9.166  -14.544  58.571 0.0000000000
85197  7.946  -14.171  59.012 0.0000000000
85198  11.924  -14.431  58.181 0.0000000000
85201  9.625  -14.286  58.535 0.0000000000
85202  8.888  -14.153  58.433 0.0000000000
85205  6.660  -13.384  59.229 0.0000000000
85206  14.166  -14.804  57.836 0.0000000000
85207  13.992  -14.930  57.882 0.0000000000
85208  13.324  -14.777  57.648 0.0000000000
85210  11.290  -13.968  58.229 0.0000000000
85212  14.334  -14.966  57.692 0.0000000000
85216  11.146  -13.750  57.559 0.0000000000
85217  5.799  -13.123  58.199 0.0000000000
85220  12.978  -14.206  56.816 0.0000000000
85224  6.722  -12.832  57.239 0.0000000000
85226  11.860  -13.462  56.108 0.0000000000
85227  11.553  -13.550  55.833 0.0000000000
85229  9.102  -13.208  56.744 0.0000000000
85230  8.114  -13.210  56.772 0.0000000000
85236  11.320  -13.774  55.364 0.0000000000
85300  4.665  -13.508  51.653 0.0000000000
85390  5.162  -13.003  46.998 0.0000000000
85424  11.173  -12.208  44.369 0.0000000000
85457  11.202  -12.846  43.204 0.0000000000
85484  11.165  -12.721  39.730 0.0000000000
86462  10.639  -13.893  58.309 0.0000000000
86467  6.613  -13.058  59.245 0.0000000000
86469  11.401  -13.872  58.071 0.0000000000
86470  10.717  -13.750  58.124 0.0000000000
86471  10.006  -13.659  58.125 0.0000000000
86473  6.568  -12.681  58.990 0.0000000000
86474  6.340  -12.476  59.099 0.0000000000
86476  10.768  -13.652  57.850 0.0000000000
86477  10.215  -13.606  57.993 0.0000000000
86478  9.536  -13.477  57.812 0.0000000000
86479  6.392  -12.036  58.450 0.0000000000
86480  6.245  -12.086  58.594 0.0000000000
86481  10.234  -13.483  57.648 0.0000000000
86482  9.720  -13.396  57.595 0.0000000000
86483  9.225  -13.358  57.483 0.0000000000
86484  6.506  -12.428  58.035 0.0000000000
86487  8.749  -13.376  57.413 0.0000000000
86489  6.623  -12.277  56.262 0.0000000000
86511  5.269  -11.484  54.218 0.0000000000
86636  9.742  -12.148  46.098 0.0000000000
86770  7.818  -10.994  36.841 0.0000000000
87737  6.470  -11.990  59.035 0.0000000000
87739  6.502  -12.015  58.586 0.0000000000
87740  6.318  -11.772  58.909 0.0000000000
87742  6.912  -11.917  58.362 0.0000000000
87986  9.011  -10.326  39.237 0.0000000000
89149  7.167  -9.950  39.535 0.0000000000
89196  5.880  -10.083  36.374 0.0000000000
165425  3.360  -17.085  37.420 0.0000000000
165428  16.740  -17.114  57.138 0.0000000000
165429  15.532  -16.159  56.842 0.0000000000
165434  13.951  -15.076  57.874 0.0000000000
165454  7.628  -13.422  57.692 0.0000000000
165456  7.133  -13.185  57.993 0.0000000000
165459  7.883  -13.664  57.932 0.0000000000
165460  8.827  -13.505  57.776 0.0000000000
165463  7.186  -12.557  58.309 0.0000000000
