#!ascii label  , from subject _151 vox2ras=TkReg
1604
66429  10.772  -25.676  52.133 0.0000000000
91795  45.916  -7.992  24.486 0.0000000000
72295  29.344  -22.245  44.191 0.0000000000
72280  40.600  -22.035  45.647 0.0000000000
68141  22.575  -24.121  43.800 0.0000000000
70887  18.615  -23.425  51.897 0.0000000000
99620  55.483  -1.691  20.213 0.0000000000
99490  53.912  -1.955  28.293 0.0000000000
81309  39.750  -15.375  34.773 0.0000000000
106031  61.279  3.533  13.115 0.0000000000
62247  29.525  -28.353  49.175 0.0000000000
69391  13.860  -23.649  51.853 0.0000000000
100886  53.899  -0.878  24.158 0.0000000000
98324  49.802  -2.970  22.435 0.0000000000
88143  46.519  -10.767  29.521 0.0000000000
88138  51.709  -10.105  29.009 0.0000000000
86922  42.199  -11.657  29.193 0.0000000000
72413  35.769  -21.200  38.718 0.0000000000
69595  34.970  -24.348  43.149 0.0000000000
68028  25.825  -25.125  49.255 0.0000000000
69358  24.189  -23.755  52.758 0.0000000000
68075  20.192  -24.003  47.536 0.0000000000
69524  15.656  -23.233  46.749 0.0000000000
68152  27.001  -24.723  42.806 0.0000000000
100928  60.889  -0.604  21.675 0.0000000000
102164  59.925  0.181  24.894 0.0000000000
95641  49.423  -5.341  26.599 0.0000000000
86799  42.761  -11.710  35.733 0.0000000000
76812  41.398  -19.295  40.175 0.0000000000
102244  58.715  -0.363  16.587 0.0000000000
104748  62.512  2.967  18.310 0.0000000000
104782  63.492  2.662  13.710 0.0000000000
63579  28.964  -27.547  52.495 0.0000000000
69366  12.225  -24.524  52.329 0.0000000000
70843  13.693  -22.969  55.579 0.0000000000
69312  11.870  -23.902  55.317 0.0000000000
98344  50.235  -2.829  20.864 0.0000000000
88082  47.856  -10.958  32.275 0.0000000000
88080  50.120  -10.439  32.531 0.0000000000
62155  7.849  -28.937  55.987 0.0000000000
86978  42.175  -11.352  26.104 0.0000000000
72371  29.961  -21.943  40.788 0.0000000000
71126  32.602  -22.795  39.926 0.0000000000
71038  32.203  -23.568  43.861 0.0000000000
69542  24.242  -24.237  45.959 0.0000000000
68051  22.879  -24.332  48.254 0.0000000000
68118  20.960  -24.008  45.613 0.0000000000
66595  24.916  -25.103  42.608 0.0000000000
66553  25.762  -25.850  45.763 0.0000000000
69339  21.313  -23.687  53.127 0.0000000000
99617  58.438  -1.721  20.298 0.0000000000
100894  60.848  -0.659  23.886 0.0000000000
100914  57.601  -0.229  22.679 0.0000000000
100862  54.077  -0.995  26.374 0.0000000000
102138  56.696  0.777  26.845 0.0000000000
94389  45.124  -6.272  23.172 0.0000000000
95696  46.808  -4.999  23.769 0.0000000000
93136  47.237  -6.848  25.342 0.0000000000
85572  38.217  -12.948  32.026 0.0000000000
86855  39.865  -11.763  32.753 0.0000000000
85532  40.769  -12.812  35.258 0.0000000000
72327  38.629  -22.007  42.229 0.0000000000
73746  38.842  -20.617  39.523 0.0000000000
73692  41.431  -20.768  42.312 0.0000000000
99682  55.042  -1.905  17.533 0.0000000000
100994  56.140  -1.311  16.081 0.0000000000
99656  57.284  -1.841  18.608 0.0000000000
100954  59.669  -0.715  19.250 0.0000000000
107276  64.226  4.838  12.669 0.0000000000
108517  63.209  5.103  14.436 0.0000000000
106007  64.334  3.800  16.230 0.0000000000
106018  62.104  3.521  15.549 0.0000000000
66522  30.213  -25.716  46.150 0.0000000000
69488  31.761  -24.125  46.854 0.0000000000
63634  32.153  -27.730  49.144 0.0000000000
70889  16.626  -23.136  52.543 0.0000000000
70838  17.995  -23.416  55.165 0.0000000000
70840  16.213  -22.874  55.301 0.0000000000
99644  53.147  -2.192  19.321 0.0000000000
100932  55.326  -1.154  21.795 0.0000000000
99603  52.457  -1.964  21.269 0.0000000000
99589  51.686  -2.181  22.737 0.0000000000
98277  51.400  -2.610  25.523 0.0000000000
88194  46.012  -10.174  26.723 0.0000000000
89306  49.055  -9.381  26.947 0.0000000000
88140  49.580  -10.439  29.161 0.0000000000
78395  37.941  -17.327  33.893 0.0000000000
75102  42.499  -19.615  46.586 0.0000000000
64984  9.955  -26.999  52.882 0.0000000000
67955  10.459  -25.523  55.233 0.0000000000
64960  9.380  -27.036  55.898 0.0000000000
90512  43.413  -9.275  24.104 0.0000000000
88196  43.650  -10.684  26.558 0.0000000000
88163  44.665  -10.724  28.908 0.0000000000
88085  45.514  -11.483  32.490 0.0000000000
72444  32.676  -21.612  37.322 0.0000000000
71088  35.639  -22.695  41.300 0.0000000000
71016  38.055  -23.621  44.122 0.0000000000
69510  33.806  -24.849  46.054 0.0000000000
68064  37.074  -24.688  47.244 0.0000000000
66443  27.067  -25.592  51.656 0.0000000000
69332  26.925  -24.363  53.857 0.0000000000
69409  25.429  -24.236  51.228 0.0000000000
69412  22.420  -24.338  50.822 0.0000000000
69415  19.470  -23.840  50.569 0.0000000000
69547  19.161  -23.837  45.368 0.0000000000
69495  18.151  -23.535  47.350 0.0000000000
70940  16.625  -23.142  49.187 0.0000000000
70956  14.908  -23.502  49.132 0.0000000000
68036  12.820  -24.672  49.490 0.0000000000
66491  11.553  -25.454  49.506 0.0000000000
73713  27.492  -21.089  41.262 0.0000000000
72355  26.219  -21.558  40.943 0.0000000000
71021  28.104  -22.625  43.766 0.0000000000
65149  28.093  -26.711  45.710 0.0000000000
65068  27.678  -27.044  49.509 0.0000000000
99542  61.879  -2.111  25.448 0.0000000000
102176  57.159  0.777  24.216 0.0000000000
97059  47.249  -4.176  21.914 0.0000000000
96999  49.377  -3.767  25.131 0.0000000000
96947  51.420  -3.897  27.658 0.0000000000
91730  50.390  -7.483  27.511 0.0000000000
93084  52.184  -6.263  28.419 0.0000000000
86908  40.212  -12.308  29.555 0.0000000000
86871  42.649  -11.855  32.050 0.0000000000
86796  45.743  -11.935  35.452 0.0000000000
76862  38.806  -18.685  36.771 0.0000000000
79812  41.173  -16.946  37.502 0.0000000000
76756  43.288  -19.001  43.806 0.0000000000
79765  43.519  -16.643  40.210 0.0000000000
82743  42.431  -14.332  37.942 0.0000000000
86746  42.940  -12.234  38.669 0.0000000000
86721  45.972  -12.469  39.382 0.0000000000
103537  59.619  1.354  14.531 0.0000000000
103503  60.393  1.052  17.395 0.0000000000
103469  61.464  1.364  20.211 0.0000000000
63547  29.867  -28.158  52.804 0.0000000000
67980  11.695  -24.900  52.224 0.0000000000
69344  11.873  -24.654  53.426 0.0000000000
67963  11.399  -25.253  53.868 0.0000000000
86808  48.254  -11.163  34.128 0.0000000000
88050  48.768  -10.960  34.008 0.0000000000
60877  6.626  -30.051  54.560 0.0000000000
72330  30.013  -22.067  42.566 0.0000000000
71093  30.637  -22.420  41.771 0.0000000000
71040  30.672  -22.730  43.687 0.0000000000
68140  23.446  -24.330  44.254 0.0000000000
68093  22.816  -24.254  46.390 0.0000000000
69544  21.794  -24.062  44.101 0.0000000000
68185  24.419  -24.791  41.231 0.0000000000
68154  23.391  -24.448  43.138 0.0000000000
68139  24.383  -24.869  44.513 0.0000000000
69362  19.898  -23.893  52.122 0.0000000000
70857  19.696  -23.564  54.128 0.0000000000
99618  57.374  -1.623  20.349 0.0000000000
99597  58.009  -1.303  21.422 0.0000000000
99598  56.846  -1.279  21.183 0.0000000000
99508  53.775  -1.574  27.288 0.0000000000
100839  54.746  -0.747  27.570 0.0000000000
93153  44.986  -7.307  23.621 0.0000000000
93151  46.249  -6.375  23.984 0.0000000000
91794  46.747  -7.742  25.147 0.0000000000
81347  38.207  -15.311  33.020 0.0000000000
84207  39.301  -13.995  33.945 0.0000000000
84228  39.230  -13.158  33.816 0.0000000000
84194  40.375  -13.645  34.949 0.0000000000
72308  39.728  -22.082  43.494 0.0000000000
72326  39.636  -21.619  42.458 0.0000000000
72307  40.855  -21.763  43.663 0.0000000000
99658  55.482  -1.944  18.483 0.0000000000
99681  55.989  -2.108  17.633 0.0000000000
99640  56.847  -1.707  19.427 0.0000000000
99639  57.787  -1.903  19.428 0.0000000000
107249  62.663  4.822  13.846 0.0000000000
107250  62.163  4.030  14.043 0.0000000000
107236  62.664  4.427  15.088 0.0000000000
104784  61.144  2.808  14.083 0.0000000000
63669  29.783  -27.327  46.857 0.0000000000
65087  31.223  -26.544  47.855 0.0000000000
62257  30.786  -28.148  48.536 0.0000000000
70907  14.865  -23.287  52.149 0.0000000000
70877  15.660  -22.973  53.722 0.0000000000
70878  14.881  -23.057  53.928 0.0000000000
72203  13.156  -22.665  57.175 0.0000000000
70821  14.335  -22.798  56.291 0.0000000000
99645  52.143  -2.250  19.358 0.0000000000
99623  52.764  -2.161  20.305 0.0000000000
99624  51.777  -2.156  20.416 0.0000000000
98333  49.665  -3.077  21.529 0.0000000000
99604  51.446  -2.305  21.584 0.0000000000
98322  51.137  -2.539  23.259 0.0000000000
99564  51.690  -2.169  24.524 0.0000000000
98311  50.512  -2.761  23.727 0.0000000000
88161  46.724  -10.644  28.435 0.0000000000
88160  47.755  -10.536  28.340 0.0000000000
88141  48.560  -10.533  29.291 0.0000000000
99661  52.579  -2.125  18.327 0.0000000000
64970  10.178  -27.095  53.998 0.0000000000
63555  9.576  -27.685  54.385 0.0000000000
89370  42.434  -9.791  23.768 0.0000000000
89339  44.054  -9.876  25.281 0.0000000000
88223  42.295  -10.474  24.443 0.0000000000
86942  42.257  -11.545  28.123 0.0000000000
86960  43.062  -11.195  27.661 0.0000000000
88164  43.796  -11.089  29.213 0.0000000000
88123  45.361  -11.178  30.739 0.0000000000
88125  43.626  -11.541  30.684 0.0000000000
72445  31.499  -21.809  37.480 0.0000000000
69647  33.642  -23.517  42.055 0.0000000000
71108  34.217  -22.808  40.586 0.0000000000
69622  35.434  -23.789  42.363 0.0000000000
71037  36.486  -23.465  42.392 0.0000000000
69566  36.911  -24.323  44.395 0.0000000000
69436  32.713  -24.929  47.988 0.0000000000
69487  32.514  -24.214  47.025 0.0000000000
69458  33.895  -24.637  47.904 0.0000000000
69455  36.859  -24.479  48.441 0.0000000000
69508  38.330  -23.871  46.916 0.0000000000
66468  26.672  -25.442  50.651 0.0000000000
67990  26.554  -24.747  51.855 0.0000000000
68007  25.975  -24.757  50.554 0.0000000000
68052  21.773  -24.339  48.403 0.0000000000
68032  22.433  -24.485  49.223 0.0000000000
68033  21.434  -24.341  49.418 0.0000000000
68013  20.527  -24.193  50.493 0.0000000000
69465  20.020  -23.944  49.402 0.0000000000
69577  19.318  -23.744  44.261 0.0000000000
71002  15.875  -23.107  46.035 0.0000000000
69522  16.842  -23.539  46.214 0.0000000000
69496  17.031  -23.477  47.177 0.0000000000
69468  17.582  -23.328  48.165 0.0000000000
70954  16.261  -23.260  48.519 0.0000000000
70941  15.752  -23.063  49.725 0.0000000000
70967  15.163  -23.456  48.177 0.0000000000
68056  11.985  -24.953  48.905 0.0000000000
72422  27.386  -20.887  38.609 0.0000000000
73749  26.980  -20.587  39.532 0.0000000000
68183  26.218  -24.689  41.590 0.0000000000
69626  26.395  -23.040  41.924 0.0000000000
71042  26.704  -22.161  42.238 0.0000000000
69600  27.363  -23.646  43.316 0.0000000000
68136  28.599  -25.103  44.366 0.0000000000
66575  27.576  -25.713  43.857 0.0000000000
66524  25.785  -25.621  47.678 0.0000000000
65110  26.687  -26.405  47.782 0.0000000000
66503  26.833  -25.879  49.407 0.0000000000
66467  27.334  -26.034  50.592 0.0000000000
69334  25.542  -24.031  53.602 0.0000000000
67911  9.664  -25.323  57.335 0.0000000000
69286  10.375  -23.874  57.178 0.0000000000
102185  61.845  -0.170  22.472 0.0000000000
100882  60.261  -0.357  24.498 0.0000000000
100893  61.624  -1.119  24.119 0.0000000000
100880  61.340  -1.021  25.261 0.0000000000
100855  61.086  -1.085  26.190 0.0000000000
100917  54.512  -1.020  22.401 0.0000000000
100916  55.596  -0.556  22.691 0.0000000000
100899  56.042  0.296  23.927 0.0000000000
103400  58.117  1.404  26.899 0.0000000000
94350  47.972  -5.392  25.210 0.0000000000
95694  48.204  -4.598  24.651 0.0000000000
95668  49.219  -4.490  25.799 0.0000000000
96975  50.200  -3.809  26.269 0.0000000000
95639  50.586  -4.729  27.353 0.0000000000
89294  50.359  -9.251  27.864 0.0000000000
90457  49.450  -8.561  26.880 0.0000000000
89293  51.205  -9.238  28.033 0.0000000000
85618  38.417  -12.457  28.889 0.0000000000
86832  41.380  -12.061  33.734 0.0000000000
86853  41.963  -11.943  32.878 0.0000000000
86831  42.464  -11.864  33.809 0.0000000000
86829  44.430  -11.705  33.844 0.0000000000
86798  43.772  -11.917  35.649 0.0000000000
73788  34.972  -20.830  37.332 0.0000000000
73787  36.215  -20.220  37.244 0.0000000000
75239  39.833  -19.874  39.374 0.0000000000
75252  38.611  -19.750  38.250 0.0000000000
76839  40.099  -18.873  38.329 0.0000000000
76846  39.657  -18.262  37.115 0.0000000000
78309  41.226  -18.060  38.669 0.0000000000
76709  42.934  -19.157  45.209 0.0000000000
81208  44.454  -15.542  41.520 0.0000000000
81248  43.151  -15.549  39.333 0.0000000000
82697  43.658  -14.090  39.546 0.0000000000
85488  42.567  -12.978  38.756 0.0000000000
85471  43.794  -13.000  40.584 0.0000000000
100993  57.330  -1.230  16.357 0.0000000000
102253  59.352  0.503  15.719 0.0000000000
103516  59.929  0.896  16.261 0.0000000000
102243  59.392  0.198  16.977 0.0000000000
100944  60.069  -0.883  19.985 0.0000000000
102210  60.851  0.407  19.929 0.0000000000
102198  61.114  0.469  20.983 0.0000000000
103457  62.245  1.077  21.132 0.0000000000
106029  64.110  4.110  13.123 0.0000000000
107214  63.471  4.096  17.310 0.0000000000
105985  63.997  3.323  18.079 0.0000000000
105970  63.172  3.027  18.952 0.0000000000
63596  29.440  -28.077  51.078 0.0000000000
62219  30.581  -28.981  50.911 0.0000000000
63560  29.957  -28.371  52.405 0.0000000000
69392  12.868  -24.148  51.557 0.0000000000
69341  13.790  -23.548  53.645 0.0000000000
69342  13.237  -23.799  53.525 0.0000000000
70865  12.444  -23.359  55.045 0.0000000000
70804  12.398  -22.860  57.248 0.0000000000
98345  49.393  -3.226  20.487 0.0000000000
98334  48.874  -3.385  21.323 0.0000000000
88121  47.338  -10.834  30.427 0.0000000000
88120  48.368  -10.684  30.346 0.0000000000
88081  48.841  -10.716  32.337 0.0000000000
88062  50.238  -10.543  33.731 0.0000000000
62177  8.440  -28.747  54.318 0.0000000000
62168  7.847  -29.115  54.815 0.0000000000
62156  6.992  -29.008  56.643 0.0000000000
88211  41.761  -11.222  24.961 0.0000000000
86944  40.723  -12.260  27.076 0.0000000000
72392  31.316  -22.378  39.262 0.0000000000
71128  30.815  -22.613  40.159 0.0000000000
71091  32.673  -23.401  41.879 0.0000000000
69596  33.883  -24.085  43.458 0.0000000000
69491  24.814  -24.929  47.519 0.0000000000
69438  24.671  -24.586  48.512 0.0000000000
68071  23.950  -24.426  47.142 0.0000000000
68073  22.254  -24.252  47.392 0.0000000000
68095  20.614  -24.017  46.627 0.0000000000
69525  14.824  -23.351  46.519 0.0000000000
69553  13.923  -23.512  45.665 0.0000000000
68184  25.540  -24.712  40.997 0.0000000000
66594  25.623  -25.315  42.722 0.0000000000
66564  26.819  -26.328  44.851 0.0000000000
66565  25.704  -25.696  44.623 0.0000000000
68090  25.178  -25.184  46.564 0.0000000000
69337  22.927  -23.098  53.350 0.0000000000
99595  60.190  -1.406  20.983 0.0000000000
100911  60.618  -0.776  22.826 0.0000000000
99584  58.879  -1.211  22.068 0.0000000000
100913  58.456  -0.535  22.657 0.0000000000
100896  58.882  -0.294  23.756 0.0000000000
100874  53.952  -0.947  25.289 0.0000000000
100884  55.592  0.120  25.276 0.0000000000
100872  55.404  -0.011  26.323 0.0000000000
102118  55.854  0.181  27.769 0.0000000000
95719  46.214  -5.047  23.207 0.0000000000
94387  45.957  -5.488  23.356 0.0000000000
94351  47.170  -5.738  24.919 0.0000000000
93122  48.516  -6.338  26.285 0.0000000000
89291  53.161  -9.170  28.349 0.0000000000
86894  37.563  -12.112  30.540 0.0000000000
86893  38.450  -12.055  30.625 0.0000000000
86834  39.209  -12.183  32.914 0.0000000000
86817  39.971  -12.430  33.970 0.0000000000
86800  41.825  -12.004  35.773 0.0000000000
72367  36.603  -21.662  40.181 0.0000000000
73748  37.001  -20.740  39.171 0.0000000000
72365  38.213  -21.522  40.523 0.0000000000
73728  40.270  -20.672  40.780 0.0000000000
75214  41.844  -19.940  41.357 0.0000000000
99699  54.655  -1.753  16.585 0.0000000000
99708  55.125  -1.449  16.065 0.0000000000
99698  55.578  -1.769  16.657 0.0000000000
99697  56.567  -1.857  16.878 0.0000000000
100983  57.792  -1.459  17.134 0.0000000000
100981  59.216  -0.379  17.672 0.0000000000
99654  58.514  -1.646  18.569 0.0000000000
99616  59.504  -1.457  20.080 0.0000000000
109748  63.639  6.091  13.240 0.0000000000
108527  64.061  5.227  13.847 0.0000000000
107247  64.093  4.515  14.572 0.0000000000
104775  63.978  3.307  15.069 0.0000000000
108500  63.855  4.630  15.642 0.0000000000
107227  63.147  4.391  16.335 0.0000000000
106009  62.213  2.991  16.608 0.0000000000
70982  29.711  -23.349  45.266 0.0000000000
70998  30.586  -23.150  45.514 0.0000000000
69490  30.775  -24.320  46.335 0.0000000000
66501  31.689  -25.828  47.892 0.0000000000
66483  32.965  -26.269  48.896 0.0000000000
70888  17.573  -23.279  52.249 0.0000000000
70858  18.322  -23.509  54.207 0.0000000000
70859  17.297  -23.167  54.318 0.0000000000
70839  17.065  -23.123  55.223 0.0000000000
70842  14.540  -22.882  55.486 0.0000000000
72200  15.870  -22.391  56.825 0.0000000000
99621  54.637  -1.989  20.214 0.0000000000
99600  55.026  -1.556  20.991 0.0000000000
99601  54.277  -1.963  21.083 0.0000000000
99586  53.923  -1.541  21.781 0.0000000000
100918  53.665  -1.275  22.400 0.0000000000
99625  50.883  -2.409  20.521 0.0000000000
99588  52.313  -1.760  22.235 0.0000000000
99562  53.056  -1.286  23.701 0.0000000000
99548  53.104  -1.440  24.775 0.0000000000
99530  53.143  -1.745  26.066 0.0000000000
98255  52.300  -2.315  26.638 0.0000000000
89337  45.591  -9.204  25.746 0.0000000000
90494  47.083  -8.431  25.654 0.0000000000
89320  47.115  -9.469  26.616 0.0000000000
88176  48.842  -10.026  27.412 0.0000000000
88139  50.627  -10.414  29.042 0.0000000000
88119  49.393  -10.483  30.270 0.0000000000
88099  51.170  -10.512  30.968 0.0000000000
88116  52.261  -10.415  29.977 0.0000000000
79871  38.910  -16.320  34.543 0.0000000000
73638  41.805  -20.935  45.910 0.0000000000
99700  53.668  -1.570  16.318 0.0000000000
99684  53.081  -1.866  17.347 0.0000000000
99660  53.585  -2.004  18.361 0.0000000000
107279  61.585  4.778  12.119 0.0000000000
106045  60.692  3.705  12.490 0.0000000000
66430  10.316  -26.275  52.497 0.0000000000
66385  10.848  -25.783  54.261 0.0000000000
66406  10.411  -26.326  53.555 0.0000000000
66366  9.887  -26.077  55.835 0.0000000000
67912  9.444  -25.915  57.244 0.0000000000
63546  8.986  -27.985  55.858 0.0000000000
91823  44.563  -7.718  23.405 0.0000000000
91825  43.088  -8.304  22.659 0.0000000000
90510  44.888  -8.685  24.574 0.0000000000
89338  44.952  -9.511  25.514 0.0000000000
88195  45.042  -10.308  26.810 0.0000000000
88162  45.676  -10.647  28.647 0.0000000000
88197  42.711  -11.081  26.212 0.0000000000
88180  44.777  -10.581  27.766 0.0000000000
88144  45.516  -10.849  29.711 0.0000000000
88122  46.337  -10.912  30.563 0.0000000000
88066  46.951  -11.416  32.952 0.0000000000
86810  46.772  -11.705  34.336 0.0000000000
72442  34.296  -21.354  37.803 0.0000000000
72390  33.386  -22.222  39.439 0.0000000000
72389  34.407  -21.859  39.369 0.0000000000
72368  35.763  -21.838  40.146 0.0000000000
72329  37.160  -22.295  41.404 0.0000000000
71059  38.476  -22.586  42.892 0.0000000000
71014  39.539  -22.792  45.011 0.0000000000
69571  31.614  -23.983  44.952 0.0000000000
69537  33.134  -24.310  45.407 0.0000000000
68110  34.592  -24.758  45.390 0.0000000000
69457  34.891  -24.680  48.103 0.0000000000
68066  35.585  -24.839  46.810 0.0000000000
68108  36.287  -24.860  45.441 0.0000000000
69534  37.734  -24.153  45.733 0.0000000000
70995  38.864  -23.390  45.560 0.0000000000
70993  40.211  -22.219  46.418 0.0000000000
66371  28.150  -26.323  53.587 0.0000000000
67974  26.747  -25.049  52.971 0.0000000000
69381  26.208  -24.419  52.299 0.0000000000
69383  24.920  -24.378  52.106 0.0000000000
68009  24.022  -24.339  50.044 0.0000000000
69411  23.423  -24.255  50.935 0.0000000000
69385  22.713  -23.951  51.671 0.0000000000
69386  21.539  -24.236  51.357 0.0000000000
69387  20.461  -24.145  51.419 0.0000000000
69389  18.994  -23.613  51.101 0.0000000000
69545  21.079  -24.038  44.574 0.0000000000
69546  20.143  -23.790  44.965 0.0000000000
68096  19.714  -23.895  46.702 0.0000000000
69579  17.477  -23.453  44.584 0.0000000000
69520  18.797  -23.709  46.420 0.0000000000
69494  19.245  -23.785  47.612 0.0000000000
69467  18.492  -23.590  48.392 0.0000000000
69417  18.165  -23.528  49.794 0.0000000000
70904  17.592  -22.978  51.134 0.0000000000
70924  16.672  -22.944  50.390 0.0000000000
70925  15.805  -23.034  50.824 0.0000000000
69418  14.322  -23.554  50.882 0.0000000000
69499  14.583  -23.771  47.975 0.0000000000
69445  13.593  -24.178  49.452 0.0000000000
69419  13.476  -24.074  50.594 0.0000000000
68015  12.543  -24.729  50.425 0.0000000000
66475  11.761  -25.382  50.308 0.0000000000
66476  11.201  -25.780  50.225 0.0000000000
66477  10.416  -26.472  50.058 0.0000000000
65030  10.144  -27.198  50.761 0.0000000000
72420  28.983  -21.545  38.606 0.0000000000
72373  28.569  -21.461  40.372 0.0000000000
72332  28.326  -21.525  42.161 0.0000000000
73714  26.799  -21.060  41.194 0.0000000000
73674  27.396  -21.406  42.323 0.0000000000
72283  28.805  -22.321  44.409 0.0000000000
68089  29.519  -24.502  45.266 0.0000000000
65147  29.472  -26.177  45.552 0.0000000000
63670  28.958  -27.642  47.137 0.0000000000
65150  27.237  -26.590  45.900 0.0000000000
65088  27.791  -27.293  48.375 0.0000000000
63636  28.325  -27.635  49.096 0.0000000000
65042  28.073  -27.173  50.544 0.0000000000
64995  28.538  -27.114  52.749 0.0000000000
69313  11.124  -24.468  55.622 0.0000000000
70825  11.074  -23.492  57.006 0.0000000000
100910  61.635  -0.606  23.076 0.0000000000
100931  56.268  -0.827  21.872 0.0000000000
100898  57.248  0.327  23.450 0.0000000000
102165  58.838  0.535  24.787 0.0000000000
102168  56.454  0.606  25.084 0.0000000000
103433  58.322  0.983  25.444 0.0000000000
102135  60.249  0.083  26.069 0.0000000000
97075  47.949  -3.935  20.903 0.0000000000
97057  48.593  -3.625  22.008 0.0000000000
95739  47.269  -4.129  22.579 0.0000000000
97043  47.784  -3.988  23.170 0.0000000000
97041  49.284  -3.331  23.238 0.0000000000
98279  50.213  -3.127  24.936 0.0000000000
98256  51.520  -2.726  26.396 0.0000000000
98220  52.865  -3.116  28.264 0.0000000000
91775  47.878  -7.867  26.120 0.0000000000
93111  48.573  -7.361  26.447 0.0000000000
93109  49.971  -6.740  27.191 0.0000000000
91728  52.329  -7.535  27.796 0.0000000000
91705  51.638  -6.566  27.804 0.0000000000
94313  51.107  -5.747  27.873 0.0000000000
95628  51.754  -4.712  28.261 0.0000000000
96939  53.036  -3.837  28.854 0.0000000000
85635  39.790  -12.518  27.518 0.0000000000
86923  41.318  -11.898  28.761 0.0000000000
86891  40.425  -12.081  30.788 0.0000000000
86890  41.419  -11.931  30.971 0.0000000000
86906  42.230  -11.746  30.204 0.0000000000
86870  43.576  -11.703  32.176 0.0000000000
86828  45.302  -11.727  33.802 0.0000000000
86795  46.688  -11.862  35.288 0.0000000000
73786  37.098  -20.190  37.805 0.0000000000
76892  37.959  -17.998  35.019 0.0000000000
79852  38.983  -16.882  35.130 0.0000000000
79850  40.421  -15.931  35.744 0.0000000000
75150  42.271  -20.325  44.742 0.0000000000
75176  42.770  -19.657  43.280 0.0000000000
76791  42.381  -19.260  41.219 0.0000000000
76789  43.685  -17.984  41.498 0.0000000000
78289  42.281  -17.959  39.721 0.0000000000
79781  42.409  -16.600  39.074 0.0000000000
79811  41.550  -16.129  37.211 0.0000000000
82788  41.148  -14.439  36.092 0.0000000000
84176  41.281  -13.540  36.364 0.0000000000
85507  42.014  -12.690  37.354 0.0000000000
86764  42.700  -11.946  37.800 0.0000000000
86687  44.555  -12.566  40.936 0.0000000000
86723  44.236  -12.236  39.407 0.0000000000
86762  44.326  -12.135  37.551 0.0000000000
86761  45.333  -12.301  37.417 0.0000000000
104786  59.269  2.395  13.207 0.0000000000
103545  60.162  1.813  14.239 0.0000000000
104769  60.863  2.147  15.459 0.0000000000
104759  60.980  1.992  16.393 0.0000000000
104750  60.984  1.885  17.455 0.0000000000
102230  60.121  0.492  17.785 0.0000000000
103490  60.739  1.138  18.213 0.0000000000
104739  62.301  2.697  18.793 0.0000000000
104711  62.511  2.180  20.114 0.0000000000
64963  28.328  -27.080  53.386 0.0000000000
63535  28.749  -27.861  53.504 0.0000000000
67996  11.328  -25.256  51.816 0.0000000000
67981  11.396  -25.180  52.745 0.0000000000
86793  48.505  -11.184  34.812 0.0000000000
72310  30.002  -22.281  43.475 0.0000000000
72294  30.015  -22.477  44.183 0.0000000000
70873  19.444  -23.771  52.861 0.0000000000
69325  20.045  -23.747  53.461 0.0000000000
99619  56.386  -1.542  20.264 0.0000000000
99489  54.376  -1.327  28.025 0.0000000000
99472  54.920  -1.969  28.852 0.0000000000
91810  45.596  -7.522  24.038 0.0000000000
93138  45.936  -7.292  24.115 0.0000000000
81327  38.687  -15.333  33.811 0.0000000000
82831  38.652  -14.405  33.177 0.0000000000
82815  38.991  -14.471  33.891 0.0000000000
82803  40.083  -14.490  34.764 0.0000000000
72293  40.220  -22.290  44.555 0.0000000000
72292  41.116  -21.828  44.671 0.0000000000
99641  55.933  -1.739  19.377 0.0000000000
107264  62.046  4.442  13.177 0.0000000000
106025  61.731  3.396  14.410 0.0000000000
62258  30.036  -28.303  48.431 0.0000000000
63653  30.585  -27.502  47.693 0.0000000000
62246  30.305  -28.603  49.196 0.0000000000
70891  14.956  -23.224  53.115 0.0000000000
70908  14.345  -23.468  52.689 0.0000000000
99662  51.522  -2.230  18.309 0.0000000000
99646  51.108  -2.254  19.428 0.0000000000
98332  50.518  -2.771  21.846 0.0000000000
98323  50.467  -2.758  22.845 0.0000000000
98312  49.749  -2.970  23.330 0.0000000000
88142  47.542  -10.702  29.387 0.0000000000
63567  9.578  -27.754  53.312 0.0000000000
89371  41.858  -9.931  23.360 0.0000000000
89356  42.226  -10.236  23.992 0.0000000000
86941  43.034  -11.303  28.638 0.0000000000
86921  43.022  -11.470  29.621 0.0000000000
88146  43.729  -11.358  30.128 0.0000000000
69623  34.326  -23.754  42.363 0.0000000000
69594  36.244  -24.179  42.990 0.0000000000
69567  35.585  -24.608  44.006 0.0000000000
68026  33.664  -25.595  49.080 0.0000000000
69435  33.390  -24.973  48.336 0.0000000000
68025  34.228  -25.366  49.119 0.0000000000
66486  26.401  -25.437  49.801 0.0000000000
68029  25.248  -24.593  49.192 0.0000000000
68074  21.166  -24.153  47.510 0.0000000000
68053  20.555  -24.141  48.615 0.0000000000
70983  15.805  -23.149  46.352 0.0000000000
69523  16.207  -23.276  46.499 0.0000000000
69497  16.177  -23.306  47.386 0.0000000000
69469  16.709  -23.210  48.184 0.0000000000
69470  16.048  -23.375  48.072 0.0000000000
70955  15.641  -23.352  48.619 0.0000000000
69498  15.428  -23.380  47.640 0.0000000000
68168  26.533  -24.669  42.191 0.0000000000
69649  26.257  -23.624  41.275 0.0000000000
69625  26.728  -23.642  42.289 0.0000000000
68151  27.575  -24.884  43.347 0.0000000000
68047  25.838  -25.344  48.693 0.0000000000
66504  26.350  -25.680  48.807 0.0000000000
66485  26.952  -25.755  50.024 0.0000000000
69336  24.538  -23.737  53.168 0.0000000000
67901  9.775  -25.074  58.165 0.0000000000
69287  9.993  -24.305  57.661 0.0000000000
102197  61.760  0.355  21.836 0.0000000000
100927  61.438  -0.434  22.396 0.0000000000
102163  60.384  -0.124  24.919 0.0000000000
100881  60.836  -0.520  24.846 0.0000000000
102152  60.355  -0.010  25.335 0.0000000000
100868  61.244  -1.004  25.964 0.0000000000
100869  60.812  -0.497  25.662 0.0000000000
100900  54.780  -0.562  23.472 0.0000000000
95654  48.950  -5.132  26.122 0.0000000000
95669  48.561  -4.818  25.307 0.0000000000
95653  49.670  -4.664  26.382 0.0000000000
95640  50.034  -5.178  27.058 0.0000000000
88157  50.861  -9.962  28.326 0.0000000000
88156  51.487  -9.773  28.349 0.0000000000
85619  37.525  -12.214  29.042 0.0000000000
86815  42.051  -12.097  34.728 0.0000000000
86814  43.081  -11.823  34.738 0.0000000000
73768  35.678  -20.848  38.039 0.0000000000
75238  40.559  -19.551  39.528 0.0000000000
76829  40.455  -19.356  39.092 0.0000000000
76838  40.877  -18.444  38.545 0.0000000000
76828  41.149  -18.870  39.353 0.0000000000
81189  44.568  -15.168  42.107 0.0000000000
82696  43.845  -14.470  40.137 0.0000000000
84133  44.040  -13.864  40.746 0.0000000000
84134  43.777  -13.548  40.148 0.0000000000
84124  44.027  -13.266  41.015 0.0000000000
100992  58.181  -0.640  16.085 0.0000000000
102254  58.795  -0.103  15.902 0.0000000000
100943  60.586  -0.564  20.525 0.0000000000
106030  63.849  3.382  13.360 0.0000000000
104790  63.414  2.936  12.944 0.0000000000
104783  62.989  2.433  13.163 0.0000000000
103543  62.740  1.959  13.836 0.0000000000
107202  62.887  3.625  17.840 0.0000000000
105986  63.433  3.492  18.147 0.0000000000
105969  63.644  3.014  18.715 0.0000000000
105987  62.780  3.272  18.474 0.0000000000
63597  29.002  -27.743  51.809 0.0000000000
63577  30.010  -28.487  51.613 0.0000000000
63578  29.401  -28.044  52.148 0.0000000000
69365  13.074  -24.039  52.595 0.0000000000
69343  12.569  -24.192  53.434 0.0000000000
69327  12.235  -24.130  54.404 0.0000000000
70845  12.028  -23.084  55.832 0.0000000000
98346  48.353  -3.682  20.301 0.0000000000
88103  47.135  -10.948  31.418 0.0000000000
88102  48.128  -10.786  31.360 0.0000000000
62178  7.933  -29.320  53.890 0.0000000000
60849  7.072  -29.614  55.997 0.0000000000
60850  6.432  -29.824  56.293 0.0000000000
72393  30.197  -22.084  39.708 0.0000000000
71129  30.322  -22.305  40.394 0.0000000000
71066  31.567  -23.023  42.908 0.0000000000
71092  31.480  -22.876  41.830 0.0000000000
71065  32.322  -23.515  43.223 0.0000000000
69624  33.270  -23.730  42.782 0.0000000000
69597  32.843  -23.797  43.839 0.0000000000
69517  24.704  -24.731  46.737 0.0000000000
69492  24.435  -24.635  47.147 0.0000000000
69519  24.104  -24.368  46.621 0.0000000000
68117  22.264  -24.099  45.100 0.0000000000
68094  21.670  -24.128  46.447 0.0000000000
68169  24.178  -24.881  42.373 0.0000000000
66614  24.936  -25.084  41.752 0.0000000000
66613  25.618  -25.186  41.869 0.0000000000
66577  25.726  -25.517  43.557 0.0000000000
66578  24.956  -25.234  43.514 0.0000000000
68115  24.555  -24.606  45.605 0.0000000000
68114  25.141  -25.205  45.602 0.0000000000
68091  24.861  -24.703  46.184 0.0000000000
69360  21.973  -23.786  52.411 0.0000000000
69323  21.648  -23.213  53.878 0.0000000000
99596  59.182  -1.593  21.180 0.0000000000
99583  59.912  -1.239  21.981 0.0000000000
100929  57.920  -0.652  22.086 0.0000000000
99585  58.316  -0.941  22.047 0.0000000000
100897  58.100  0.163  23.356 0.0000000000
100873  54.806  -0.518  25.759 0.0000000000
100861  54.780  -0.578  26.712 0.0000000000
94409  45.335  -5.813  22.796 0.0000000000
95720  45.801  -5.439  23.115 0.0000000000
94388  45.518  -5.923  23.270 0.0000000000
94352  46.542  -6.112  24.392 0.0000000000
94338  47.614  -6.286  25.599 0.0000000000
94337  48.179  -5.792  25.805 0.0000000000
85602  37.177  -12.442  30.630 0.0000000000
85588  38.276  -12.482  31.750 0.0000000000
86876  38.056  -12.129  31.238 0.0000000000
85571  38.707  -12.606  32.545 0.0000000000
85533  40.078  -12.864  34.711 0.0000000000
85551  39.480  -12.869  34.066 0.0000000000
86816  40.821  -12.437  34.540 0.0000000000
86801  41.259  -12.505  35.815 0.0000000000
72347  37.690  -21.910  40.980 0.0000000000
72366  37.498  -21.476  40.229 0.0000000000
72346  38.607  -21.767  41.156 0.0000000000
73693  40.553  -21.071  42.172 0.0000000000
73694  39.932  -21.063  41.765 0.0000000000
73709  40.543  -20.756  41.248 0.0000000000
75215  41.096  -20.385  41.110 0.0000000000
73708  41.129  -20.641  41.613 0.0000000000
99680  56.899  -1.926  17.779 0.0000000000
99696  57.321  -1.761  17.152 0.0000000000
99679  57.766  -1.662  17.812 0.0000000000
99678  58.344  -1.512  18.128 0.0000000000
99655  58.079  -1.839  18.613 0.0000000000
99638  58.744  -1.692  19.195 0.0000000000
108528  63.635  5.481  13.770 0.0000000000
108515  63.986  4.867  14.352 0.0000000000
108516  63.742  4.815  14.701 0.0000000000
107235  63.902  4.592  15.263 0.0000000000
108501  63.388  4.763  15.431 0.0000000000
106017  62.702  4.021  15.881 0.0000000000
106008  62.655  3.722  16.558 0.0000000000
104768  61.559  2.614  15.974 0.0000000000
69516  29.927  -24.047  45.415 0.0000000000
69515  30.411  -24.267  45.875 0.0000000000
68069  30.509  -24.939  46.309 0.0000000000
63652  31.508  -27.435  48.428 0.0000000000
66502  31.178  -25.741  47.335 0.0000000000
65086  31.800  -26.516  48.253 0.0000000000
66484  32.331  -26.035  48.320 0.0000000000
65066  32.810  -27.096  49.347 0.0000000000
70875  17.504  -23.080  53.331 0.0000000000
70861  15.535  -22.896  54.575 0.0000000000
70860  16.391  -22.925  54.440 0.0000000000
72212  16.807  -23.171  56.104 0.0000000000
72213  16.029  -22.751  56.104 0.0000000000
70880  13.510  -23.443  54.226 0.0000000000
70879  14.202  -23.310  54.136 0.0000000000
70863  13.942  -23.002  54.797 0.0000000000
99643  54.129  -2.191  19.311 0.0000000000
99622  53.724  -2.156  20.245 0.0000000000
99602  53.389  -2.012  21.157 0.0000000000
99587  53.102  -1.550  21.908 0.0000000000
98360  50.161  -2.933  19.588 0.0000000000
99572  53.023  -1.357  22.754 0.0000000000
99573  52.331  -1.687  23.218 0.0000000000
99563  52.331  -1.746  24.201 0.0000000000
99550  51.601  -2.287  25.042 0.0000000000
99549  52.146  -1.943  25.285 0.0000000000
99531  52.358  -2.022  26.008 0.0000000000
98276  51.908  -2.251  25.993 0.0000000000
89321  46.209  -9.425  26.228 0.0000000000
88193  46.592  -9.942  26.623 0.0000000000
88159  48.756  -10.428  28.248 0.0000000000
88158  49.752  -10.036  28.094 0.0000000000
88101  49.192  -10.575  31.363 0.0000000000
88100  50.299  -10.476  31.307 0.0000000000
88117  51.361  -10.413  29.989 0.0000000000
88097  52.760  -10.433  30.678 0.0000000000
79891  37.782  -16.324  33.046 0.0000000000
79890  38.342  -16.269  33.747 0.0000000000
78394  38.413  -16.838  34.262 0.0000000000
99701  52.578  -1.495  16.397 0.0000000000
107280  60.404  4.255  12.059 0.0000000000
65005  10.062  -27.092  51.810 0.0000000000
64959  9.740  -26.904  54.996 0.0000000000
66367  9.320  -26.492  56.424 0.0000000000
66347  9.520  -25.964  56.528 0.0000000000
62167  8.462  -28.585  55.307 0.0000000000
63530  8.447  -28.246  56.434 0.0000000000
91837  44.289  -7.552  22.767 0.0000000000
91838  43.549  -7.675  22.400 0.0000000000
90524  42.838  -9.112  23.368 0.0000000000
90538  42.392  -8.558  22.455 0.0000000000
90523  43.680  -8.761  23.775 0.0000000000
91812  44.226  -8.322  23.765 0.0000000000
90511  44.159  -8.925  24.421 0.0000000000
90497  44.639  -9.117  25.006 0.0000000000
88209  43.363  -10.357  25.544 0.0000000000
89323  44.619  -10.087  26.042 0.0000000000
88210  42.544  -10.812  25.272 0.0000000000
88181  43.828  -10.903  28.116 0.0000000000
88105  45.211  -11.471  31.825 0.0000000000
88104  46.192  -11.134  31.575 0.0000000000
88084  46.161  -11.425  32.598 0.0000000000
86826  46.710  -11.562  33.441 0.0000000000
86848  46.136  -11.594  33.188 0.0000000000
73790  33.338  -21.235  37.193 0.0000000000
73789  33.921  -21.013  37.180 0.0000000000
72443  33.545  -21.473  37.730 0.0000000000
71127  31.708  -22.893  39.967 0.0000000000
72391  32.350  -22.438  39.174 0.0000000000
71089  34.785  -22.765  41.158 0.0000000000
72370  34.042  -22.398  40.005 0.0000000000
72369  34.850  -22.195  40.219 0.0000000000
72350  35.408  -22.250  40.764 0.0000000000
72349  36.094  -22.047  40.838 0.0000000000
71087  36.469  -22.552  41.363 0.0000000000
71017  37.476  -23.783  43.570 0.0000000000
71036  37.200  -23.553  42.785 0.0000000000
71035  37.935  -23.120  43.275 0.0000000000
71034  38.813  -22.809  43.607 0.0000000000
71015  38.818  -23.138  44.579 0.0000000000
69513  31.343  -23.649  46.361 0.0000000000
71018  31.048  -23.352  45.221 0.0000000000
69539  31.590  -23.512  45.817 0.0000000000
69486  33.403  -24.492  47.077 0.0000000000
69511  32.867  -24.162  46.325 0.0000000000
69536  34.050  -24.393  45.109 0.0000000000
69483  36.565  -24.685  47.800 0.0000000000
69484  35.618  -24.729  47.578 0.0000000000
68065  36.356  -24.801  47.083 0.0000000000
68086  35.576  -24.874  46.120 0.0000000000
68107  36.925  -24.797  45.852 0.0000000000
69535  36.996  -24.599  45.324 0.0000000000
69509  37.598  -24.405  46.850 0.0000000000
69533  38.523  -23.681  46.209 0.0000000000
70994  39.735  -22.655  45.916 0.0000000000
66391  27.796  -25.691  53.529 0.0000000000
66419  27.238  -25.537  52.754 0.0000000000
69408  26.035  -24.383  51.577 0.0000000000
69382  25.716  -24.330  52.077 0.0000000000
67992  25.462  -24.369  52.330 0.0000000000
69410  24.484  -24.098  51.038 0.0000000000
68050  23.967  -24.420  48.069 0.0000000000
68030  24.550  -24.446  48.998 0.0000000000
68031  23.504  -24.507  49.102 0.0000000000
68011  22.050  -24.368  50.101 0.0000000000
68010  22.982  -24.331  50.038 0.0000000000
69413  21.805  -24.354  50.680 0.0000000000
69439  20.029  -23.949  50.134 0.0000000000
67994  20.447  -24.220  50.929 0.0000000000
69414  20.091  -24.034  50.817 0.0000000000
69388  19.682  -23.867  51.308 0.0000000000
68119  20.001  -23.919  45.903 0.0000000000
68120  19.424  -23.840  46.099 0.0000000000
69580  16.597  -23.335  44.661 0.0000000000
69521  17.690  -23.585  46.347 0.0000000000
69466  19.470  -23.808  48.751 0.0000000000
70939  17.288  -23.270  49.275 0.0000000000
69442  17.833  -23.444  49.115 0.0000000000
70923  17.549  -23.289  50.002 0.0000000000
70903  18.269  -23.319  50.777 0.0000000000
70942  14.995  -23.350  50.272 0.0000000000
69444  14.184  -23.623  49.869 0.0000000000
69526  13.790  -23.855  46.712 0.0000000000
69446  13.227  -24.452  48.791 0.0000000000
68035  13.259  -24.415  49.954 0.0000000000
68014  12.974  -24.525  50.296 0.0000000000
68037  12.202  -25.129  49.906 0.0000000000
68017  11.549  -25.352  51.012 0.0000000000
65055  9.625  -27.225  49.946 0.0000000000
72396  27.598  -21.152  39.502 0.0000000000
72395  28.383  -21.471  39.495 0.0000000000
72374  27.882  -21.217  40.352 0.0000000000
72353  28.501  -21.445  41.292 0.0000000000
73712  28.011  -21.128  41.570 0.0000000000
73734  26.134  -20.984  40.292 0.0000000000
73733  26.585  -20.755  40.383 0.0000000000
73715  26.441  -21.163  41.146 0.0000000000
71022  27.529  -22.672  43.413 0.0000000000
72314  27.051  -21.770  42.369 0.0000000000
72298  27.492  -22.352  42.910 0.0000000000
72297  27.937  -22.201  43.557 0.0000000000
72284  28.360  -22.248  44.092 0.0000000000
71001  28.592  -22.743  44.243 0.0000000000
69541  28.812  -23.641  44.500 0.0000000000
65172  28.398  -26.323  44.941 0.0000000000
66551  29.075  -25.630  45.015 0.0000000000
65148  29.003  -26.416  45.373 0.0000000000
63685  29.193  -27.372  46.667 0.0000000000
65128  28.711  -27.125  46.361 0.0000000000
66552  26.382  -26.326  46.213 0.0000000000
65089  27.061  -26.441  48.686 0.0000000000
65109  27.316  -26.957  47.588 0.0000000000
63615  28.121  -27.581  49.810 0.0000000000
66442  27.726  -26.488  51.307 0.0000000000
66418  27.786  -26.422  52.553 0.0000000000
66390  28.097  -26.402  52.932 0.0000000000
67946  27.261  -24.654  54.029 0.0000000000
70837  19.094  -23.464  55.201 0.0000000000
67954  11.058  -25.109  54.907 0.0000000000
67940  10.570  -24.930  55.563 0.0000000000
70807  10.324  -23.801  57.656 0.0000000000
69300  10.767  -24.186  56.516 0.0000000000
70806  10.713  -23.429  57.690 0.0000000000
70805  11.651  -22.894  57.778 0.0000000000
70791  11.617  -22.552  58.713 0.0000000000
99558  61.762  -1.550  24.986 0.0000000000
100915  56.667  -0.263  22.752 0.0000000000
102175  57.944  0.678  24.020 0.0000000000
102166  57.876  1.019  24.766 0.0000000000
102157  56.152  0.530  26.057 0.0000000000
103418  58.221  1.158  26.150 0.0000000000
102137  58.854  0.719  26.241 0.0000000000
102154  58.965  0.598  25.760 0.0000000000
102136  59.317  0.475  26.394 0.0000000000
100856  60.659  -0.729  26.391 0.0000000000
97067  46.897  -4.328  21.184 0.0000000000
97076  47.497  -4.101  20.469 0.0000000000
97066  47.632  -4.048  21.365 0.0000000000
97065  48.223  -3.758  21.367 0.0000000000
97058  47.912  -3.893  22.206 0.0000000000
95740  46.549  -4.626  22.133 0.0000000000
95718  47.050  -4.435  23.306 0.0000000000
97000  48.602  -4.253  24.827 0.0000000000
97021  48.347  -4.013  24.101 0.0000000000
97042  48.714  -3.606  22.953 0.0000000000
97020  49.241  -3.464  23.844 0.0000000000
98296  49.924  -3.087  24.273 0.0000000000
96958  51.047  -3.379  26.821 0.0000000000
98233  51.709  -2.897  27.249 0.0000000000
98221  52.088  -3.217  27.869 0.0000000000
89319  47.595  -9.054  26.551 0.0000000000
90493  47.578  -8.291  25.975 0.0000000000
90458  48.623  -8.603  26.621 0.0000000000
90456  50.010  -8.423  27.522 0.0000000000
91754  48.969  -7.812  26.609 0.0000000000
91753  49.655  -7.645  27.072 0.0000000000
93110  49.073  -6.844  26.573 0.0000000000
91704  51.983  -6.688  27.894 0.0000000000
93085  51.688  -6.279  28.147 0.0000000000
93097  51.397  -6.373  27.808 0.0000000000
94305  51.467  -6.062  28.138 0.0000000000
94312  51.395  -5.259  28.136 0.0000000000
94304  51.738  -5.658  28.360 0.0000000000
85617  39.467  -12.551  28.641 0.0000000000
86924  40.521  -12.289  28.197 0.0000000000
86874  39.666  -11.787  31.650 0.0000000000
86892  39.415  -12.185  30.678 0.0000000000
86872  41.625  -11.911  31.951 0.0000000000
86889  42.384  -11.801  31.144 0.0000000000
86888  43.378  -11.657  31.281 0.0000000000
86812  45.035  -11.836  34.649 0.0000000000
86811  45.932  -11.833  34.534 0.0000000000
73747  37.773  -20.756  39.493 0.0000000000
73766  37.596  -20.340  38.556 0.0000000000
73765  38.355  -20.274  38.973 0.0000000000
75267  38.267  -19.341  37.353 0.0000000000
75285  38.033  -19.118  36.457 0.0000000000
75300  37.749  -18.941  35.820 0.0000000000
76877  38.519  -18.315  35.673 0.0000000000
78342  40.199  -17.707  36.915 0.0000000000
78355  39.879  -17.494  36.296 0.0000000000
78354  40.424  -17.234  36.537 0.0000000000
79851  39.747  -16.519  35.482 0.0000000000
79831  40.888  -16.433  36.362 0.0000000000
73637  42.140  -20.340  46.267 0.0000000000
73647  41.939  -20.850  45.132 0.0000000000
75127  42.217  -20.390  45.252 0.0000000000
75149  42.802  -19.640  44.434 0.0000000000
75197  42.597  -19.539  42.198 0.0000000000
76774  43.322  -19.031  42.737 0.0000000000
79749  44.389  -16.504  41.832 0.0000000000
78246  43.979  -17.354  42.096 0.0000000000
78266  43.962  -17.260  41.322 0.0000000000
76810  43.315  -18.156  40.789 0.0000000000
78288  42.984  -17.604  40.075 0.0000000000
78307  42.509  -17.311  39.493 0.0000000000
79780  43.023  -16.657  39.633 0.0000000000
81264  42.703  -14.935  38.494 0.0000000000
81249  42.448  -15.837  38.558 0.0000000000
81265  42.151  -15.398  37.741 0.0000000000
81279  41.729  -15.332  36.887 0.0000000000
82766  42.027  -14.423  37.089 0.0000000000
82767  41.564  -14.089  36.568 0.0000000000
84161  42.246  -13.623  37.558 0.0000000000
86747  42.658  -12.644  38.657 0.0000000000
85497  42.464  -12.960  37.931 0.0000000000
86765  42.488  -12.409  37.857 0.0000000000
86674  44.948  -12.450  41.734 0.0000000000
86703  44.885  -12.321  40.211 0.0000000000
86722  44.991  -12.221  39.411 0.0000000000
86744  44.227  -12.139  38.525 0.0000000000
86743  45.146  -12.209  38.446 0.0000000000
106033  58.798  3.224  13.075 0.0000000000
100995  55.555  -1.362  16.041 0.0000000000
101007  55.340  -0.757  15.506 0.0000000000
101006  56.479  -0.646  15.237 0.0000000000
103546  59.577  1.741  13.806 0.0000000000
104778  60.697  2.265  14.547 0.0000000000
103536  60.279  1.673  14.989 0.0000000000
103515  60.482  1.331  16.709 0.0000000000
103526  60.444  1.469  15.846 0.0000000000
104758  61.705  2.398  16.907 0.0000000000
100967  59.260  -0.705  18.322 0.0000000000
102231  59.671  -0.086  18.046 0.0000000000
102218  59.694  -0.297  18.640 0.0000000000
103476  61.054  1.256  19.239 0.0000000000
104740  61.423  1.988  18.543 0.0000000000
104723  61.692  2.096  19.467 0.0000000000
104722  62.356  2.529  19.513 0.0000000000
104712  61.951  2.081  20.029 0.0000000000
103456  62.713  0.986  20.998 0.0000000000
108548  64.320  5.605  12.476 0.0000000000
108549  64.262  5.668  11.919 0.0000000000
107292  63.959  4.848  11.844 0.0000000000
104766  64.211  3.220  15.876 0.0000000000
63548  29.149  -27.635  53.137 0.0000000000
67995  11.872  -24.891  51.589 0.0000000000
69367  11.787  -24.795  52.672 0.0000000000
69328  11.583  -24.547  54.598 0.0000000000
88065  47.625  -11.300  33.085 0.0000000000
88064  48.430  -10.961  33.124 0.0000000000
72351  29.965  -21.978  41.655 0.0000000000
71112  30.476  -22.346  40.949 0.0000000000
71067  30.717  -22.544  42.710 0.0000000000
71039  31.480  -23.314  44.110 0.0000000000
68116  23.737  -24.205  45.565 0.0000000000
69543  24.109  -24.243  46.202 0.0000000000
68153  24.181  -24.856  43.417 0.0000000000
69340  20.375  -23.920  52.980 0.0000000000
69324  20.699  -23.611  53.746 0.0000000000
70836  20.399  -23.417  55.595 0.0000000000
100930  57.226  -0.650  21.928 0.0000000000
100840  54.287  -0.959  27.096 0.0000000000
99507  54.282  -1.144  27.499 0.0000000000
100814  54.945  -0.858  28.440 0.0000000000
93166  45.196  -6.392  23.388 0.0000000000
94370  45.908  -6.193  23.698 0.0000000000
93152  45.518  -6.820  23.786 0.0000000000
93137  46.433  -6.831  24.509 0.0000000000
84246  38.457  -13.515  32.614 0.0000000000
85552  39.107  -12.843  33.362 0.0000000000
84229  38.989  -13.518  33.459 0.0000000000
84206  39.595  -13.562  34.264 0.0000000000
85522  40.664  -13.123  35.270 0.0000000000
72309  38.959  -22.048  43.015 0.0000000000
72325  40.347  -21.562  42.923 0.0000000000
73673  40.975  -21.258  42.871 0.0000000000
99657  56.401  -1.914  18.564 0.0000000000
107237  62.078  3.940  14.806 0.0000000000
104777  61.298  2.830  15.014 0.0000000000
65107  30.294  -26.487  46.635 0.0000000000
66521  30.694  -25.695  46.745 0.0000000000
63668  30.479  -27.060  46.972 0.0000000000
70906  15.775  -23.067  51.844 0.0000000000
70890  15.729  -23.148  52.816 0.0000000000
70822  13.448  -22.895  56.400 0.0000000000
99605  50.767  -2.556  21.205 0.0000000000
98331  51.085  -2.581  22.455 0.0000000000
99574  51.724  -2.130  23.677 0.0000000000
98310  51.156  -2.484  24.090 0.0000000000
98294  51.230  -2.553  24.805 0.0000000000
88178  46.952  -10.306  27.306 0.0000000000
89245  50.725  -10.244  32.064 0.0000000000
63584  9.553  -27.836  52.152 0.0000000000
63545  9.334  -27.523  55.196 0.0000000000
90525  42.004  -9.181  22.764 0.0000000000
89354  43.536  -9.628  24.631 0.0000000000
89355  42.799  -9.898  24.354 0.0000000000
89340  43.205  -10.045  25.068 0.0000000000
86961  42.427  -11.383  26.962 0.0000000000
88145  44.558  -11.079  29.931 0.0000000000
88124  44.316  -11.502  30.947 0.0000000000
88106  44.509  -11.565  31.640 0.0000000000
71109  33.308  -23.009  40.474 0.0000000000
71090  33.922  -23.365  41.324 0.0000000000
71064  34.452  -23.284  41.740 0.0000000000
71063  35.061  -23.120  41.909 0.0000000000
71062  35.972  -23.059  42.043 0.0000000000
69621  36.052  -23.654  42.382 0.0000000000
69593  37.002  -24.065  43.389 0.0000000000
69460  32.180  -24.673  47.404 0.0000000000
69459  32.975  -24.539  47.704 0.0000000000
67989  26.846  -25.214  52.299 0.0000000000
66444  26.524  -25.104  51.195 0.0000000000
68008  24.981  -24.448  50.178 0.0000000000
68012  21.246  -24.319  50.394 0.0000000000
68034  20.626  -24.158  49.747 0.0000000000
69578  18.386  -23.613  44.477 0.0000000000
69550  16.255  -23.370  45.562 0.0000000000
68055  12.673  -24.698  48.318 0.0000000000
66510  11.298  -25.499  48.516 0.0000000000
71094  25.969  -22.500  40.622 0.0000000000
71069  26.379  -22.254  41.657 0.0000000000
72335  26.317  -21.289  41.750 0.0000000000
71068  26.556  -22.719  42.244 0.0000000000
71041  26.954  -22.661  42.793 0.0000000000
69573  27.751  -23.065  43.636 0.0000000000
68113  28.550  -24.335  44.330 0.0000000000
68137  28.222  -24.871  43.805 0.0000000000
66563  28.050  -25.931  44.403 0.0000000000
65173  27.688  -26.489  45.128 0.0000000000
66538  25.835  -25.656  46.789 0.0000000000
66537  26.272  -26.114  47.211 0.0000000000
66523  26.252  -25.907  48.018 0.0000000000
65090  26.628  -26.054  48.303 0.0000000000
65069  27.275  -26.244  49.733 0.0000000000
65043  27.587  -26.602  50.219 0.0000000000
67941  10.047  -25.081  55.932 0.0000000000
69314  10.434  -24.627  56.053 0.0000000000
69301  10.011  -24.583  56.690 0.0000000000
100895  59.926  -0.623  23.747 0.0000000000
99543  61.563  -1.562  25.696 0.0000000000
99524  61.191  -1.584  26.191 0.0000000000
103384  57.091  1.025  27.639 0.0000000000
103401  57.458  1.133  26.885 0.0000000000
95670  47.891  -5.077  24.859 0.0000000000
95695  47.497  -4.772  24.209 0.0000000000
96976  49.577  -4.130  25.938 0.0000000000
96959  50.775  -4.141  27.053 0.0000000000
96948  50.962  -4.411  27.491 0.0000000000
88175  49.353  -9.743  27.438 0.0000000000
89305  49.706  -9.281  27.420 0.0000000000
90439  50.786  -8.346  27.754 0.0000000000
94303  52.586  -5.568  28.575 0.0000000000
86909  38.981  -12.411  29.734 0.0000000000
88086  40.253  -12.018  33.088 0.0000000000
86854  40.829  -12.017  32.843 0.0000000000
86852  42.999  -11.795  32.950 0.0000000000
86830  43.487  -11.789  33.835 0.0000000000
86813  44.086  -11.912  34.700 0.0000000000
86797  44.772  -12.028  35.557 0.0000000000
75240  38.997  -20.007  38.957 0.0000000000
75251  39.405  -19.628  38.573 0.0000000000
76840  39.303  -19.320  38.197 0.0000000000
76847  39.061  -18.958  37.732 0.0000000000
78328  40.239  -17.954  37.549 0.0000000000
78327  40.873  -17.806  38.007 0.0000000000
75126  42.510  -19.890  45.520 0.0000000000
76681  43.058  -19.146  46.031 0.0000000000
76734  43.178  -18.882  44.646 0.0000000000
76733  43.574  -18.256  44.355 0.0000000000
79764  44.087  -16.507  40.908 0.0000000000
81229  43.360  -16.099  39.879 0.0000000000
81228  43.841  -15.559  40.305 0.0000000000
82718  43.551  -14.715  39.522 0.0000000000
82719  43.258  -14.372  38.968 0.0000000000
84152  42.637  -13.531  38.320 0.0000000000
84142  43.361  -13.495  39.226 0.0000000000
85480  42.976  -13.011  39.139 0.0000000000
86725  43.344  -12.746  39.334 0.0000000000
101005  57.424  -0.631  15.291 0.0000000000
102264  58.718  0.314  15.012 0.0000000000
102263  59.184  0.891  14.877 0.0000000000
103527  59.802  1.129  15.377 0.0000000000
103504  60.029  0.832  16.930 0.0000000000
100953  60.358  -0.348  19.687 0.0000000000
103468  62.057  1.603  20.452 0.0000000000
103458  61.718  1.039  20.971 0.0000000000
107277  63.916  4.483  12.394 0.0000000000
106042  63.564  3.794  12.368 0.0000000000
104791  62.582  2.732  12.282 0.0000000000
107213  64.003  4.256  17.125 0.0000000000
105996  64.192  3.676  17.203 0.0000000000
103501  63.895  1.696  17.958 0.0000000000
62235  29.713  -28.526  50.044 0.0000000000
62220  30.025  -28.667  50.653 0.0000000000
69364  13.768  -23.700  52.948 0.0000000000
69326  12.848  -23.684  54.286 0.0000000000
70864  13.132  -23.017  54.849 0.0000000000
70844  12.837  -22.960  55.667 0.0000000000
70823  12.598  -22.951  56.506 0.0000000000
72189  12.706  -22.331  57.917 0.0000000000
98325  49.184  -3.341  22.186 0.0000000000
88063  49.318  -10.651  33.345 0.0000000000
63568  8.989  -28.301  53.796 0.0000000000
62194  8.408  -29.071  53.253 0.0000000000
60862  7.202  -29.582  55.173 0.0000000000
86962  41.517  -11.743  26.568 0.0000000000
86943  41.457  -11.829  27.608 0.0000000000
71111  31.199  -22.749  40.911 0.0000000000
71110  32.171  -22.935  40.831 0.0000000000
68048  25.350  -25.178  48.346 0.0000000000
69462  24.849  -24.702  48.417 0.0000000000
69463  24.487  -24.628  47.941 0.0000000000
68092  23.710  -24.288  46.538 0.0000000000
68072  23.276  -24.342  47.304 0.0000000000
71003  15.574  -23.172  45.520 0.0000000000
70985  15.087  -23.062  45.786 0.0000000000
66612  26.141  -25.168  42.142 0.0000000000
66593  26.353  -25.373  42.739 0.0000000000
66576  26.743  -25.807  43.493 0.0000000000
68138  24.998  -25.119  44.909 0.0000000000
68070  25.340  -25.319  47.384 0.0000000000
100912  59.448  -0.813  22.848 0.0000000000
100883  59.554  -0.168  24.398 0.0000000000
100885  54.880  -0.454  24.631 0.0000000000
100860  55.321  -0.159  27.215 0.0000000000
102139  55.914  0.407  26.973 0.0000000000
95741  45.604  -5.521  22.356 0.0000000000
94369  46.407  -5.699  23.836 0.0000000000
94368  46.987  -5.308  24.183 0.0000000000
94326  48.947  -5.880  26.391 0.0000000000
88137  52.570  -10.062  29.406 0.0000000000
89280  52.317  -9.838  28.902 0.0000000000
86911  37.130  -11.991  29.698 0.0000000000
86910  38.003  -12.089  29.778 0.0000000000
86875  38.780  -12.040  31.574 0.0000000000
86856  39.130  -11.897  32.343 0.0000000000
86833  39.577  -12.327  33.359 0.0000000000
88087  40.114  -11.878  32.970 0.0000000000
88067  40.513  -12.235  33.598 0.0000000000
72387  36.300  -21.294  39.381 0.0000000000
72386  37.017  -21.138  39.720 0.0000000000
73731  38.247  -21.073  40.043 0.0000000000
73730  38.959  -21.130  40.342 0.0000000000
72345  39.356  -21.496  41.601 0.0000000000
73711  39.346  -21.274  40.923 0.0000000000
73745  39.509  -20.579  39.922 0.0000000000
75231  39.928  -20.243  40.079 0.0000000000
75230  40.711  -19.973  40.378 0.0000000000
75229  41.592  -19.571  40.528 0.0000000000
99709  54.483  -1.268  15.798 0.0000000000
100982  58.497  -0.913  17.344 0.0000000000
100968  58.800  -1.317  18.394 0.0000000000
100955  59.134  -1.124  18.921 0.0000000000
99637  59.272  -1.274  19.361 0.0000000000
109758  63.898  6.498  12.815 0.0000000000
109757  64.254  6.165  12.770 0.0000000000
108529  63.096  5.706  13.416 0.0000000000
109747  64.000  5.964  13.330 0.0000000000
109746  64.174  5.746  13.270 0.0000000000
107262  64.242  4.656  13.585 0.0000000000
106023  64.208  3.714  14.162 0.0000000000
104776  63.758  2.821  14.531 0.0000000000
106016  64.229  3.862  15.259 0.0000000000
107234  64.145  4.404  15.577 0.0000000000
108478  63.999  4.646  16.193 0.0000000000
107226  63.774  4.509  16.620 0.0000000000
107215  62.924  3.973  17.318 0.0000000000
105998  62.579  3.252  17.551 0.0000000000
72282  29.372  -22.533  44.646 0.0000000000
71020  29.773  -22.534  44.648 0.0000000000
70981  30.350  -23.568  45.560 0.0000000000
70965  30.848  -23.877  46.296 0.0000000000
69489  31.181  -24.167  46.561 0.0000000000
68046  31.668  -25.173  47.350 0.0000000000
69461  31.602  -24.638  46.919 0.0000000000
68045  32.241  -25.326  47.884 0.0000000000
68027  32.922  -25.525  48.365 0.0000000000
62234  30.536  -28.865  50.007 0.0000000000
62245  31.318  -28.488  49.184 0.0000000000
62244  32.046  -28.473  49.585 0.0000000000
62232  32.249  -28.700  49.942 0.0000000000
63633  32.619  -27.903  49.691 0.0000000000
69574  21.888  -24.194  43.330 0.0000000000
70874  18.540  -23.295  53.117 0.0000000000
70876  16.533  -23.020  53.526 0.0000000000
72211  17.711  -23.199  56.003 0.0000000000
70892  14.320  -23.412  53.411 0.0000000000
70862  14.734  -22.956  54.707 0.0000000000
70841  15.374  -22.818  55.384 0.0000000000
70820  15.194  -22.638  56.156 0.0000000000
100933  54.618  -1.443  21.625 0.0000000000
100901  53.794  -0.984  23.132 0.0000000000
98254  53.089  -2.254  27.027 0.0000000000
98231  53.277  -2.357  27.841 0.0000000000
90496  45.352  -8.825  25.035 0.0000000000
90495  46.250  -8.708  25.443 0.0000000000
90476  46.774  -8.966  26.064 0.0000000000
89307  48.043  -9.390  26.904 0.0000000000
89308  47.517  -9.899  27.043 0.0000000000
88177  47.976  -10.174  27.516 0.0000000000
88118  50.399  -10.441  30.121 0.0000000000
88115  53.089  -10.367  30.055 0.0000000000
81326  39.179  -15.310  34.359 0.0000000000
72279  41.456  -21.470  45.394 0.0000000000
73627  41.655  -20.834  46.767 0.0000000000
99683  54.087  -1.900  17.416 0.0000000000
99659  54.551  -1.943  18.410 0.0000000000
99642  55.043  -1.952  19.338 0.0000000000
106044  61.042  3.960  12.348 0.0000000000
66405  10.768  -25.690  53.154 0.0000000000
66386  10.269  -26.268  54.663 0.0000000000
67925  9.709  -25.389  56.499 0.0000000000
63556  8.966  -28.126  54.816 0.0000000000
64944  8.618  -27.237  56.796 0.0000000000
64932  8.803  -26.693  57.337 0.0000000000
66333  9.300  -26.286  57.840 0.0000000000
93167  44.903  -6.865  23.117 0.0000000000
91811  45.044  -8.001  23.989 0.0000000000
91824  43.764  -8.223  23.160 0.0000000000
91796  45.297  -8.403  24.498 0.0000000000
89322  45.425  -9.867  26.110 0.0000000000
88179  45.867  -10.495  27.590 0.0000000000
88083  46.987  -11.186  32.314 0.0000000000
86825  47.231  -11.448  33.363 0.0000000000
86809  47.612  -11.406  33.991 0.0000000000
86794  47.604  -11.636  35.059 0.0000000000
72414  34.950  -21.422  38.419 0.0000000000
72417  31.977  -21.981  38.366 0.0000000000
72416  32.987  -21.833  38.455 0.0000000000
72415  33.941  -21.681  38.542 0.0000000000
72388  35.351  -21.657  39.368 0.0000000000
72348  36.894  -21.932  40.874 0.0000000000
72328  37.808  -22.264  41.724 0.0000000000
71061  36.974  -22.831  42.031 0.0000000000
71060  37.869  -22.776  42.449 0.0000000000
71033  39.431  -22.637  44.235 0.0000000000
72281  40.052  -22.474  45.278 0.0000000000
71019  30.475  -22.813  44.728 0.0000000000
69512  32.074  -23.773  46.409 0.0000000000
69538  32.287  -23.921  45.663 0.0000000000
69570  32.499  -24.116  44.759 0.0000000000
69569  33.500  -24.149  44.480 0.0000000000
69568  34.497  -24.460  44.249 0.0000000000
69485  34.603  -24.809  47.072 0.0000000000
68087  34.822  -24.877  46.111 0.0000000000
68109  35.362  -24.856  45.432 0.0000000000
68133  35.851  -24.866  44.762 0.0000000000
69565  37.783  -24.011  44.778 0.0000000000
70996  38.288  -23.697  44.941 0.0000000000
66352  28.265  -26.153  53.961 0.0000000000
67945  28.046  -24.918  54.129 0.0000000000
69354  26.731  -24.817  53.611 0.0000000000
67975  26.470  -24.646  52.542 0.0000000000
69355  26.397  -24.561  53.159 0.0000000000
69356  25.808  -24.334  52.855 0.0000000000
69357  25.048  -24.192  52.926 0.0000000000
69384  23.814  -24.038  51.885 0.0000000000
69359  23.126  -23.493  52.692 0.0000000000
67993  20.816  -24.354  50.937 0.0000000000
69361  20.919  -24.040  52.277 0.0000000000
69363  19.297  -23.634  51.732 0.0000000000
69548  18.122  -23.620  45.447 0.0000000000
69549  17.158  -23.555  45.458 0.0000000000
68054  19.872  -23.926  48.129 0.0000000000
69440  19.385  -23.824  49.748 0.0000000000
69441  18.672  -23.642  49.344 0.0000000000
69416  18.706  -23.652  50.237 0.0000000000
70905  16.676  -22.972  51.497 0.0000000000
70926  15.029  -23.263  51.244 0.0000000000
69390  14.505  -23.435  51.525 0.0000000000
69471  14.194  -23.800  48.993 0.0000000000
69500  13.621  -24.245  47.650 0.0000000000
69472  13.780  -24.193  48.514 0.0000000000
69393  12.293  -24.463  51.291 0.0000000000
68016  12.136  -24.925  50.808 0.0000000000
66454  10.902  -25.765  51.136 0.0000000000
66455  10.452  -26.374  51.418 0.0000000000
63622  9.590  -27.551  50.433 0.0000000000
63602  9.524  -27.733  51.068 0.0000000000
72394  29.228  -21.672  39.551 0.0000000000
72421  28.071  -21.418  38.557 0.0000000000
72372  29.271  -21.767  40.529 0.0000000000
72352  29.212  -21.770  41.472 0.0000000000
72331  29.203  -21.903  42.376 0.0000000000
72311  29.255  -22.029  43.321 0.0000000000
72334  26.614  -21.128  42.135 0.0000000000
73697  26.935  -20.899  41.944 0.0000000000
73696  27.656  -21.023  42.083 0.0000000000
72333  27.732  -21.432  42.314 0.0000000000
72312  28.438  -22.040  43.026 0.0000000000
72296  28.549  -22.062  43.970 0.0000000000
71000  29.239  -22.946  44.723 0.0000000000
69540  29.404  -23.825  44.946 0.0000000000
68112  28.980  -24.693  44.840 0.0000000000
68111  29.411  -25.181  45.325 0.0000000000
66536  29.749  -25.738  45.632 0.0000000000
63654  29.495  -27.972  47.879 0.0000000000
65129  27.683  -26.978  46.607 0.0000000000
65130  26.872  -26.657  46.862 0.0000000000
65108  28.101  -27.460  47.310 0.0000000000
63655  28.564  -27.824  48.074 0.0000000000
63635  29.029  -28.006  48.808 0.0000000000
63614  28.705  -28.108  49.995 0.0000000000
65041  28.955  -27.371  50.888 0.0000000000
66466  27.681  -26.554  50.667 0.0000000000
65019  28.455  -27.235  51.748 0.0000000000
63562  29.100  -27.256  52.983 0.0000000000
64994  28.499  -27.018  52.989 0.0000000000
70846  11.562  -23.824  56.249 0.0000000000
70824  11.871  -23.218  56.768 0.0000000000
99599  55.887  -1.387  21.078 0.0000000000
102174  58.414  0.342  23.952 0.0000000000
102177  56.712  0.684  24.502 0.0000000000
102156  57.044  0.989  25.932 0.0000000000
102155  57.750  1.144  25.557 0.0000000000
103432  58.662  0.760  25.509 0.0000000000
102153  59.661  0.407  25.543 0.0000000000
98347  47.614  -3.801  19.622 0.0000000000
97022  47.653  -4.259  23.711 0.0000000000
98313  49.345  -3.221  22.836 0.0000000000
98295  50.640  -2.808  24.507 0.0000000000
98278  50.813  -2.903  25.140 0.0000000000
96998  50.403  -3.276  25.519 0.0000000000
96974  51.007  -3.246  25.972 0.0000000000
98232  52.546  -2.692  27.504 0.0000000000
98219  53.612  -2.672  28.478 0.0000000000
91793  47.473  -7.700  25.669 0.0000000000
93123  48.082  -6.971  26.051 0.0000000000
94325  49.732  -5.986  26.731 0.0000000000
89292  52.165  -9.460  28.242 0.0000000000
90438  51.746  -8.392  27.682 0.0000000000
91729  51.375  -7.222  27.652 0.0000000000
91752  52.667  -7.646  27.962 0.0000000000
93098  50.764  -6.571  27.566 0.0000000000
94314  50.373  -5.899  27.338 0.0000000000
95630  50.551  -5.258  27.601 0.0000000000
95629  51.072  -4.857  27.831 0.0000000000
95621  52.274  -5.032  28.517 0.0000000000
95627  52.437  -4.417  28.561 0.0000000000
96946  52.220  -3.833  28.314 0.0000000000
98211  53.400  -3.208  28.767 0.0000000000
98210  54.114  -3.016  28.952 0.0000000000
86873  40.615  -11.804  31.831 0.0000000000
86907  41.286  -11.909  29.913 0.0000000000
86905  43.065  -11.597  30.488 0.0000000000
86887  44.047  -11.613  31.635 0.0000000000
86869  44.455  -11.596  32.258 0.0000000000
86851  43.946  -11.652  33.016 0.0000000000
86850  44.800  -11.574  33.076 0.0000000000
86849  45.581  -11.562  33.054 0.0000000000
86827  46.077  -11.727  33.709 0.0000000000
73767  36.510  -20.662  38.433 0.0000000000
75253  37.775  -19.862  37.810 0.0000000000
75268  37.308  -19.617  37.099 0.0000000000
78380  37.970  -17.742  34.570 0.0000000000
76861  39.270  -18.064  36.221 0.0000000000
78365  39.026  -17.406  35.458 0.0000000000
78379  38.451  -17.359  34.838 0.0000000000
79870  39.447  -15.918  34.730 0.0000000000
81308  40.266  -15.374  35.318 0.0000000000
72291  41.648  -21.357  44.719 0.0000000000
72306  41.537  -21.483  44.113 0.0000000000
73672  41.620  -20.988  43.377 0.0000000000
75177  42.261  -20.294  43.810 0.0000000000
75198  42.019  -20.132  42.743 0.0000000000
76811  42.189  -18.799  40.427 0.0000000000
76755  43.729  -18.282  43.363 0.0000000000
79720  44.179  -16.670  43.450 0.0000000000
78228  44.026  -17.469  42.972 0.0000000000
76773  43.724  -18.215  42.353 0.0000000000
76790  43.000  -18.846  41.572 0.0000000000
76827  41.873  -18.342  39.620 0.0000000000
78326  41.419  -17.506  38.368 0.0000000000
79797  41.308  -17.234  38.017 0.0000000000
79796  41.799  -16.678  38.181 0.0000000000
79830  41.375  -15.829  36.683 0.0000000000
81294  40.744  -15.332  35.899 0.0000000000
82802  40.641  -14.487  35.406 0.0000000000
84193  40.955  -13.658  35.622 0.0000000000
85521  41.068  -12.976  35.967 0.0000000000
85498  41.910  -13.095  37.342 0.0000000000
85508  41.448  -12.897  36.838 0.0000000000
86782  41.392  -12.646  36.380 0.0000000000
86781  41.910  -12.296  36.848 0.0000000000
86780  42.620  -11.802  36.779 0.0000000000
85460  44.310  -12.866  41.478 0.0000000000
86688  44.266  -12.744  41.092 0.0000000000
86705  43.925  -12.516  40.267 0.0000000000
87959  44.857  -12.458  40.771 0.0000000000
86704  44.306  -12.344  40.210 0.0000000000
86724  43.703  -12.386  39.401 0.0000000000
86745  43.481  -12.102  38.596 0.0000000000
86763  43.418  -11.929  37.674 0.0000000000
86779  43.526  -11.885  36.662 0.0000000000
86778  44.516  -12.196  36.532 0.0000000000
86777  45.543  -12.171  36.405 0.0000000000
86760  46.370  -12.277  37.250 0.0000000000
86776  46.526  -11.956  36.270 0.0000000000
106032  59.923  3.378  12.657 0.0000000000
104785  60.361  2.451  13.571 0.0000000000
104749  62.045  2.478  17.842 0.0000000000
102217  60.230  0.265  18.875 0.0000000000
105972  62.529  2.764  19.105 0.0000000000
104721  62.899  2.580  19.576 0.0000000000
103466  63.105  1.307  20.515 0.0000000000
62154  8.497  -28.481  55.949 0.0000000000
62195  7.992  -29.439  53.378 0.0000000000
62259  29.521  -28.180  48.573 0.0000000000
63595  29.981  -28.622  51.104 0.0000000000
63684  29.319  -27.116  46.466 0.0000000000
64947  28.064  -27.035  54.245 0.0000000000
64974  28.654  -27.115  53.031 0.0000000000
64975  29.034  -27.069  52.932 0.0000000000
65018  29.033  -27.515  51.352 0.0000000000
65067  32.299  -26.852  48.709 0.0000000000
65106  30.820  -26.518  47.168 0.0000000000
65127  29.589  -26.532  46.110 0.0000000000
65171  28.835  -26.057  44.894 0.0000000000
66348  9.196  -26.317  56.988 0.0000000000
66392  27.215  -25.378  53.362 0.0000000000
66417  28.129  -26.749  52.880 0.0000000000
66505  25.872  -25.556  48.325 0.0000000000
66550  29.391  -25.849  45.284 0.0000000000
66562  28.679  -25.627  44.684 0.0000000000
66566  25.106  -25.377  44.228 0.0000000000
67926  9.489  -25.745  56.883 0.0000000000
67930  27.648  -24.945  54.173 0.0000000000
67959  28.192  -25.009  53.904 0.0000000000
67960  27.310  -25.051  53.864 0.0000000000
67976  25.480  -24.345  52.608 0.0000000000
67977  25.261  -24.342  52.497 0.0000000000
67991  25.671  -24.346  52.437 0.0000000000
68049  24.473  -24.558  48.386 0.0000000000
68067  35.135  -24.852  46.546 0.0000000000
68068  31.136  -24.976  46.716 0.0000000000
68084  37.050  -24.764  46.525 0.0000000000
68085  36.294  -24.867  46.316 0.0000000000
68088  29.983  -24.896  45.703 0.0000000000
68134  35.063  -24.756  44.767 0.0000000000
68135  34.546  -24.598  44.876 0.0000000000
69335  24.823  -23.804  53.532 0.0000000000
69420  12.679  -24.380  50.858 0.0000000000
69421  12.376  -24.544  50.874 0.0000000000
69437  24.861  -24.523  48.763 0.0000000000
69443  17.200  -23.245  48.785 0.0000000000
69464  24.215  -24.533  47.444 0.0000000000
69493  24.212  -24.492  46.929 0.0000000000
69514  30.989  -23.699  46.324 0.0000000000
69518  24.405  -24.432  46.408 0.0000000000
69551  15.835  -23.340  45.151 0.0000000000
69572  28.148  -23.595  43.914 0.0000000000
69598  32.124  -23.734  44.286 0.0000000000
69599  27.801  -24.224  43.611 0.0000000000
69646  34.075  -23.463  41.880 0.0000000000
69648  26.496  -24.188  41.783 0.0000000000
70884  23.722  -23.373  53.022 0.0000000000
70886  19.316  -23.609  52.156 0.0000000000
70922  18.158  -23.450  50.216 0.0000000000
70966  30.642  -23.880  46.050 0.0000000000
70968  15.053  -23.476  48.470 0.0000000000
70979  30.989  -23.480  46.231 0.0000000000
70980  30.794  -23.536  46.010 0.0000000000
70984  15.484  -23.133  46.162 0.0000000000
70997  31.037  -23.369  45.922 0.0000000000
70999  29.868  -22.811  45.223 0.0000000000
72313  27.739  -21.903  42.633 0.0000000000
72315  26.541  -21.584  42.065 0.0000000000
72354  28.075  -21.300  40.995 0.0000000000
73646  42.145  -20.497  45.617 0.0000000000
73656  41.928  -20.915  44.306 0.0000000000
73675  27.054  -21.078  42.312 0.0000000000
73695  28.145  -21.157  41.824 0.0000000000
73698  26.493  -21.016  41.765 0.0000000000
73710  39.878  -21.001  41.133 0.0000000000
73729  39.831  -20.751  40.476 0.0000000000
73732  27.225  -20.887  40.401 0.0000000000
75213  42.465  -19.411  41.575 0.0000000000
76809  43.733  -17.744  41.017 0.0000000000
76876  39.091  -17.853  35.769 0.0000000000
78287  43.633  -17.342  40.681 0.0000000000
78308  41.818  -17.666  39.063 0.0000000000
78341  40.674  -17.386  37.129 0.0000000000
78364  39.432  -17.494  35.820 0.0000000000
79832  40.273  -16.955  36.123 0.0000000000
81247  43.613  -15.075  39.806 0.0000000000
81293  41.249  -15.355  36.371 0.0000000000
81348  37.935  -15.647  32.421 0.0000000000
82658  44.620  -15.057  42.492 0.0000000000
82742  42.832  -14.157  38.453 0.0000000000
82787  41.566  -14.726  36.559 0.0000000000
82814  39.502  -14.525  34.300 0.0000000000
84143  42.790  -13.264  38.869 0.0000000000
84151  42.991  -13.703  38.732 0.0000000000
84162  41.682  -13.554  36.977 0.0000000000
85449  44.174  -13.067  41.352 0.0000000000
85461  44.093  -12.924  41.089 0.0000000000
85479  43.547  -13.068  39.778 0.0000000000
86689  43.976  -12.843  40.811 0.0000000000
86706  43.794  -12.789  40.344 0.0000000000
86726  42.746  -12.811  39.006 0.0000000000
86868  45.112  -11.531  32.527 0.0000000000
87939  45.175  -12.381  41.364 0.0000000000
88051  48.140  -11.164  33.671 0.0000000000
88052  40.489  -12.353  33.980 0.0000000000
88053  40.311  -12.337  33.851 0.0000000000
88068  40.034  -12.100  33.334 0.0000000000
90455  52.666  -7.844  27.878 0.0000000000
90474  47.907  -8.548  26.410 0.0000000000
90475  47.355  -8.819  26.204 0.0000000000
91751  52.787  -7.750  28.027 0.0000000000
91755  48.299  -7.840  26.433 0.0000000000
94410  45.027  -6.110  22.587 0.0000000000
95652  50.247  -4.503  26.842 0.0000000000
96997  50.928  -3.028  25.531 0.0000000000
99473  54.098  -2.366  28.685 0.0000000000
99615  60.121  -1.150  20.403 0.0000000000
100838  55.371  -0.314  27.989 0.0000000000
102117  56.464  0.608  27.645 0.0000000000
102167  57.178  0.912  24.972 0.0000000000
102242  60.007  0.625  17.266 0.0000000000
103417  58.608  0.893  25.985 0.0000000000
103419  57.754  1.206  26.281 0.0000000000
103467  62.639  1.586  20.562 0.0000000000
104719  63.615  2.705  18.855 0.0000000000
104738  62.578  2.994  18.569 0.0000000000
105971  62.723  2.855  19.102 0.0000000000
105988  62.619  2.917  18.891 0.0000000000
105997  63.823  3.768  17.556 0.0000000000
105999  62.198  2.736  17.225 0.0000000000
106024  63.862  3.151  13.925 0.0000000000
106041  63.954  4.332  12.656 0.0000000000
107201  63.091  3.742  17.840 0.0000000000
107225  64.152  4.379  16.426 0.0000000000
107248  63.933  4.532  15.041 0.0000000000
107291  64.249  5.234  12.210 0.0000000000
108477  64.110  4.575  16.225 0.0000000000
108479  63.656  4.659  16.073 0.0000000000
108499  64.096  4.591  16.037 0.0000000000
108537  64.286  5.417  13.119 0.0000000000
109767  64.348  6.211  12.207 0.0000000000
