#!ascii label  , from subject _151 vox2ras=TkReg
1134
75374  30.909  -19.992  31.862 0.0000000000
99666  45.640  -1.510  17.445 0.0000000000
87000  36.974  -12.089  23.533 0.0000000000
73661  12.406  -20.784  43.621 0.0000000000
81300  23.943  -15.234  36.190 0.0000000000
93183  36.899  -6.761  22.721 0.0000000000
72400  19.110  -21.623  39.341 0.0000000000
71070  17.012  -23.269  42.547 0.0000000000
73814  23.141  -21.599  37.067 0.0000000000
98374  50.463  -2.516  18.265 0.0000000000
81359  31.980  -15.351  32.402 0.0000000000
84319  34.236  -14.367  28.690 0.0000000000
76910  36.437  -18.702  33.190 0.0000000000
103508  50.203  1.533  17.309 0.0000000000
101009  53.707  -0.534  15.484 0.0000000000
99607  42.173  -1.320  21.295 0.0000000000
95757  45.662  -4.863  21.033 0.0000000000
94432  40.660  -6.007  20.597 0.0000000000
88239  41.245  -10.464  23.432 0.0000000000
72469  30.008  -21.374  36.878 0.0000000000
68098  11.083  -25.191  46.489 0.0000000000
66514  7.342  -25.726  48.459 0.0000000000
66431  5.535  -25.457  51.830 0.0000000000
78401  26.680  -17.158  32.913 0.0000000000
75270  25.542  -19.321  37.715 0.0000000000
90463  31.586  -9.105  27.395 0.0000000000
85620  37.092  -12.095  29.091 0.0000000000
104770  56.711  2.658  14.933 0.0000000000
99663  48.386  -2.339  17.588 0.0000000000
98347  47.614  -3.801  19.622 0.0000000000
76965  31.619  -18.423  30.515 0.0000000000
76963  33.243  -18.316  29.598 0.0000000000
73897  33.860  -20.126  32.659 0.0000000000
102220  45.201  0.832  19.215 0.0000000000
103471  47.719  1.837  20.195 0.0000000000
102248  47.135  0.318  17.199 0.0000000000
99704  49.960  -1.024  16.515 0.0000000000
60892  7.485  -29.723  53.292 0.0000000000
97081  40.966  -3.351  20.169 0.0000000000
97060  39.331  -3.279  22.460 0.0000000000
89391  36.608  -9.274  22.520 0.0000000000
89389  38.615  -9.418  21.783 0.0000000000
87012  39.638  -11.613  23.399 0.0000000000
85684  39.494  -12.430  25.752 0.0000000000
71073  14.131  -22.006  42.835 0.0000000000
69581  16.085  -23.377  44.858 0.0000000000
69583  14.118  -23.078  44.954 0.0000000000
69527  13.047  -24.438  46.921 0.0000000000
71006  10.909  -22.970  44.633 0.0000000000
70943  8.005  -22.322  48.578 0.0000000000
66478  6.131  -25.681  50.167 0.0000000000
81332  25.358  -15.542  34.696 0.0000000000
75307  25.809  -19.007  35.375 0.0000000000
78356  24.224  -17.820  35.747 0.0000000000
68196  22.704  -24.109  40.004 0.0000000000
69661  25.310  -23.648  40.198 0.0000000000
81358  37.857  -15.206  31.756 0.0000000000
85605  35.542  -12.749  29.378 0.0000000000
94371  38.167  -4.835  24.296 0.0000000000
91799  36.499  -7.409  25.510 0.0000000000
89357  34.728  -9.206  24.193 0.0000000000
69651  21.264  -23.739  40.731 0.0000000000
69604  19.447  -23.615  43.282 0.0000000000
71116  18.291  -22.856  40.559 0.0000000000
73722  15.587  -20.470  41.621 0.0000000000
75188  14.460  -19.506  43.102 0.0000000000
76867  22.990  -18.244  36.836 0.0000000000
76841  21.520  -18.793  38.162 0.0000000000
71165  21.121  -22.269  37.837 0.0000000000
84248  31.617  -13.647  32.931 0.0000000000
85606  30.074  -12.585  30.389 0.0000000000
81391  32.719  -15.749  29.134 0.0000000000
78441  36.300  -17.136  30.364 0.0000000000
103519  53.493  2.141  16.341 0.0000000000
102256  51.619  0.492  16.004 0.0000000000
99685  52.026  -1.970  17.290 0.0000000000
100972  43.719  -1.023  18.723 0.0000000000
97094  45.473  -4.340  18.877 0.0000000000
97096  43.477  -3.983  19.014 0.0000000000
94450  43.527  -5.804  20.512 0.0000000000
91838  43.549  -7.675  22.400 0.0000000000
93197  38.157  -6.547  21.391 0.0000000000
90548  40.810  -8.206  21.567 0.0000000000
73854  30.745  -20.873  34.455 0.0000000000
73828  33.597  -20.875  35.349 0.0000000000
102202  44.810  0.324  21.619 0.0000000000
73639  10.185  -20.325  46.290 0.0000000000
70987  9.289  -22.452  46.176 0.0000000000
68057  8.876  -25.224  47.246 0.0000000000
65077  9.487  -26.833  49.085 0.0000000000
63646  8.062  -27.640  49.556 0.0000000000
63605  6.109  -27.778  50.901 0.0000000000
63587  5.294  -27.596  52.446 0.0000000000
63588  4.564  -27.353  52.711 0.0000000000
75376  28.618  -19.553  32.536 0.0000000000
73857  28.087  -20.008  34.866 0.0000000000
73791  27.645  -20.642  37.041 0.0000000000
75256  24.424  -20.069  38.035 0.0000000000
88228  33.426  -10.576  24.875 0.0000000000
86931  31.896  -12.335  27.825 0.0000000000
86967  33.380  -11.904  26.772 0.0000000000
85686  37.252  -13.095  26.297 0.0000000000
73805  36.187  -19.921  36.208 0.0000000000
104787  58.383  2.435  13.453 0.0000000000
102265  55.831  0.527  15.059 0.0000000000
102274  57.469  0.732  13.942 0.0000000000
99665  46.882  -1.738  17.334 0.0000000000
98362  47.999  -3.345  18.982 0.0000000000
98378  46.387  -2.710  17.848 0.0000000000
75399  31.466  -19.336  31.106 0.0000000000
75398  32.414  -19.553  31.133 0.0000000000
73899  32.502  -20.486  32.596 0.0000000000
100970  44.978  0.017  18.128 0.0000000000
103496  46.548  1.062  18.443 0.0000000000
100969  46.127  -0.421  17.150 0.0000000000
99689  47.670  -1.341  17.001 0.0000000000
60893  6.372  -30.092  53.535 0.0000000000
98327  40.242  -2.497  22.331 0.0000000000
97044  39.838  -3.029  23.460 0.0000000000
88244  36.105  -10.239  22.859 0.0000000000
88242  38.000  -10.808  22.638 0.0000000000
86999  38.009  -11.984  23.766 0.0000000000
86982  39.420  -12.372  24.615 0.0000000000
85703  38.698  -12.668  24.865 0.0000000000
72316  13.215  -21.479  43.131 0.0000000000
71045  14.409  -22.484  43.510 0.0000000000
72299  12.792  -22.039  43.725 0.0000000000
71027  12.467  -23.008  44.357 0.0000000000
72300  11.680  -21.631  44.119 0.0000000000
81315  24.701  -15.365  35.424 0.0000000000
79881  24.494  -16.598  34.774 0.0000000000
79862  23.628  -16.489  35.524 0.0000000000
68171  22.440  -24.073  41.796 0.0000000000
89247  31.307  -9.782  32.210 0.0000000000
84265  37.534  -13.633  31.358 0.0000000000
91815  35.903  -7.711  24.978 0.0000000000
91800  35.526  -7.650  25.593 0.0000000000
69680  19.699  -23.245  39.941 0.0000000000
69667  19.474  -23.382  40.619 0.0000000000
71134  18.617  -22.309  39.878 0.0000000000
73721  16.723  -20.550  40.780 0.0000000000
75223  16.361  -19.737  41.529 0.0000000000
73702  14.606  -20.474  42.362 0.0000000000
79805  22.060  -16.429  38.106 0.0000000000
73754  19.909  -20.563  38.934 0.0000000000
72425  20.595  -20.965  38.165 0.0000000000
69694  20.540  -22.637  38.689 0.0000000000
69665  21.322  -23.639  39.813 0.0000000000
82855  31.009  -14.575  31.007 0.0000000000
79935  32.348  -16.455  30.222 0.0000000000
75395  35.146  -19.220  31.496 0.0000000000
78443  34.928  -18.023  29.892 0.0000000000
76943  35.935  -18.183  31.410 0.0000000000
78412  36.983  -17.405  32.004 0.0000000000
76909  37.219  -18.132  33.549 0.0000000000
103478  48.522  2.236  19.278 0.0000000000
103507  51.455  2.134  17.520 0.0000000000
103522  50.319  0.878  16.625 0.0000000000
98390  50.226  -2.270  17.479 0.0000000000
99703  50.595  -1.354  16.432 0.0000000000
99686  50.885  -2.096  17.208 0.0000000000
99626  43.023  -1.288  19.935 0.0000000000
98367  43.076  -2.591  18.899 0.0000000000
99648  42.647  -1.891  19.560 0.0000000000
95774  41.041  -4.324  20.040 0.0000000000
95793  41.753  -4.214  19.678 0.0000000000
94452  41.534  -5.752  20.377 0.0000000000
93192  43.508  -6.609  20.932 0.0000000000
93193  42.398  -7.084  21.107 0.0000000000
94391  37.573  -5.302  23.559 0.0000000000
95744  37.692  -4.973  22.806 0.0000000000
93182  37.329  -6.669  22.163 0.0000000000
89373  40.239  -10.186  22.572 0.0000000000
90541  39.668  -8.770  21.641 0.0000000000
89386  41.396  -9.477  22.705 0.0000000000
90525  42.004  -9.181  22.764 0.0000000000
72486  30.286  -21.154  36.170 0.0000000000
72467  31.960  -21.599  36.397 0.0000000000
99590  42.908  -0.918  21.982 0.0000000000
100935  43.570  -0.461  21.426 0.0000000000
100946  43.562  -0.510  20.317 0.0000000000
69631  18.640  -23.495  42.570 0.0000000000
69606  17.694  -23.385  43.716 0.0000000000
68097  12.191  -24.704  46.634 0.0000000000
69473  13.273  -24.450  48.191 0.0000000000
68077  11.851  -25.086  47.684 0.0000000000
66527  10.934  -25.503  47.547 0.0000000000
73629  9.761  -20.278  47.401 0.0000000000
72273  9.801  -21.561  45.959 0.0000000000
73630  9.240  -21.094  47.419 0.0000000000
69475  7.471  -23.607  48.196 0.0000000000
69474  7.960  -23.637  47.372 0.0000000000
66513  8.226  -25.661  48.084 0.0000000000
65097  9.470  -26.356  48.535 0.0000000000
65099  8.015  -26.408  48.500 0.0000000000
65056  9.023  -27.368  49.413 0.0000000000
65079  7.330  -26.884  49.222 0.0000000000
66456  5.789  -25.635  50.833 0.0000000000
65059  5.969  -27.192  50.413 0.0000000000
65031  5.638  -26.722  51.155 0.0000000000
63586  5.842  -27.562  51.764 0.0000000000
65006  5.435  -26.523  52.089 0.0000000000
78400  27.620  -16.876  32.661 0.0000000000
78416  28.682  -17.258  32.063 0.0000000000
76929  27.269  -18.275  32.450 0.0000000000
75349  28.428  -19.817  33.517 0.0000000000
75351  26.604  -19.074  33.390 0.0000000000
75289  25.913  -19.060  36.145 0.0000000000
73835  27.152  -19.959  36.118 0.0000000000
73792  27.224  -20.312  37.463 0.0000000000
75273  23.000  -19.724  37.232 0.0000000000
76851  23.289  -18.799  37.025 0.0000000000
73772  24.141  -20.919  37.889 0.0000000000
71113  25.348  -22.421  40.089 0.0000000000
97079  45.014  -4.725  19.505 0.0000000000
97077  46.690  -4.331  20.214 0.0000000000
95756  46.368  -4.610  21.296 0.0000000000
90462  32.250  -8.305  27.638 0.0000000000
90500  33.243  -8.639  25.743 0.0000000000
89343  32.370  -9.778  25.655 0.0000000000
84303  31.110  -13.920  28.796 0.0000000000
85645  30.697  -12.845  28.782 0.0000000000
85643  32.455  -12.972  28.224 0.0000000000
86912  36.401  -12.041  29.704 0.0000000000
86946  34.416  -12.145  28.037 0.0000000000
85667  35.445  -12.167  27.841 0.0000000000
85688  35.059  -12.229  26.818 0.0000000000
85665  37.001  -12.818  27.412 0.0000000000
85636  38.774  -12.613  27.856 0.0000000000
73827  34.774  -20.221  35.141 0.0000000000
104788  57.721  2.664  13.833 0.0000000000
103531  53.642  1.039  15.516 0.0000000000
103530  54.383  1.374  15.660 0.0000000000
102266  54.906  0.500  15.397 0.0000000000
101014  56.978  -0.453  14.732 0.0000000000
101004  58.142  -0.256  15.148 0.0000000000
73737  19.230  -20.608  39.792 0.0000000000
72377  18.680  -21.160  39.648 0.0000000000
98391  49.670  -2.444  17.604 0.0000000000
98360  50.161  -2.933  19.588 0.0000000000
98375  49.519  -2.912  18.365 0.0000000000
78428  32.028  -17.000  30.551 0.0000000000
78445  32.480  -17.455  29.880 0.0000000000
76964  32.281  -18.445  30.033 0.0000000000
75397  33.340  -19.552  31.141 0.0000000000
75347  34.827  -19.831  32.999 0.0000000000
103461  47.185  1.612  20.791 0.0000000000
103480  46.674  1.451  19.096 0.0000000000
103495  47.221  1.272  18.418 0.0000000000
103510  48.307  0.931  17.382 0.0000000000
102245  49.644  0.752  16.830 0.0000000000
102246  48.835  0.305  16.872 0.0000000000
99688  48.727  -2.006  17.173 0.0000000000
60905  8.112  -29.304  52.737 0.0000000000
99608  41.534  -1.729  21.509 0.0000000000
98348  41.726  -2.169  20.112 0.0000000000
98335  40.871  -2.158  21.777 0.0000000000
97069  39.940  -3.190  21.281 0.0000000000
95776  39.688  -4.448  20.758 0.0000000000
90544  36.544  -8.205  22.749 0.0000000000
90552  37.660  -7.799  21.831 0.0000000000
89390  37.675  -9.371  22.026 0.0000000000
88241  39.252  -10.682  22.553 0.0000000000
88240  40.541  -10.892  23.302 0.0000000000
86996  40.721  -11.698  24.439 0.0000000000
86963  40.700  -12.025  26.100 0.0000000000
72419  29.893  -21.756  38.616 0.0000000000
71071  16.248  -23.059  42.896 0.0000000000
69607  16.909  -23.108  43.867 0.0000000000
71044  15.366  -22.775  43.690 0.0000000000
71004  15.019  -22.991  45.163 0.0000000000
69552  14.596  -23.160  45.511 0.0000000000
69554  12.700  -23.986  45.573 0.0000000000
68122  10.844  -24.525  45.488 0.0000000000
72248  8.538  -21.162  48.737 0.0000000000
70929  7.355  -22.033  50.001 0.0000000000
69447  6.774  -23.401  49.467 0.0000000000
66494  6.721  -25.540  49.178 0.0000000000
69423  6.033  -23.442  50.606 0.0000000000
67998  5.521  -24.030  51.104 0.0000000000
67982  5.596  -24.282  52.145 0.0000000000
78402  25.950  -17.192  33.450 0.0000000000
76895  25.955  -18.830  33.895 0.0000000000
78366  25.069  -17.636  34.563 0.0000000000
76880  25.143  -18.308  35.060 0.0000000000
76849  24.974  -18.501  37.121 0.0000000000
69676  23.591  -23.596  38.533 0.0000000000
71130  24.420  -22.688  38.652 0.0000000000
69662  24.246  -23.703  39.306 0.0000000000
95742  45.051  -5.819  21.900 0.0000000000
89281  30.731  -9.578  29.077 0.0000000000
82864  36.462  -14.838  29.907 0.0000000000
85623  34.264  -13.328  28.887 0.0000000000
84282  36.448  -13.853  30.090 0.0000000000
85603  36.816  -12.887  30.430 0.0000000000
104760  55.882  2.832  15.714 0.0000000000
60895  4.473  -29.855  53.474 0.0000000000
94356  38.728  -5.294  25.352 0.0000000000
93141  37.741  -6.200  25.391 0.0000000000
93155  36.773  -7.156  23.983 0.0000000000
90526  35.913  -8.452  23.504 0.0000000000
90527  35.469  -8.674  23.808 0.0000000000
88245  35.473  -10.580  23.360 0.0000000000
68172  21.834  -23.936  42.200 0.0000000000
69575  21.112  -24.067  43.623 0.0000000000
69629  20.458  -23.624  42.080 0.0000000000
69654  18.643  -23.512  41.569 0.0000000000
69655  17.963  -23.383  41.964 0.0000000000
72379  17.286  -21.739  40.518 0.0000000000
72356  17.066  -22.129  41.072 0.0000000000
71097  15.883  -22.245  42.005 0.0000000000
72336  15.013  -21.826  42.194 0.0000000000
73703  14.039  -20.950  42.456 0.0000000000
75166  12.954  -19.695  43.787 0.0000000000
79823  22.841  -16.153  36.537 0.0000000000
79824  22.436  -16.449  37.146 0.0000000000
76852  22.470  -18.546  37.294 0.0000000000
75274  22.076  -19.615  37.364 0.0000000000
75258  21.219  -19.327  38.463 0.0000000000
73796  21.524  -20.404  37.418 0.0000000000
71176  22.517  -22.198  37.266 0.0000000000
69677  22.574  -23.776  38.652 0.0000000000
69650  22.048  -23.875  40.344 0.0000000000
86836  31.459  -11.443  33.248 0.0000000000
86858  30.301  -11.722  31.877 0.0000000000
84250  30.360  -13.029  31.808 0.0000000000
82868  30.840  -14.084  30.041 0.0000000000
81402  32.909  -15.336  28.617 0.0000000000
78459  33.810  -17.345  29.190 0.0000000000
79944  34.247  -16.762  29.022 0.0000000000
81389  35.554  -15.761  28.985 0.0000000000
79920  37.277  -16.162  31.035 0.0000000000
79891  37.782  -16.324  33.046 0.0000000000
103506  52.658  2.387  17.052 0.0000000000
103520  52.122  1.633  16.402 0.0000000000
100996  53.119  -0.725  15.672 0.0000000000
100999  50.363  -0.503  16.293 0.0000000000
100997  52.115  -0.579  15.972 0.0000000000
99667  44.578  -1.457  17.927 0.0000000000
98379  45.270  -2.578  17.856 0.0000000000
98380  44.264  -2.499  18.038 0.0000000000
97095  44.495  -4.234  18.792 0.0000000000
97080  44.213  -4.818  19.343 0.0000000000
97098  41.570  -3.363  19.680 0.0000000000
95791  42.915  -4.217  19.261 0.0000000000
95759  44.009  -5.552  20.572 0.0000000000
94429  44.635  -6.138  21.610 0.0000000000
93179  44.232  -6.897  22.003 0.0000000000
97046  38.801  -3.750  23.150 0.0000000000
95761  38.479  -4.624  21.560 0.0000000000
94433  39.591  -5.597  20.769 0.0000000000
91851  38.653  -7.332  21.408 0.0000000000
91850  39.609  -7.382  21.320 0.0000000000
91849  40.573  -7.473  21.255 0.0000000000
91840  42.130  -8.137  21.879 0.0000000000
73877  31.098  -20.739  33.542 0.0000000000
73876  32.126  -20.806  33.477 0.0000000000
73853  31.746  -20.903  34.448 0.0000000000
73808  33.189  -21.129  36.491 0.0000000000
102221  44.915  0.797  19.937 0.0000000000
100956  44.783  0.448  18.903 0.0000000000
75140  12.509  -19.398  44.639 0.0000000000
75117  11.621  -19.429  45.678 0.0000000000
73663  11.150  -20.533  44.691 0.0000000000
72286  10.722  -21.677  44.743 0.0000000000
71007  9.907  -22.447  45.278 0.0000000000
68099  10.015  -24.620  45.922 0.0000000000
70970  8.576  -22.531  47.314 0.0000000000
68078  8.903  -24.419  46.906 0.0000000000
66540  10.124  -25.334  46.662 0.0000000000
66511  10.493  -25.901  48.219 0.0000000000
66493  10.042  -26.258  48.819 0.0000000000
63603  8.505  -28.410  51.231 0.0000000000
65057  6.861  -27.437  49.778 0.0000000000
63625  6.626  -27.705  50.259 0.0000000000
62224  7.562  -28.712  51.504 0.0000000000
62211  7.184  -29.102  51.971 0.0000000000
62212  6.135  -28.674  52.073 0.0000000000
62213  5.371  -28.797  52.781 0.0000000000
65007  4.749  -26.178  52.638 0.0000000000
63569  5.111  -28.030  53.046 0.0000000000
76946  30.100  -18.381  31.058 0.0000000000
76947  29.320  -18.242  31.376 0.0000000000
75375  29.845  -19.869  32.020 0.0000000000
73879  29.111  -20.126  33.719 0.0000000000
73856  28.895  -20.325  34.775 0.0000000000
73832  29.465  -20.781  35.738 0.0000000000
75325  27.292  -19.712  35.081 0.0000000000
73834  27.694  -20.164  35.780 0.0000000000
72470  29.077  -21.228  36.724 0.0000000000
76866  23.527  -18.120  36.641 0.0000000000
76850  24.088  -18.684  37.033 0.0000000000
75255  24.988  -19.753  38.348 0.0000000000
72398  24.893  -21.676  39.067 0.0000000000
73752  25.016  -20.759  39.133 0.0000000000
75241  25.666  -20.121  39.074 0.0000000000
98363  46.996  -3.534  18.787 0.0000000000
90499  34.422  -8.158  25.572 0.0000000000
89358  33.997  -9.409  24.671 0.0000000000
87001  35.517  -11.790  23.483 0.0000000000
88108  30.281  -11.136  30.730 0.0000000000
88148  30.157  -10.716  29.050 0.0000000000
88183  30.778  -10.722  27.652 0.0000000000
86930  33.066  -12.429  28.012 0.0000000000
86948  32.637  -11.919  27.371 0.0000000000
86968  32.439  -11.322  26.536 0.0000000000
86984  33.465  -11.589  25.717 0.0000000000
85727  34.561  -12.655  25.082 0.0000000000
85725  36.556  -12.802  24.278 0.0000000000
85685  38.377  -12.837  25.998 0.0000000000
73875  33.144  -20.614  33.416 0.0000000000
73850  34.584  -20.079  34.066 0.0000000000
75322  36.014  -19.179  34.490 0.0000000000
75286  37.284  -19.361  36.227 0.0000000000
76879  36.997  -18.702  35.021 0.0000000000
106033  58.798  3.224  13.075 0.0000000000
103517  55.155  2.144  15.840 0.0000000000
103528  55.898  1.536  15.045 0.0000000000
101006  56.479  -0.646  15.237 0.0000000000
102275  56.666  0.071  14.385 0.0000000000
103539  57.140  1.531  14.078 0.0000000000
102278  58.280  1.297  13.733 0.0000000000
103538  59.134  1.302  14.079 0.0000000000
98377  47.467  -2.792  18.018 0.0000000000
75373  31.938  -20.030  31.836 0.0000000000
73900  31.488  -20.490  32.635 0.0000000000
60894  5.309  -29.738  53.275 0.0000000000
87015  36.477  -11.255  23.054 0.0000000000
87014  37.503  -11.399  23.151 0.0000000000
85723  38.348  -12.329  24.251 0.0000000000
85724  37.706  -12.532  24.296 0.0000000000
81299  25.012  -15.092  36.412 0.0000000000
81316  23.973  -15.966  35.484 0.0000000000
68155  22.541  -24.214  42.804 0.0000000000
68170  23.389  -24.524  42.072 0.0000000000
88088  31.373  -10.077  32.654 0.0000000000
71133  19.260  -22.563  39.705 0.0000000000
72399  19.704  -21.391  38.857 0.0000000000
72426  20.319  -21.474  38.340 0.0000000000
71132  19.915  -22.235  38.824 0.0000000000
69679  20.441  -23.131  39.258 0.0000000000
81368  31.792  -15.585  31.253 0.0000000000
76911  35.896  -18.891  32.565 0.0000000000
76927  35.702  -18.746  31.824 0.0000000000
76926  36.313  -18.213  32.137 0.0000000000
76925  36.923  -18.010  32.735 0.0000000000
103493  49.399  2.115  18.282 0.0000000000
103477  49.179  2.350  18.968 0.0000000000
99662  51.522  -2.230  18.309 0.0000000000
63585  8.912  -28.435  52.656 0.0000000000
99606  42.915  -1.042  20.883 0.0000000000
99627  42.130  -1.731  20.313 0.0000000000
94453  40.418  -5.165  20.360 0.0000000000
93210  41.936  -6.479  20.691 0.0000000000
93194  41.242  -6.690  20.821 0.0000000000
93168  37.104  -6.200  23.035 0.0000000000
89372  41.037  -10.133  22.884 0.0000000000
89387  40.660  -9.457  22.385 0.0000000000
72468  30.893  -21.535  36.729 0.0000000000
69632  17.723  -23.362  42.724 0.0000000000
69605  18.543  -23.513  43.503 0.0000000000
68076  12.565  -24.700  47.452 0.0000000000
68059  7.450  -24.920  47.915 0.0000000000
66432  5.213  -25.637  52.407 0.0000000000
79897  27.413  -16.255  33.378 0.0000000000
78418  27.186  -17.580  32.529 0.0000000000
76930  26.724  -17.993  32.689 0.0000000000
75377  27.365  -19.106  32.680 0.0000000000
75378  26.753  -18.598  32.822 0.0000000000
75288  26.285  -19.044  36.841 0.0000000000
73793  26.460  -19.775  37.625 0.0000000000
73769  26.782  -20.341  38.479 0.0000000000
73770  25.974  -19.983  38.510 0.0000000000
73794  23.390  -21.011  37.207 0.0000000000
95770  45.302  -4.758  20.206 0.0000000000
97068  46.299  -4.540  20.757 0.0000000000
90481  32.272  -8.885  26.386 0.0000000000
89324  31.815  -9.728  26.207 0.0000000000
82898  32.312  -14.406  28.381 0.0000000000
84322  31.774  -13.697  28.379 0.0000000000
84321  32.844  -13.825  28.269 0.0000000000
86925  36.696  -12.065  29.256 0.0000000000
86926  36.203  -12.230  29.052 0.0000000000
85638  36.779  -12.349  28.525 0.0000000000
85666  36.047  -12.521  27.615 0.0000000000
85619  37.525  -12.214  29.042 0.0000000000
85637  37.761  -12.563  28.152 0.0000000000
106019  57.030  3.125  15.178 0.0000000000
106027  57.524  3.281  14.323 0.0000000000
104779  56.941  2.352  14.418 0.0000000000
102268  53.586  0.084  15.391 0.0000000000
102267  54.175  0.537  15.370 0.0000000000
101008  54.300  -0.393  15.395 0.0000000000
73718  19.717  -20.012  40.991 0.0000000000
73736  20.159  -20.059  40.215 0.0000000000
98392  49.109  -2.641  17.728 0.0000000000
98376  48.519  -2.780  18.026 0.0000000000
98361  49.010  -3.254  19.270 0.0000000000
78429  31.533  -17.319  30.966 0.0000000000
78446  31.945  -17.699  30.343 0.0000000000
75372  32.898  -20.036  31.873 0.0000000000
75371  33.860  -20.129  31.959 0.0000000000
75370  34.645  -19.713  32.084 0.0000000000
75348  34.239  -20.006  32.617 0.0000000000
102211  46.083  1.318  19.766 0.0000000000
102233  46.867  0.687  17.902 0.0000000000
102232  47.586  0.887  17.663 0.0000000000
103494  48.230  1.502  18.245 0.0000000000
102247  47.873  0.328  16.928 0.0000000000
99592  41.474  -1.875  22.382 0.0000000000
98328  39.702  -2.915  21.986 0.0000000000
97070  39.449  -3.562  21.558 0.0000000000
97083  39.710  -4.042  20.883 0.0000000000
90543  37.305  -8.311  22.052 0.0000000000
88259  38.313  -10.113  22.181 0.0000000000
87011  40.391  -11.613  23.774 0.0000000000
86997  39.886  -12.021  24.186 0.0000000000
85702  39.443  -12.520  25.054 0.0000000000
86981  40.073  -12.323  24.973 0.0000000000
85683  40.092  -12.202  26.017 0.0000000000
86944  40.723  -12.260  27.076 0.0000000000
99591  42.187  -1.451  22.282 0.0000000000
71072  15.082  -22.299  42.656 0.0000000000
71026  13.635  -22.829  44.116 0.0000000000
71025  14.666  -22.877  44.436 0.0000000000
69582  14.585  -22.992  45.016 0.0000000000
69553  13.923  -23.512  45.665 0.0000000000
69584  13.382  -23.358  44.899 0.0000000000
71005  11.852  -23.248  44.909 0.0000000000
69555  11.446  -23.903  45.120 0.0000000000
69422  6.728  -22.821  50.166 0.0000000000
69448  6.293  -24.019  49.982 0.0000000000
81314  25.791  -15.350  35.646 0.0000000000
81331  26.411  -15.462  34.822 0.0000000000
79878  26.962  -15.682  34.087 0.0000000000
79879  25.954  -15.856  34.054 0.0000000000
78381  25.385  -17.229  33.999 0.0000000000
79880  25.135  -16.331  34.275 0.0000000000
78367  24.378  -17.425  35.158 0.0000000000
76881  24.672  -18.044  35.703 0.0000000000
76864  25.279  -18.568  36.174 0.0000000000
76865  24.337  -18.158  36.337 0.0000000000
69663  23.143  -23.944  39.346 0.0000000000
68195  23.426  -24.306  40.059 0.0000000000
90426  31.458  -8.759  29.522 0.0000000000
82865  36.114  -14.283  29.685 0.0000000000
82853  37.052  -14.611  30.554 0.0000000000
84247  37.980  -13.549  31.939 0.0000000000
85590  37.228  -13.187  30.998 0.0000000000
85589  37.580  -12.735  31.283 0.0000000000
62197  4.153  -29.095  53.461 0.0000000000
94357  38.201  -5.804  25.414 0.0000000000
91813  36.898  -7.048  24.506 0.0000000000
91826  36.461  -7.603  23.410 0.0000000000
91814  36.290  -7.587  24.406 0.0000000000
90514  35.314  -8.262  24.464 0.0000000000
89375  35.367  -9.381  23.567 0.0000000000
69628  21.418  -23.758  41.707 0.0000000000
69652  20.427  -23.597  41.146 0.0000000000
69668  18.941  -23.453  40.993 0.0000000000
71095  17.968  -23.206  41.400 0.0000000000
73738  18.315  -20.744  40.024 0.0000000000
72378  18.185  -21.717  39.761 0.0000000000
73739  17.464  -20.970  40.206 0.0000000000
72357  16.399  -21.565  41.170 0.0000000000
72380  16.783  -21.216  40.623 0.0000000000
71096  17.156  -22.790  41.685 0.0000000000
72358  15.258  -21.436  41.803 0.0000000000
73680  14.033  -20.050  42.851 0.0000000000
73681  13.519  -20.547  42.929 0.0000000000
75189  13.701  -19.731  43.226 0.0000000000
81287  23.085  -15.361  37.335 0.0000000000
81288  22.407  -15.919  37.726 0.0000000000
78349  21.754  -18.327  37.726 0.0000000000
78348  21.918  -17.436  37.592 0.0000000000
76853  21.861  -18.963  37.658 0.0000000000
72454  20.705  -22.007  37.942 0.0000000000
72453  21.015  -21.362  37.699 0.0000000000
72452  21.960  -21.290  37.150 0.0000000000
71164  21.930  -22.202  37.383 0.0000000000
69706  22.243  -22.967  37.638 0.0000000000
69692  21.969  -23.435  38.091 0.0000000000
69627  21.989  -23.866  41.097 0.0000000000
85574  31.285  -12.532  32.876 0.0000000000
85575  30.486  -12.471  32.220 0.0000000000
84249  30.841  -13.593  32.180 0.0000000000
81379  31.451  -15.088  30.458 0.0000000000
82867  31.394  -14.793  29.865 0.0000000000
82866  31.928  -15.273  29.257 0.0000000000
82880  32.389  -15.072  28.649 0.0000000000
78444  33.106  -17.411  29.340 0.0000000000
76979  33.517  -17.771  29.274 0.0000000000
78442  35.591  -17.605  30.180 0.0000000000
78458  34.707  -17.542  29.397 0.0000000000
78457  35.264  -17.168  29.546 0.0000000000
79943  35.141  -16.615  29.031 0.0000000000
79932  36.202  -16.649  29.788 0.0000000000
81388  36.026  -15.755  29.437 0.0000000000
79921  36.838  -16.588  30.479 0.0000000000
78411  37.331  -17.231  32.904 0.0000000000
79907  37.583  -16.332  31.925 0.0000000000
103470  48.453  2.183  20.511 0.0000000000
104753  52.291  2.540  17.893 0.0000000000
103521  51.028  1.294  16.540 0.0000000000
102255  52.750  0.634  15.700 0.0000000000
102259  49.488  0.025  16.580 0.0000000000
102258  50.046  0.204  16.452 0.0000000000
99702  51.535  -1.493  16.396 0.0000000000
99701  52.578  -1.495  16.397 0.0000000000
100971  44.069  -0.718  18.584 0.0000000000
99668  43.678  -1.625  18.497 0.0000000000
98366  43.927  -3.255  18.418 0.0000000000
98349  41.176  -2.447  20.504 0.0000000000
98369  41.515  -2.710  19.879 0.0000000000
95773  42.137  -4.905  19.842 0.0000000000
95792  42.359  -4.224  19.464 0.0000000000
95772  43.490  -4.964  19.939 0.0000000000
94430  44.105  -5.961  21.003 0.0000000000
93180  43.204  -7.301  21.672 0.0000000000
91837  44.289  -7.552  22.767 0.0000000000
95721  39.093  -3.843  24.144 0.0000000000
95722  38.459  -4.141  23.489 0.0000000000
94411  37.880  -5.120  21.913 0.0000000000
95743  38.029  -4.584  22.253 0.0000000000
94434  38.269  -5.407  21.391 0.0000000000
93196  39.076  -6.476  21.232 0.0000000000
90542  38.016  -8.814  21.662 0.0000000000
90551  38.154  -8.077  21.610 0.0000000000
89396  38.597  -8.718  21.573 0.0000000000
90540  40.377  -8.826  21.836 0.0000000000
90549  40.034  -8.151  21.508 0.0000000000
91848  41.569  -7.726  21.441 0.0000000000
73878  30.142  -20.424  33.674 0.0000000000
72444  32.676  -21.612  37.322 0.0000000000
73809  32.575  -21.355  36.236 0.0000000000
102201  45.547  0.758  21.422 0.0000000000
102213  44.807  0.681  20.652 0.0000000000
100958  43.508  -0.836  19.180 0.0000000000
100957  44.322  0.238  19.501 0.0000000000
69603  20.354  -23.818  43.004 0.0000000000
69576  20.239  -23.860  43.964 0.0000000000
69580  16.597  -23.335  44.661 0.0000000000
69500  13.621  -24.245  47.650 0.0000000000
76702  11.200  -19.237  46.655 0.0000000000
75118  11.022  -19.538  46.002 0.0000000000
75142  11.351  -19.748  45.357 0.0000000000
73651  10.910  -20.406  45.116 0.0000000000
72272  10.391  -21.126  45.515 0.0000000000
70986  9.606  -22.107  45.765 0.0000000000
71008  9.465  -22.932  45.627 0.0000000000
69528  10.020  -23.878  45.605 0.0000000000
69529  9.482  -23.586  45.950 0.0000000000
72258  8.318  -21.918  48.347 0.0000000000
72264  8.496  -22.087  47.716 0.0000000000
70957  7.946  -22.668  47.759 0.0000000000
68079  8.421  -24.022  47.179 0.0000000000
66541  9.479  -24.894  46.493 0.0000000000
66529  9.404  -25.408  47.005 0.0000000000
66528  10.164  -25.631  47.394 0.0000000000
66512  9.342  -25.812  47.890 0.0000000000
66477  10.416  -26.472  50.058 0.0000000000
63623  8.849  -27.812  50.050 0.0000000000
66495  6.391  -25.298  49.822 0.0000000000
65080  6.431  -26.041  49.638 0.0000000000
63606  5.975  -27.403  50.579 0.0000000000
63604  7.191  -28.336  50.804 0.0000000000
62225  6.740  -28.504  51.443 0.0000000000
60908  5.922  -29.530  52.697 0.0000000000
66408  5.030  -25.193  53.024 0.0000000000
64985  4.625  -25.464  53.054 0.0000000000
63570  4.418  -28.070  53.017 0.0000000000
76928  28.043  -18.455  31.995 0.0000000000
76948  28.755  -18.065  31.676 0.0000000000
75402  28.722  -18.830  31.613 0.0000000000
75401  29.434  -19.143  31.518 0.0000000000
73902  29.662  -19.924  32.977 0.0000000000
73880  28.435  -19.938  34.131 0.0000000000
73833  28.528  -20.464  35.642 0.0000000000
75327  25.728  -18.796  34.576 0.0000000000
75326  26.482  -19.285  34.542 0.0000000000
73812  27.448  -20.311  36.601 0.0000000000
75305  27.184  -19.842  35.693 0.0000000000
73811  28.157  -20.789  36.547 0.0000000000
72471  28.398  -21.166  37.119 0.0000000000
72448  28.637  -21.385  37.701 0.0000000000
72449  27.858  -20.901  37.629 0.0000000000
79843  22.775  -16.671  36.547 0.0000000000
79842  23.154  -16.664  35.955 0.0000000000
78358  22.817  -17.458  36.690 0.0000000000
75272  23.817  -19.414  37.501 0.0000000000
75271  24.619  -19.183  37.708 0.0000000000
72423  24.470  -21.687  38.324 0.0000000000
71114  24.977  -22.681  39.469 0.0000000000
72375  25.664  -21.591  40.115 0.0000000000
72397  25.291  -21.323  39.512 0.0000000000
73751  25.609  -20.725  39.500 0.0000000000
98364  45.922  -3.526  18.437 0.0000000000
97093  46.381  -4.182  19.245 0.0000000000
91784  34.638  -7.541  26.752 0.0000000000
90479  34.180  -7.785  26.350 0.0000000000
89342  33.148  -9.449  25.207 0.0000000000
89341  33.681  -8.870  25.236 0.0000000000
88227  33.781  -10.601  24.531 0.0000000000
88226  34.593  -10.420  23.881 0.0000000000
85591  30.155  -12.352  31.365 0.0000000000
86878  30.316  -11.403  31.214 0.0000000000
86898  30.050  -11.690  30.591 0.0000000000
86932  30.688  -11.833  28.441 0.0000000000
88166  30.390  -10.789  28.057 0.0000000000
86950  30.776  -11.124  27.632 0.0000000000
85622  34.809  -13.000  29.271 0.0000000000
85642  33.721  -13.098  28.572 0.0000000000
85641  34.332  -12.741  28.719 0.0000000000
86966  34.208  -12.107  27.256 0.0000000000
86947  33.614  -12.118  27.682 0.0000000000
86985  32.714  -10.842  25.908 0.0000000000
85690  33.602  -11.988  26.221 0.0000000000
85687  36.108  -12.967  26.592 0.0000000000
85706  35.166  -12.907  25.714 0.0000000000
85705  36.306  -13.159  25.424 0.0000000000
85726  35.253  -12.839  24.594 0.0000000000
85704  37.535  -13.093  25.148 0.0000000000
73852  32.812  -20.849  34.412 0.0000000000
73806  35.402  -20.359  36.281 0.0000000000
73826  35.767  -19.852  35.570 0.0000000000
75304  35.066  -19.747  34.414 0.0000000000
73825  36.257  -19.663  35.727 0.0000000000
75301  37.117  -19.070  35.586 0.0000000000
76878  37.622  -18.532  35.291 0.0000000000
106034  58.141  3.122  13.542 0.0000000000
104786  59.269  2.395  13.207 0.0000000000
104763  53.778  2.788  16.782 0.0000000000
103518  54.723  2.135  16.040 0.0000000000
103529  55.325  1.728  15.526 0.0000000000
104772  55.602  2.272  15.546 0.0000000000
101013  57.455  -0.197  14.488 0.0000000000
103540  56.494  1.401  14.498 0.0000000000
99664  47.943  -2.171  17.552 0.0000000000
75423  32.059  -19.126  30.499 0.0000000000
73898  33.377  -20.269  32.640 0.0000000000
102235  45.539  0.658  18.538 0.0000000000
102219  45.967  1.113  18.802 0.0000000000
102234  46.072  0.514  18.031 0.0000000000
102249  46.544  0.244  17.355 0.0000000000
100987  46.758  -0.161  16.911 0.0000000000
100986  47.395  -0.390  16.803 0.0000000000
99690  46.930  -0.829  16.930 0.0000000000
98326  40.981  -2.294  22.700 0.0000000000
98317  40.393  -2.629  23.342 0.0000000000
98318  39.706  -2.873  22.837 0.0000000000
88261  36.757  -10.092  22.597 0.0000000000
88260  37.392  -10.077  22.434 0.0000000000
88243  37.021  -10.678  22.745 0.0000000000
87013  38.562  -11.503  23.204 0.0000000000
86998  38.932  -12.069  24.058 0.0000000000
71074  13.645  -21.796  42.955 0.0000000000
71046  13.617  -22.147  43.363 0.0000000000
72285  11.510  -22.521  44.489 0.0000000000
70912  6.397  -22.454  51.231 0.0000000000
81333  24.609  -15.938  34.873 0.0000000000
79861  24.043  -16.633  35.205 0.0000000000
78368  23.670  -16.984  35.445 0.0000000000
68187  22.683  -24.123  40.745 0.0000000000
68186  23.443  -24.484  41.014 0.0000000000
89262  31.309  -9.444  31.486 0.0000000000
81357  38.039  -14.961  32.308 0.0000000000
82852  37.548  -14.464  31.190 0.0000000000
82842  38.249  -14.336  32.458 0.0000000000
90498  35.077  -7.982  25.190 0.0000000000
69666  20.406  -23.538  40.215 0.0000000000
71115  19.186  -23.016  40.211 0.0000000000
73723  14.994  -20.842  41.835 0.0000000000
78336  21.640  -17.960  38.471 0.0000000000
73753  20.546  -19.717  39.484 0.0000000000
73773  20.754  -20.195  38.277 0.0000000000
73774  20.387  -20.798  38.423 0.0000000000
71150  20.622  -22.295  38.290 0.0000000000
69693  21.146  -22.866  38.408 0.0000000000
82845  31.079  -14.285  31.780 0.0000000000
82854  31.466  -15.021  31.348 0.0000000000
81369  31.516  -15.222  30.853 0.0000000000
79946  32.606  -16.117  29.716 0.0000000000
75420  34.488  -18.885  30.496 0.0000000000
76962  34.323  -18.369  29.837 0.0000000000
76961  34.986  -18.431  30.356 0.0000000000
78427  35.844  -17.951  30.931 0.0000000000
78426  36.371  -17.514  31.106 0.0000000000
78395  37.941  -17.327  33.893 0.0000000000
104728  49.132  2.387  19.292 0.0000000000
99687  49.893  -1.762  16.981 0.0000000000
99661  52.579  -2.125  18.327 0.0000000000
99647  43.164  -1.627  19.205 0.0000000000
94451  42.734  -5.601  20.338 0.0000000000
93208  43.107  -6.092  20.551 0.0000000000
93209  42.555  -6.299  20.612 0.0000000000
93181  42.663  -7.458  21.644 0.0000000000
95723  37.852  -4.671  23.150 0.0000000000
94412  37.613  -5.514  22.309 0.0000000000
94435  37.712  -6.140  21.658 0.0000000000
89388  39.641  -9.622  21.907 0.0000000000
89395  39.128  -8.971  21.632 0.0000000000
90539  41.412  -8.680  22.140 0.0000000000
73831  30.466  -20.936  35.361 0.0000000000
73830  31.359  -21.044  35.249 0.0000000000
72485  31.113  -21.301  35.925 0.0000000000
100921  43.778  -0.636  22.442 0.0000000000
100945  44.104  0.196  20.935 0.0000000000
68055  12.673  -24.698  48.318 0.0000000000
68056  11.985  -24.953  48.905 0.0000000000
66510  11.298  -25.499  48.516 0.0000000000
75095  10.607  -19.522  47.068 0.0000000000
73640  9.612  -21.028  46.787 0.0000000000
72274  9.403  -21.653  46.632 0.0000000000
72263  9.027  -21.922  47.169 0.0000000000
70958  7.705  -22.724  48.384 0.0000000000
68058  8.206  -24.731  47.426 0.0000000000
65098  8.862  -26.431  48.398 0.0000000000
65055  9.625  -27.225  49.946 0.0000000000
65078  8.518  -27.020  48.893 0.0000000000
63645  8.370  -27.423  49.365 0.0000000000
65058  6.126  -26.800  50.143 0.0000000000
65032  5.828  -27.190  50.610 0.0000000000
62226  6.232  -28.141  51.559 0.0000000000
65008  4.110  -26.373  52.858 0.0000000000
78417  27.820  -17.558  32.317 0.0000000000
75350  27.635  -19.594  33.803 0.0000000000
75306  26.570  -19.560  35.810 0.0000000000
73813  26.862  -19.829  36.746 0.0000000000
72450  27.369  -20.530  38.059 0.0000000000
75257  23.740  -20.210  37.594 0.0000000000
69649  26.257  -23.624  41.275 0.0000000000
97078  45.839  -4.560  19.960 0.0000000000
90461  33.101  -7.815  28.263 0.0000000000
90480  33.510  -7.836  26.815 0.0000000000
90501  32.706  -9.129  25.670 0.0000000000
88212  32.997  -10.504  25.272 0.0000000000
84304  30.641  -13.535  29.266 0.0000000000
85624  30.253  -12.678  29.405 0.0000000000
84323  31.056  -13.351  28.670 0.0000000000
85644  31.402  -12.797  28.386 0.0000000000
86913  35.964  -12.384  29.417 0.0000000000
86928  34.789  -12.478  28.709 0.0000000000
86927  35.552  -12.332  28.806 0.0000000000
86945  35.092  -12.198  28.263 0.0000000000
86965  34.863  -12.057  27.651 0.0000000000
85689  33.981  -12.211  26.459 0.0000000000
85664  38.057  -12.792  27.096 0.0000000000
73807  34.314  -20.733  36.305 0.0000000000
73787  36.215  -20.220  37.244 0.0000000000
106035  57.792  3.151  13.857 0.0000000000
101005  57.424  -0.631  15.291 0.0000000000
101012  58.102  0.184  14.416 0.0000000000
102264  58.718  0.314  15.012 0.0000000000
73755  19.488  -21.050  39.202 0.0000000000
79922  31.892  -16.318  31.500 0.0000000000
75422  32.823  -19.144  30.338 0.0000000000
75421  33.763  -19.037  30.351 0.0000000000
75396  34.336  -19.448  31.148 0.0000000000
75369  35.339  -19.336  32.362 0.0000000000
75346  35.624  -19.335  33.275 0.0000000000
103472  46.910  1.620  20.031 0.0000000000
103479  47.486  1.812  19.179 0.0000000000
103509  49.090  1.241  17.453 0.0000000000
100984  49.263  -0.829  16.697 0.0000000000
100985  48.270  -0.674  16.746 0.0000000000
62194  8.408  -29.071  53.253 0.0000000000
99628  41.696  -1.722  20.871 0.0000000000
98350  40.544  -2.836  20.830 0.0000000000
98336  40.279  -2.771  21.350 0.0000000000
97082  40.292  -3.387  20.721 0.0000000000
95775  40.144  -4.364  20.531 0.0000000000
91842  36.819  -7.405  22.553 0.0000000000
88258  38.962  -10.033  21.990 0.0000000000
86995  41.299  -11.492  24.873 0.0000000000
86979  41.559  -11.546  25.584 0.0000000000
86980  40.773  -11.891  25.274 0.0000000000
86962  41.517  -11.743  26.568 0.0000000000
72447  29.497  -21.647  37.662 0.0000000000
72446  30.455  -21.741  37.629 0.0000000000
72418  30.907  -21.946  38.510 0.0000000000
69633  17.075  -23.374  43.154 0.0000000000
71043  16.186  -22.909  44.070 0.0000000000
71023  16.134  -23.150  44.531 0.0000000000
71024  15.610  -23.062  44.668 0.0000000000
69526  13.790  -23.855  46.712 0.0000000000
68121  11.697  -24.543  45.800 0.0000000000
72249  8.110  -21.690  49.097 0.0000000000
70944  7.663  -22.515  49.067 0.0000000000
68038  6.934  -24.628  48.705 0.0000000000
68039  6.515  -24.591  49.589 0.0000000000
68018  6.013  -24.663  50.386 0.0000000000
69424  5.600  -23.821  50.956 0.0000000000
67997  5.563  -24.437  51.284 0.0000000000
79898  26.444  -16.428  33.574 0.0000000000
76912  26.105  -18.147  33.242 0.0000000000
76896  25.545  -18.124  34.120 0.0000000000
78382  24.843  -17.054  34.490 0.0000000000
76848  25.657  -18.669  36.949 0.0000000000
71148  23.787  -22.806  37.850 0.0000000000
72424  23.988  -21.791  37.709 0.0000000000
71131  24.019  -23.146  38.453 0.0000000000
68194  24.373  -24.462  40.230 0.0000000000
68193  25.014  -24.587  40.488 0.0000000000
95758  44.665  -5.428  21.095 0.0000000000
90444  31.471  -8.851  28.409 0.0000000000
89295  31.122  -9.648  28.092 0.0000000000
82878  35.762  -14.734  29.150 0.0000000000
84301  34.493  -13.846  28.918 0.0000000000
84300  35.233  -13.762  29.174 0.0000000000
84283  35.830  -13.799  29.493 0.0000000000
85604  35.945  -13.033  29.585 0.0000000000
84266  37.094  -13.730  30.788 0.0000000000
86897  35.881  -12.592  29.489 0.0000000000
86896  36.186  -12.420  29.950 0.0000000000
86895  36.826  -12.216  30.203 0.0000000000
106020  56.542  3.165  15.580 0.0000000000
99710  53.834  -1.005  15.595 0.0000000000
99709  54.483  -1.268  15.798 0.0000000000
62196  4.745  -29.019  53.250 0.0000000000
95676  39.384  -4.637  25.343 0.0000000000
94372  37.801  -5.539  24.828 0.0000000000
93154  37.156  -6.382  24.277 0.0000000000
93169  36.747  -6.889  23.314 0.0000000000
90513  35.768  -8.016  24.062 0.0000000000
89374  35.941  -9.337  23.059 0.0000000000
87016  35.878  -10.988  23.156 0.0000000000
69601  21.954  -24.222  42.840 0.0000000000
69602  21.378  -24.001  42.676 0.0000000000
69653  19.566  -23.540  41.454 0.0000000000
69630  19.514  -23.625  42.331 0.0000000000
72401  18.729  -22.105  39.540 0.0000000000
73740  16.997  -21.094  40.424 0.0000000000
71117  17.423  -22.414  40.927 0.0000000000
71098  15.294  -21.991  42.137 0.0000000000
72359  14.760  -21.046  41.951 0.0000000000
72337  14.545  -21.449  42.311 0.0000000000
72338  13.796  -21.385  42.701 0.0000000000
81301  23.260  -15.824  36.072 0.0000000000
73795  22.403  -20.557  37.111 0.0000000000
75275  21.429  -19.531  37.788 0.0000000000
72472  22.921  -21.963  37.041 0.0000000000
69691  22.879  -23.452  37.810 0.0000000000
69664  22.233  -23.877  39.509 0.0000000000
69678  21.590  -23.567  38.902 0.0000000000
88070  31.174  -10.704  32.871 0.0000000000
86857  30.765  -11.456  32.510 0.0000000000
84267  30.772  -14.067  31.612 0.0000000000
82856  30.594  -13.936  30.601 0.0000000000
84284  30.400  -13.403  30.153 0.0000000000
82882  31.077  -14.199  29.348 0.0000000000
82896  33.948  -14.848  28.543 0.0000000000
79934  32.716  -16.925  29.618 0.0000000000
79945  33.188  -16.541  29.189 0.0000000000
79959  33.471  -16.086  28.956 0.0000000000
79958  33.897  -16.137  28.879 0.0000000000
81400  34.296  -15.562  28.621 0.0000000000
82894  35.344  -15.253  28.712 0.0000000000
82877  36.218  -15.254  29.578 0.0000000000
81367  37.095  -15.555  30.400 0.0000000000
81366  37.524  -15.401  31.080 0.0000000000
79908  37.106  -16.863  31.280 0.0000000000
81348  37.935  -15.647  32.421 0.0000000000
103505  53.199  2.595  16.882 0.0000000000
102257  50.741  0.326  16.250 0.0000000000
100998  51.145  -0.574  16.114 0.0000000000
98365  44.888  -3.452  18.327 0.0000000000
98381  43.674  -2.497  18.335 0.0000000000
95771  44.716  -4.934  20.222 0.0000000000
98368  41.969  -2.471  19.652 0.0000000000
97097  42.491  -3.460  19.174 0.0000000000
94410  45.027  -6.110  22.587 0.0000000000
93191  44.197  -6.444  21.317 0.0000000000
97045  39.270  -3.480  23.395 0.0000000000
97061  38.763  -3.744  22.549 0.0000000000
97071  38.666  -4.112  21.715 0.0000000000
95760  39.162  -4.555  21.095 0.0000000000
91841  37.360  -7.496  22.020 0.0000000000
91852  37.800  -7.252  21.630 0.0000000000
90550  39.118  -8.218  21.455 0.0000000000
93195  40.122  -6.624  20.952 0.0000000000
91847  42.304  -7.635  21.641 0.0000000000
91839  42.741  -7.817  22.097 0.0000000000
90538  42.392  -8.558  22.455 0.0000000000
91825  43.088  -8.304  22.659 0.0000000000
73901  30.515  -20.196  32.799 0.0000000000
73829  32.376  -21.128  35.539 0.0000000000
102212  45.456  1.086  20.360 0.0000000000
75167  12.173  -19.917  44.273 0.0000000000
75141  11.834  -19.580  45.043 0.0000000000
73662  11.515  -20.411  44.484 0.0000000000
72301  11.067  -20.863  44.489 0.0000000000
72287  10.230  -21.690  45.386 0.0000000000
69556  10.422  -23.662  45.144 0.0000000000
68123  10.351  -24.186  45.531 0.0000000000
72257  8.696  -21.425  47.911 0.0000000000
70969  8.987  -22.738  46.955 0.0000000000
69503  8.533  -23.330  47.099 0.0000000000
69502  9.111  -23.449  46.630 0.0000000000
68100  9.388  -24.191  46.399 0.0000000000
66539  10.591  -25.404  47.043 0.0000000000
66492  10.832  -25.901  49.232 0.0000000000
63622  9.590  -27.551  50.433 0.0000000000
63624  7.625  -28.024  49.939 0.0000000000
62210  8.065  -28.923  52.264 0.0000000000
60906  7.652  -29.458  52.578 0.0000000000
60907  6.789  -29.603  52.558 0.0000000000
66407  5.396  -24.843  52.594 0.0000000000
85573  31.911  -12.901  33.396 0.0000000000
76945  31.001  -18.414  30.948 0.0000000000
75400  30.429  -19.268  31.342 0.0000000000
73855  29.795  -20.597  34.610 0.0000000000
72487  29.734  -21.087  36.386 0.0000000000
78357  23.645  -17.554  35.904 0.0000000000
73771  24.610  -20.853  38.585 0.0000000000
72376  25.183  -21.907  39.728 0.0000000000
75243  24.847  -20.272  38.675 0.0000000000
75242  25.197  -20.138  38.989 0.0000000000
75254  25.439  -19.839  38.576 0.0000000000
73750  26.232  -20.336  39.485 0.0000000000
97092  47.055  -4.004  19.664 0.0000000000
95740  46.549  -4.626  22.133 0.0000000000
91783  35.618  -7.488  26.678 0.0000000000
91801  35.040  -7.618  26.122 0.0000000000
90515  34.602  -8.742  24.707 0.0000000000
88089  30.927  -10.396  32.101 0.0000000000
88107  30.717  -10.552  30.909 0.0000000000
86915  29.997  -11.755  29.630 0.0000000000
88127  30.175  -10.990  30.120 0.0000000000
88126  30.500  -10.222  29.780 0.0000000000
89282  30.465  -10.152  28.955 0.0000000000
88165  30.868  -10.288  27.782 0.0000000000
89309  31.319  -9.873  27.319 0.0000000000
84302  34.039  -13.548  28.779 0.0000000000
86929  33.992  -12.430  28.329 0.0000000000
86949  31.522  -11.516  27.303 0.0000000000
86969  31.677  -10.961  26.701 0.0000000000
89325  31.524  -10.138  26.666 0.0000000000
88198  31.956  -10.523  26.129 0.0000000000
88213  32.494  -10.417  25.707 0.0000000000
87003  33.521  -11.064  24.960 0.0000000000
85707  34.170  -12.319  25.682 0.0000000000
86983  33.875  -11.977  25.300 0.0000000000
87002  34.179  -11.810  24.676 0.0000000000
85663  39.091  -12.600  26.798 0.0000000000
85662  40.003  -12.384  26.541 0.0000000000
73851  33.912  -20.673  34.229 0.0000000000
73874  34.055  -20.174  33.278 0.0000000000
75324  35.018  -19.689  33.764 0.0000000000
75323  35.526  -19.387  34.136 0.0000000000
75345  36.020  -19.023  33.895 0.0000000000
75269  36.713  -19.690  36.559 0.0000000000
75302  36.371  -19.280  35.199 0.0000000000
76894  36.656  -18.755  34.272 0.0000000000
76893  37.497  -18.196  34.514 0.0000000000
104761  55.437  2.570  15.953 0.0000000000
104771  56.159  2.464  15.216 0.0000000000
104780  56.481  2.084  14.662 0.0000000000
101007  55.340  -0.757  15.506 0.0000000000
103548  57.811  1.698  13.788 0.0000000000
103547  58.711  1.621  13.635 0.0000000000
102273  58.557  0.879  14.125 0.0000000000
60891  8.023  -29.529  53.023 0.0000000000
63626  6.147  -27.397  50.420 0.0000000000
68019  5.596  -24.076  50.846 0.0000000000
68156  22.033  -24.109  42.486 0.0000000000
69395  5.609  -23.802  51.157 0.0000000000
69501  13.041  -24.530  47.703 0.0000000000
69557  9.753  -23.324  45.405 0.0000000000
69675  24.059  -23.280  38.771 0.0000000000
69707  21.587  -22.797  37.854 0.0000000000
69708  21.234  -22.580  38.044 0.0000000000
71147  24.254  -22.267  38.110 0.0000000000
71149  20.998  -22.401  38.123 0.0000000000
71163  22.834  -22.543  37.318 0.0000000000
71166  20.845  -22.239  38.041 0.0000000000
71175  22.723  -22.150  37.192 0.0000000000
72451  23.435  -22.003  37.221 0.0000000000
72466  32.627  -21.446  36.600 0.0000000000
72473  22.483  -21.859  37.167 0.0000000000
72484  31.709  -21.280  35.761 0.0000000000
73628  10.176  -19.944  47.012 0.0000000000
73641  9.348  -21.425  47.025 0.0000000000
73650  11.397  -20.009  45.000 0.0000000000
73810  28.822  -20.781  36.161 0.0000000000
73815  22.721  -21.385  37.038 0.0000000000
73873  34.619  -19.955  33.543 0.0000000000
75096  10.174  -19.822  47.342 0.0000000000
75287  36.662  -19.517  35.917 0.0000000000
75303  35.572  -19.587  34.844 0.0000000000
75419  34.977  -19.033  30.809 0.0000000000
76863  25.817  -18.780  36.554 0.0000000000
76913  25.706  -17.690  33.667 0.0000000000
76944  35.523  -18.529  30.956 0.0000000000
76978  33.933  -17.922  29.335 0.0000000000
79899  25.747  -16.568  33.806 0.0000000000
79933  35.605  -16.900  29.569 0.0000000000
79942  35.724  -16.351  29.349 0.0000000000
79957  34.548  -16.192  28.772 0.0000000000
81317  23.458  -16.208  35.713 0.0000000000
81334  24.305  -16.277  35.099 0.0000000000
81377  36.636  -15.776  29.778 0.0000000000
81378  31.953  -15.624  30.104 0.0000000000
81390  33.249  -15.991  29.026 0.0000000000
81399  35.004  -15.734  28.602 0.0000000000
81401  33.458  -15.594  28.707 0.0000000000
82843  37.888  -14.340  31.828 0.0000000000
82844  31.563  -14.581  32.036 0.0000000000
82879  35.109  -14.223  28.876 0.0000000000
82881  31.621  -14.552  28.844 0.0000000000
82895  34.820  -14.790  28.578 0.0000000000
82897  33.080  -14.758  28.380 0.0000000000
84268  30.325  -13.537  31.196 0.0000000000
84320  33.748  -14.029  28.606 0.0000000000
85621  35.440  -13.343  29.368 0.0000000000
85639  35.929  -12.232  28.375 0.0000000000
85640  35.506  -12.173  28.348 0.0000000000
85708  33.747  -12.103  25.988 0.0000000000
86877  30.543  -11.078  31.747 0.0000000000
86911  37.130  -11.991  29.698 0.0000000000
86914  35.439  -12.581  29.215 0.0000000000
86964  40.235  -12.187  25.638 0.0000000000
88147  30.462  -10.163  29.217 0.0000000000
88182  31.246  -10.650  27.209 0.0000000000
88199  31.593  -10.577  26.663 0.0000000000
89296  30.586  -10.180  28.493 0.0000000000
89359  33.380  -10.104  24.782 0.0000000000
90482  31.625  -9.505  26.751 0.0000000000
93198  37.717  -6.656  21.663 0.0000000000
94390  37.965  -4.699  23.638 0.0000000000
94431  41.141  -6.146  20.601 0.0000000000
94454  39.768  -4.830  20.618 0.0000000000
98337  39.821  -3.094  21.541 0.0000000000
101000  49.813  -0.428  16.488 0.0000000000
102279  58.022  1.092  13.733 0.0000000000
