#!ascii label  , from subject _151 vox2ras=TkReg
1026
107883  15.407  5.084  -30.949 0.2500000000
107882  16.223  4.955  -31.248 0.2500000000
107881  16.758  4.579  -31.183 0.7500000000
112596  15.259  8.244  -29.369 0.2500000000
111485  15.587  7.787  -29.987 0.1250000000
111502  15.888  7.898  -30.705 0.3750000000
111503  15.931  7.097  -30.706 0.2500000000
110333  14.735  5.595  -30.862 0.2500000000
109115  16.351  5.663  -31.336 0.7500000000
109116  15.277  5.428  -31.240 0.3750000000
107880  17.888  4.056  -31.726 0.8750000000
109114  17.291  5.282  -31.643 0.8750000000
111517  15.826  7.333  -31.518 0.3750000000
110361  15.920  6.871  -32.177 0.3750000000
110377  16.253  6.803  -32.592 0.8750000000
110344  16.100  6.236  -31.983 0.7500000000
109128  18.876  5.155  -32.464 1.0000000000
110359  17.928  6.015  -32.399 1.0000000000
109147  16.861  6.225  -32.573 0.8750000000
165599  18.454  4.146  -31.951 1.0000000000
165598  19.034  3.656  -32.076 1.0000000000
112638  16.142  8.560  -30.539 0.2500000000
111516  16.058  8.069  -31.596 0.7500000000
111531  16.397  7.766  -32.399 0.8750000000
111548  16.836  7.313  -33.074 0.8750000000
111532  15.845  7.549  -32.188 0.7500000000
109145  19.420  5.741  -32.660 1.0000000000
110358  18.377  6.049  -32.447 1.0000000000
110374  18.462  6.709  -32.769 1.0000000000
107896  20.036  4.260  -32.515 1.0000000000
109127  19.600  4.956  -32.631 1.0000000000
112620  15.642  8.503  -29.730 0.1250000000
111530  17.060  7.999  -32.641 1.0000000000
111515  16.697  8.126  -31.939 0.8750000000
111547  17.680  7.354  -33.167 1.0000000000
109143  20.570  5.981  -33.029 1.0000000000
109144  20.008  5.758  -32.863 1.0000000000
110373  19.355  6.591  -32.855 1.0000000000
111546  18.602  7.448  -33.050 1.0000000000
107913  20.491  5.199  -32.843 1.0000000000
107877  21.879  4.562  -31.827 1.0000000000
107895  20.915  4.502  -32.733 1.0000000000
114906  18.993  8.760  -28.672 0.2500000000
113784  16.029  9.092  -29.613 0.2500000000
113800  16.615  9.132  -30.238 0.3750000000
113828  17.241  9.437  -31.587 1.0000000000
113814  16.722  9.640  -30.958 0.6250000000
112661  17.469  8.740  -32.292 1.0000000000
112675  18.747  8.348  -33.187 1.0000000000
112676  17.864  8.171  -33.039 1.0000000000
110355  21.561  6.439  -33.016 1.0000000000
110371  20.941  6.555  -33.378 1.0000000000
111544  20.292  7.538  -33.587 1.0000000000
111514  22.298  6.981  -32.225 1.0000000000
109112  21.736  5.547  -32.377 1.0000000000
110342  22.541  6.432  -31.668 1.0000000000
114936  19.723  9.077  -30.210 0.5000000000
114937  18.074  9.493  -30.317 0.3750000000
114938  16.901  9.785  -30.203 0.5000000000
114970  18.112  10.347  -32.139 0.8750000000
113827  17.754  9.721  -32.285 1.0000000000
116107  18.753  10.119  -32.168 1.0000000000
112674  19.578  8.535  -33.480 1.0000000000
113839  18.904  9.369  -33.262 1.0000000000
111529  21.382  8.134  -33.340 1.0000000000
112673  20.371  8.642  -33.595 1.0000000000
111513  22.621  7.515  -31.860 1.0000000000
110331  23.211  6.562  -30.968 0.8750000000
114905  20.506  10.007  -29.243 0.5000000000
116089  20.701  9.822  -32.097 0.6250000000
116090  19.456  9.565  -31.610 1.0000000000
116091  18.419  10.067  -31.584 0.7500000000
114982  19.210  10.295  -33.185 1.0000000000
113823  22.567  9.524  -31.928 1.0000000000
114968  21.689  10.150  -32.839 1.0000000000
113825  21.508  9.632  -33.025 1.0000000000
113837  20.409  9.649  -33.621 1.0000000000
112658  21.769  8.646  -32.585 1.0000000000
112659  21.327  8.748  -33.117 1.0000000000
113799  23.777  9.395  -30.574 0.8750000000
112646  22.943  8.492  -31.456 1.0000000000
111499  23.393  7.489  -30.920 0.8750000000
114935  21.380  9.248  -30.043 0.5000000000
114955  20.609  9.397  -30.984 0.8750000000
116117  20.902  12.138  -33.343 1.0000000000
116118  20.208  11.591  -33.248 1.0000000000
114966  22.891  10.317  -32.056 1.0000000000
114979  21.669  11.295  -32.979 1.0000000000
114981  19.681  10.486  -33.517 1.0000000000
116102  23.215  11.508  -31.807 1.0000000000
113813  23.336  9.430  -31.381 1.0000000000
114931  24.268  10.490  -30.637 1.0000000000
114904  22.204  9.912  -29.351 0.5000000000
114954  21.741  9.730  -31.001 0.8750000000
116088  21.927  10.817  -31.879 1.0000000000
118279  22.470  13.572  -33.112 1.0000000000
117192  21.553  12.194  -32.799 1.0000000000
116104  20.992  11.892  -32.659 1.0000000000
118266  23.654  13.225  -32.606 1.0000000000
118260  24.400  13.114  -31.549 1.0000000000
117176  23.196  12.300  -32.410 1.0000000000
117151  24.757  12.015  -30.661 1.0000000000
117175  23.705  12.282  -31.742 1.0000000000
116072  24.285  11.314  -30.399 0.8750000000
120337  21.184  15.626  -34.823 1.0000000000
119275  20.695  14.189  -31.884 0.3750000000
120346  21.210  15.299  -35.495 0.8750000000
119289  22.066  14.372  -34.058 1.0000000000
119274  24.020  14.279  -32.354 1.0000000000
119283  23.332  14.288  -33.202 1.0000000000
121388  20.961  17.510  -34.439 0.8750000000
121395  21.494  16.183  -34.617 1.0000000000
121401  21.841  16.164  -35.979 1.0000000000
121387  21.599  16.308  -33.972 1.0000000000
120328  22.705  14.990  -34.677 1.0000000000
120311  23.813  15.474  -31.850 1.0000000000
120312  23.239  15.203  -32.869 1.0000000000
165797  21.889  18.394  -33.361 1.0000000000
121362  22.116  17.165  -32.964 1.0000000000
121360  23.922  17.086  -31.877 1.0000000000
121361  22.809  16.131  -32.571 1.0000000000
128405  21.331  24.241  -35.498 0.1250000000
129332  21.380  25.168  -35.005 0.1250000000
129356  20.667  24.237  -37.217 0.2500000000
129355  21.233  24.904  -36.661 0.1250000000
129369  20.646  24.552  -38.066 0.3750000000
130331  20.893  26.082  -36.484 0.2500000000
129382  20.516  24.612  -39.023 0.5000000000
130360  20.540  25.684  -38.556 0.2500000000
131406  20.230  26.710  -38.996 0.3750000000
130318  20.840  26.201  -35.371 0.2500000000
131383  20.363  26.813  -37.462 0.2500000000
131382  20.523  27.188  -36.851 0.2500000000
132444  20.846  27.660  -36.846 0.2500000000
131405  19.988  27.389  -38.472 0.2500000000
132470  20.550  27.980  -38.557 0.2500000000
132486  20.377  27.345  -39.304 0.3750000000
131395  20.121  27.477  -37.744 0.2500000000
132484  22.234  27.423  -39.646 0.3750000000
132469  22.103  28.052  -38.924 0.2500000000
109101  15.981  5.741  -30.506 0.1250000000
110345  15.587  6.335  -31.420 0.2500000000
111486  15.854  7.169  -29.860 0.1250000000
107878  21.341  4.160  -32.260 1.0000000000
107866  16.206  4.808  -30.031 0.1250000000
106661  16.779  3.652  -31.145 0.6250000000
106660  18.137  3.459  -31.104 0.7500000000
111467  15.307  7.783  -29.346 0.1250000000
106694  18.449  2.552  -33.192 1.0000000000
110319  16.086  6.464  -29.789 0.1250000000
165597  18.507  2.360  -34.035 1.0000000000
106677  20.317  3.384  -32.370 1.0000000000
106658  21.567  3.528  -31.704 1.0000000000
114907  17.480  8.915  -29.092 0.2500000000
114908  16.611  9.599  -29.444 0.2500000000
112634  24.391  8.395  -30.181 0.8750000000
111498  24.322  7.484  -30.502 0.8750000000
113798  24.574  9.336  -30.028 0.8750000000
117165  22.723  11.492  -31.092 0.6250000000
118243  24.545  12.510  -31.018 1.0000000000
114930  25.027  10.212  -30.168 0.8750000000
120329  20.360  15.577  -34.271 0.5000000000
119284  20.488  14.613  -33.363 0.3750000000
118281  21.057  14.347  -33.630 0.8750000000
119273  24.718  14.411  -31.351 1.0000000000
120310  24.818  15.696  -31.203 1.0000000000
125684  21.162  19.761  -35.121 0.8750000000
125665  22.566  19.872  -34.785 1.0000000000
165798  22.420  19.090  -33.346 1.0000000000
122493  24.366  18.307  -32.304 1.0000000000
128388  22.136  24.449  -34.075 0.1250000000
128406  20.370  23.398  -35.091 0.1250000000
127516  20.678  22.594  -37.774 0.6250000000
128443  20.643  23.499  -38.544 0.6250000000
129391  21.440  24.638  -39.384 0.5000000000
129342  21.435  25.541  -36.103 0.2500000000
130371  21.183  25.545  -39.774 0.5000000000
131368  20.163  26.874  -34.854 0.2500000000
131367  20.587  27.099  -35.633 0.2500000000
131419  20.691  26.540  -39.766 0.5000000000
131418  21.625  26.528  -40.016 0.5000000000
131366  21.331  27.389  -35.370 0.1250000000
132443  21.423  27.821  -36.941 0.2500000000
132454  22.746  28.050  -38.099 0.2500000000
132467  23.607  28.746  -38.942 0.2500000000
131380  22.070  27.438  -36.319 0.1250000000
107867  15.959  5.226  -30.822 0.1250000000
106663  16.144  4.950  -30.741 0.3750000000
106662  15.998  3.946  -30.915 0.5000000000
110332  15.450  6.117  -30.712 0.1250000000
109113  17.901  4.857  -32.015 0.8750000000
107897  18.458  2.923  -32.820 1.0000000000
165595  18.409  2.887  -33.001 1.0000000000
110375  17.584  6.527  -32.820 1.0000000000
109129  18.167  5.370  -32.291 1.0000000000
106678  19.327  2.940  -32.411 1.0000000000
112648  16.652  8.753  -31.331 0.8750000000
109125  21.283  5.492  -32.789 1.0000000000
110372  20.116  6.608  -33.348 1.0000000000
111545  19.466  7.506  -33.279 1.0000000000
107894  21.421  4.838  -32.464 1.0000000000
114957  17.165  10.148  -31.086 0.5000000000
114971  17.594  10.113  -31.707 0.8750000000
112660  18.155  9.055  -32.841 1.0000000000
110343  22.074  6.411  -32.352 1.0000000000
110370  21.389  6.909  -33.407 1.0000000000
111543  21.182  7.615  -33.518 1.0000000000
111528  21.968  7.548  -32.949 1.0000000000
114956  17.857  10.266  -31.336 0.6250000000
116076  18.727  9.538  -30.973 0.6250000000
113826  18.459  9.869  -32.722 1.0000000000
116106  19.440  10.247  -32.626 1.0000000000
112672  20.944  8.776  -33.498 1.0000000000
113838  19.745  9.783  -33.560 1.0000000000
111527  22.236  8.051  -32.425 1.0000000000
112635  23.526  8.435  -30.661 0.8750000000
110330  24.197  6.616  -30.694 0.8750000000
116105  20.344  11.022  -32.703 1.0000000000
116130  19.872  11.229  -33.569 1.0000000000
114951  23.652  10.383  -31.322 1.0000000000
113824  21.861  9.530  -32.401 1.0000000000
113836  21.004  9.966  -33.612 1.0000000000
114967  21.931  10.665  -32.396 1.0000000000
117190  22.582  12.496  -32.654 1.0000000000
116115  22.056  11.780  -32.610 1.0000000000
116128  20.853  11.528  -33.680 1.0000000000
114992  21.026  10.973  -33.704 1.0000000000
116103  22.619  11.545  -32.266 1.0000000000
117164  24.012  12.208  -30.850 1.0000000000
116086  23.638  11.587  -30.999 1.0000000000
114933  23.596  10.238  -30.276 0.6250000000
114953  22.775  10.245  -30.772 0.7500000000
117191  22.027  12.721  -32.715 1.0000000000
117177  21.854  13.178  -32.763 1.0000000000
119288  22.532  14.521  -33.676 1.0000000000
118278  23.097  13.686  -33.184 1.0000000000
118267  23.032  13.053  -32.797 1.0000000000
120330  20.063  15.195  -34.911 0.7500000000
118318  21.758  14.747  -36.543 1.0000000000
119291  20.525  14.782  -34.664 0.7500000000
118268  21.655  13.335  -32.764 1.0000000000
120334  22.536  14.722  -35.520 1.0000000000
121399  22.563  15.167  -35.893 1.0000000000
121386  22.427  16.191  -34.481 1.0000000000
121377  22.662  15.775  -33.643 1.0000000000
120324  22.771  15.137  -33.744 1.0000000000
121385  22.865  15.716  -34.653 1.0000000000
121378  22.052  16.129  -33.335 1.0000000000
165793  22.985  18.596  -32.539 1.0000000000
124692  22.092  19.194  -34.336 1.0000000000
128389  21.409  23.943  -34.504 0.1250000000
128422  21.449  24.429  -36.119 0.1250000000
130345  20.615  25.859  -37.535 0.2500000000
128423  20.892  23.576  -36.313 0.3750000000
128433  20.556  23.371  -37.518 0.5000000000
128452  20.776  24.100  -39.191 0.7500000000
132455  21.638  28.068  -37.825 0.2500000000
133392  22.770  28.478  -39.239 0.2500000000
106644  15.822  4.479  -30.671 0.2500000000
107855  16.261  4.334  -29.823 0.1250000000
106643  15.811  3.703  -30.287 0.1250000000
105404  16.114  3.322  -30.981 0.6250000000
105437  16.886  2.091  -33.841 1.0000000000
118262  21.025  13.511  -31.052 0.5000000000
116075  22.960  11.479  -30.427 0.6250000000
117166  21.809  12.487  -31.602 0.7500000000
118261  21.169  13.422  -31.661 0.7500000000
117167  21.577  13.260  -31.183 0.8750000000
118269  21.202  13.603  -32.585 1.0000000000
119290  21.513  14.429  -34.427 1.0000000000
125666  22.020  19.727  -34.911 1.0000000000
125664  23.237  20.225  -34.520 1.0000000000
127485  19.969  22.601  -35.568 0.3750000000
127524  20.796  22.809  -38.250 0.7500000000
128442  21.257  23.807  -38.853 0.7500000000
133403  23.610  28.442  -39.828 0.2500000000
132483  22.992  27.750  -40.161 0.3750000000
99102  18.934  -1.480  -29.883 0.7500000000
100342  20.086  -1.676  -29.955 0.7500000000
100360  18.160  -0.943  -29.893 0.7500000000
101673  17.980  -0.236  -30.008 0.7500000000
100372  19.917  -0.780  -31.252 0.7500000000
99120  19.191  -0.992  -30.308 0.7500000000
101690  19.354  -0.578  -30.605 0.7500000000
101672  18.999  -0.056  -30.369 0.7500000000
100357  20.356  -0.689  -30.929 0.7500000000
100389  19.854  -0.548  -31.651 0.7500000000
101689  19.448  0.018  -30.866 0.7500000000
106640  18.104  2.837  -30.369 0.7500000000
106642  17.161  3.527  -30.641 0.6250000000
102938  19.440  0.839  -31.159 0.7500000000
104147  19.053  1.536  -30.894 0.8750000000
105401  18.550  2.648  -30.948 0.8750000000
101688  20.767  -0.022  -31.256 0.7500000000
100387  20.291  -0.236  -32.000 0.7500000000
101703  20.186  0.165  -31.837 0.7500000000
104182  18.715  1.997  -32.142 0.8750000000
105435  18.544  2.241  -33.132 0.8750000000
102937  20.882  0.850  -31.391 0.7500000000
102949  20.382  0.926  -31.535 0.7500000000
104180  20.036  1.879  -31.517 0.8750000000
105459  18.809  1.650  -34.114 0.8750000000
104162  21.192  1.764  -31.018 0.7500000000
105415  20.536  2.606  -31.970 0.8750000000
106639  22.908  3.354  -30.537 0.8750000000
106657  22.327  3.670  -31.087 0.8750000000
107853  24.545  4.434  -29.374 0.3750000000
109084  24.366  4.999  -29.813 0.6250000000
107865  23.365  4.594  -30.600 0.7500000000
107876  22.646  4.627  -31.182 0.7500000000
109066  25.825  5.002  -28.688 0.5000000000
109083  24.971  5.565  -29.436 0.5000000000
109098  24.615  6.091  -30.305 0.7500000000
110313  27.223  7.069  -28.534 0.1250000000
110314  26.652  6.753  -28.612 0.3750000000
110315  25.729  6.631  -29.426 0.6250000000
110329  24.945  6.636  -30.211 0.6250000000
111497  25.266  7.514  -30.101 0.6250000000
109096  28.993  5.685  -29.638 0.1250000000
110328  28.259  6.918  -29.006 0.1250000000
111480  27.015  7.713  -28.579 0.1250000000
111478  28.594  7.976  -29.144 0.1250000000
112616  26.265  8.335  -29.337 0.6250000000
113781  26.224  8.983  -28.865 0.6250000000
113797  25.557  9.219  -29.502 0.7500000000
111495  29.147  7.477  -29.739 0.1250000000
112631  29.641  8.626  -30.628 0.1250000000
113779  28.093  9.390  -29.176 0.1250000000
114899  26.358  9.083  -29.428 0.5000000000
110326  29.371  6.887  -30.446 0.1250000000
114897  27.766  9.944  -29.970 0.5000000000
114928  27.225  10.740  -29.539 0.5000000000
116070  26.298  11.365  -30.079 0.6250000000
116071  25.301  11.181  -30.176 0.7500000000
124704  20.593  19.053  -34.715 0.6250000000
125685  19.906  19.770  -35.239 0.5000000000
117148  27.429  12.688  -30.069 0.6250000000
118241  25.631  13.121  -30.477 0.6250000000
117147  28.398  12.628  -30.253 0.5000000000
118240  26.516  13.934  -29.979 0.6250000000
125698  20.505  20.354  -35.849 0.7500000000
118259  24.999  13.501  -31.102 0.8750000000
121359  25.342  16.707  -31.297 0.8750000000
118257  26.155  14.439  -30.618 0.7500000000
120309  26.056  15.621  -31.580 0.8750000000
122477  25.044  17.584  -31.545 0.8750000000
123574  25.092  18.342  -32.000 0.8750000000
118238  28.491  13.416  -30.433 0.3750000000
118239  27.917  13.766  -29.688 0.5000000000
119252  27.414  14.566  -30.027 0.5000000000
119271  26.680  14.789  -30.936 0.6250000000
118265  29.249  13.611  -32.278 0.2500000000
119250  28.433  13.927  -30.603 0.3750000000
119270  27.663  14.872  -30.910 0.5000000000
126599  20.738  20.787  -36.707 0.6250000000
126598  21.446  20.907  -36.627 0.7500000000
126587  21.059  20.644  -36.041 0.7500000000
125683  22.193  20.253  -35.187 0.8750000000
124676  24.275  19.239  -32.811 0.7500000000
124660  25.176  18.856  -32.470 0.8750000000
121358  26.522  16.600  -31.512 0.7500000000
119269  28.451  14.463  -31.448 0.3750000000
120307  28.008  15.374  -31.431 0.5000000000
123557  26.271  18.082  -31.911 0.7500000000
126600  20.041  21.013  -36.546 0.6250000000
126586  21.821  20.884  -35.843 0.8750000000
125682  22.854  20.356  -35.080 0.8750000000
127466  23.539  21.496  -35.281 0.7500000000
125643  24.674  19.936  -33.708 0.8750000000
124675  25.455  19.413  -33.124 0.7500000000
122475  27.054  17.532  -31.846 0.5000000000
121375  28.426  16.570  -32.713 0.2500000000
121376  28.037  16.595  -31.979 0.5000000000
119282  28.806  14.589  -32.682 0.2500000000
127500  20.748  21.690  -37.167 0.5000000000
127515  21.073  22.392  -37.844 0.6250000000
127498  22.591  22.467  -37.325 0.7500000000
128404  23.457  22.398  -36.119 0.7500000000
128421  23.301  22.784  -36.655 0.7500000000
127465  24.317  21.946  -34.842 0.7500000000
127482  23.800  22.169  -35.652 0.7500000000
126570  25.026  21.415  -34.215 0.7500000000
125662  25.823  21.004  -34.001 0.7500000000
126569  26.136  21.700  -34.425 0.7500000000
124673  27.369  19.512  -33.427 0.5000000000
125640  27.490  19.985  -33.760 0.3750000000
125641  26.990  20.122  -33.653 0.6250000000
122489  28.475  17.462  -33.128 0.2500000000
123571  27.881  18.339  -32.566 0.3750000000
124672  27.996  19.335  -33.475 0.3750000000
127522  21.619  23.271  -38.446 0.6250000000
127514  21.906  22.828  -37.884 0.7500000000
128431  23.131  23.394  -37.768 0.7500000000
128420  24.070  23.709  -36.715 0.7500000000
128402  24.872  23.222  -36.011 0.7500000000
127463  26.354  22.492  -34.884 0.6250000000
125660  27.725  20.490  -34.212 0.3750000000
126568  27.331  21.865  -34.796 0.3750000000
122502  28.754  17.543  -34.146 0.1250000000
124703  28.701  19.560  -35.201 0.1250000000
124689  28.332  19.519  -34.214 0.2500000000
128441  22.237  23.533  -38.424 0.6250000000
129379  23.250  24.137  -38.393 0.7500000000
127479  26.892  22.902  -35.728 0.3750000000
127480  25.682  22.793  -35.534 0.3750000000
127464  25.373  22.260  -34.793 0.7500000000
126567  28.117  21.057  -34.989 0.2500000000
123612  28.710  18.694  -36.885 0.1250000000
124714  28.539  19.629  -36.276 0.1250000000
122508  28.921  17.624  -35.272 0.1250000000
129381  21.834  24.259  -38.782 0.6250000000
129380  22.575  24.324  -38.693 0.6250000000
130329  24.394  24.829  -37.236 0.3750000000
129367  23.721  24.185  -37.898 0.3750000000
129352  25.584  24.935  -36.877 0.3750000000
127512  27.685  22.804  -36.949 0.2500000000
128401  25.858  23.218  -36.236 0.3750000000
125697  28.479  20.805  -36.830 0.1250000000
126583  28.028  21.707  -35.895 0.3750000000
126584  27.547  22.328  -35.545 0.3750000000
123621  28.360  18.706  -37.863 0.1250000000
125681  28.395  20.512  -35.647 0.1250000000
130369  23.331  26.036  -39.529 0.3750000000
129390  22.085  24.732  -39.098 0.3750000000
130343  23.643  24.532  -38.314 0.3750000000
130341  25.046  25.662  -37.660 0.3750000000
130342  24.130  25.008  -37.878 0.3750000000
129364  26.446  25.133  -37.711 0.3750000000
129365  25.751  25.408  -37.490 0.3750000000
130328  24.662  25.177  -37.128 0.3750000000
128428  27.921  23.533  -37.578 0.3750000000
128417  26.918  23.494  -36.611 0.3750000000
129351  26.655  24.285  -37.003 0.3750000000
126621  28.951  21.319  -39.720 0.1250000000
126597  28.214  21.840  -36.901 0.1250000000
127511  28.122  22.696  -37.401 0.2500000000
124726  28.420  19.484  -38.486 0.1250000000
131414  24.992  27.010  -39.253 0.2500000000
130355  26.165  25.947  -38.345 0.2500000000
130356  25.325  26.084  -38.425 0.3750000000
130357  24.428  25.770  -39.014 0.3750000000
129375  28.475  25.049  -38.629 0.1250000000
129378  26.710  25.489  -38.258 0.3750000000
130340  25.781  25.676  -37.915 0.3750000000
129376  28.303  24.644  -38.389 0.1250000000
129363  27.453  24.238  -37.583 0.2500000000
127530  29.287  22.500  -40.118 0.1250000000
128439  28.386  23.505  -38.024 0.1250000000
131416  23.445  27.014  -39.734 0.3750000000
130368  23.889  26.429  -39.489 0.3750000000
131403  25.536  26.731  -38.797 0.2500000000
130353  27.904  25.767  -38.545 0.1250000000
131401  27.358  27.032  -38.898 0.1250000000
130367  28.537  25.754  -38.975 0.1250000000
131412  28.198  27.132  -39.578 0.1250000000
126626  29.140  22.072  -41.069 0.1250000000
128467  29.017  23.967  -40.970 0.1250000000
132491  28.022  28.317  -40.456 0.1250000000
130387  28.961  26.104  -41.090 0.1250000000
131425  28.753  27.279  -40.672 0.1250000000
127554  29.206  23.162  -42.321 0.1250000000
126634  29.265  22.284  -42.033 0.1250000000
105416  19.724  2.553  -32.176 0.8750000000
106656  22.982  3.941  -30.736 0.6250000000
116069  27.272  11.690  -30.020 0.6250000000
119272  25.698  14.709  -31.341 0.8750000000
121357  27.447  16.617  -31.625 0.5000000000
120322  28.423  15.631  -32.107 0.3750000000
127484  21.964  21.152  -36.599 0.8750000000
126585  22.717  20.842  -35.525 0.8750000000
127483  22.809  21.670  -36.214 0.7500000000
126572  23.247  20.856  -35.069 0.8750000000
126571  23.792  21.175  -34.305 0.7500000000
126549  25.214  20.659  -33.876 0.7500000000
122491  27.450  17.977  -32.296 0.5000000000
123586  27.656  18.962  -32.985 0.5000000000
123572  26.847  18.483  -32.612 0.7500000000
122490  27.982  17.484  -32.302 0.5000000000
127531  29.098  22.506  -39.497 0.1250000000
130354  26.961  25.982  -38.522 0.2500000000
130379  28.779  26.028  -39.965 0.1250000000
111481  26.048  7.586  -29.232 0.5000000000
116068  28.216  11.693  -30.118 0.3750000000
118255  29.501  13.065  -31.799 0.2500000000
123558  25.545  18.054  -31.762 0.7500000000
128450  28.909  23.633  -38.841 0.1250000000
118275  29.610  13.067  -32.900 0.1250000000
99091  18.879  -2.474  -29.676 0.7500000000
99092  18.009  -2.347  -29.204 0.7500000000
100343  17.665  -1.065  -29.263 0.7500000000
101653  17.479  -0.283  -29.381 0.7500000000
99090  19.443  -2.415  -29.710 0.7500000000
99101  19.372  -1.630  -29.964 0.7500000000
99088  20.638  -2.092  -29.118 0.7500000000
105368  17.155  2.353  -29.775 0.6250000000
102920  18.367  0.683  -30.350 0.7500000000
102918  21.456  0.686  -30.684 0.7500000000
105384  22.219  2.394  -30.328 0.6250000000
106637  24.321  3.479  -29.658 0.3750000000
106638  23.642  3.532  -30.328 0.5000000000
107852  25.272  4.421  -28.780 0.1250000000
109081  27.462  5.556  -28.340 0.1250000000
109097  28.194  5.912  -28.560 0.1250000000
109110  29.200  5.744  -31.308 0.1250000000
110340  29.639  6.803  -31.216 0.1250000000
111511  29.401  7.754  -31.786 0.1250000000
112645  29.560  8.969  -31.628 0.1250000000
113794  29.644  9.781  -30.609 0.1250000000
114925  29.726  10.775  -30.867 0.1250000000
116067  29.149  11.675  -30.449 0.2500000000
117146  29.206  12.491  -30.977 0.2500000000
119287  28.698  14.615  -33.704 0.1250000000
120333  28.659  15.541  -34.260 0.1250000000
121391  28.748  16.546  -34.798 0.1250000000
122512  28.646  17.731  -36.344 0.1250000000
127501  20.383  22.194  -36.626 0.3750000000
165779  28.319  17.903  -37.464 0.1250000000
125717  28.350  20.443  -40.128 0.1250000000
124748  28.014  19.913  -41.438 0.1250000000
130305  20.794  26.142  -34.407 0.1250000000
133401  25.151  28.454  -40.631 0.2500000000
133400  25.903  28.467  -40.599 0.1250000000
133409  26.080  28.922  -40.841 0.1250000000
129405  29.199  25.006  -41.501 0.1250000000
126643  28.568  21.871  -42.919 0.1250000000
128466  29.338  24.014  -41.916 0.1250000000
109100  22.915  5.567  -30.980 0.7500000000
117150  25.613  12.129  -30.586 0.7500000000
165791  20.643  16.634  -33.345 0.3750000000
106676  21.038  3.411  -32.290 0.8750000000
104165  18.476  2.059  -31.825 0.8750000000
112633  25.448  8.391  -29.936 0.6250000000
124691  22.800  19.698  -34.377 0.8750000000
125644  23.256  19.580  -33.679 0.8750000000
130370  22.251  25.465  -39.609 0.3750000000
131417  22.613  26.721  -39.896 0.3750000000
132482  23.883  27.867  -39.876 0.2500000000
100359  18.850  -0.854  -30.145 0.7500000000
99103  18.325  -1.377  -29.728 0.7500000000
99118  19.691  -1.270  -30.510 0.7500000000
99100  19.767  -1.740  -29.948 0.7500000000
99089  20.028  -2.355  -29.576 0.7500000000
100341  20.633  -1.382  -30.004 0.7500000000
102901  17.403  0.494  -29.398 0.7500000000
102921  17.777  0.745  -29.999 0.7500000000
100373  19.727  -0.592  -31.038 0.7500000000
102919  19.061  0.684  -30.678 0.7500000000
101704  19.814  0.101  -31.568 0.7500000000
104149  17.925  1.389  -30.249 0.7500000000
105387  16.997  3.149  -29.959 0.6250000000
104148  18.543  1.756  -30.610 0.7500000000
102951  19.703  1.159  -31.445 0.8750000000
101702  20.481  0.139  -31.732 0.7500000000
102950  20.032  0.959  -31.600 0.8750000000
104181  19.328  1.999  -32.092 0.8750000000
104179  20.645  1.805  -31.375 0.7500000000
105400  21.748  2.720  -30.934 0.7500000000
105414  21.124  2.637  -31.603 0.8750000000
105399  22.434  2.991  -30.538 0.6250000000
107864  24.082  4.406  -30.099 0.6250000000
109099  23.960  5.566  -30.350 0.7500000000
109082  26.247  5.737  -28.822 0.5000000000
109065  26.685  4.885  -28.379 0.1250000000
110327  28.933  6.780  -29.763 0.1250000000
109109  29.524  6.407  -30.831 0.1250000000
111496  28.704  7.424  -29.084 0.1250000000
112615  26.963  8.188  -28.977 0.5000000000
112614  27.965  8.455  -28.862 0.1250000000
112613  28.928  8.526  -29.398 0.1250000000
113780  26.881  8.821  -29.154 0.5000000000
111494  29.520  7.604  -30.641 0.1250000000
113778  28.927  9.346  -29.590 0.1250000000
113796  28.358  9.880  -29.842 0.1250000000
114929  25.975  9.984  -29.469 0.6250000000
114950  28.608  10.438  -30.110 0.1250000000
117149  26.470  12.480  -30.323 0.6250000000
122476  25.963  17.451  -31.578 0.7500000000
124659  25.988  18.949  -32.723 0.7500000000
120308  27.209  15.672  -31.452 0.5000000000
127499  21.648  21.614  -37.183 0.6250000000
126550  24.486  20.756  -33.904 0.7500000000
124674  26.526  19.364  -33.219 0.6250000000
125642  25.930  20.216  -33.625 0.7500000000
122474  27.669  17.082  -31.875 0.5000000000
121384  28.619  16.551  -33.699 0.1250000000
120327  28.713  15.598  -33.183 0.2500000000
127513  22.563  22.938  -37.754 0.7500000000
127481  24.647  22.595  -35.427 0.7500000000
125661  26.694  20.916  -34.103 0.6250000000
124690  27.799  19.779  -33.803 0.3750000000
123585  28.424  18.526  -33.405 0.1250000000
129353  24.594  24.637  -36.759 0.3750000000
125659  28.456  20.311  -34.772 0.3750000000
123596  28.867  18.498  -34.781 0.1250000000
123605  28.687  18.630  -35.745 0.1250000000
127497  27.474  22.959  -36.477 0.3750000000
128400  26.456  23.307  -36.354 0.3750000000
124720  28.569  19.652  -37.405 0.1250000000
130358  23.304  24.966  -38.893 0.3750000000
127496  27.863  22.414  -36.620 0.2500000000
125706  28.603  20.581  -38.044 0.1250000000
126609  28.553  21.664  -37.695 0.1250000000
129377  27.275  25.133  -38.257 0.3750000000
129350  27.171  23.854  -37.036 0.3750000000
125712  28.760  20.351  -39.135 0.1250000000
126615  28.877  21.487  -38.723 0.1250000000
126620  29.223  22.008  -40.263 0.1250000000
126627  28.858  21.251  -40.641 0.1250000000
127521  28.668  22.573  -38.357 0.1250000000
132465  25.699  27.363  -39.238 0.2500000000
132481  24.872  27.784  -39.738 0.2500000000
131402  26.367  26.827  -38.678 0.2500000000
129389  28.984  24.852  -39.240 0.1250000000
127548  29.120  23.246  -40.604 0.1250000000
127539  29.303  22.925  -40.152 0.1250000000
127547  29.189  23.043  -41.336 0.1250000000
132464  26.402  27.495  -39.251 0.1250000000
131413  27.497  27.560  -39.566 0.1250000000
129398  28.926  24.925  -40.466 0.1250000000
126635  28.869  21.327  -41.660 0.1250000000
128459  29.035  23.708  -39.969 0.1250000000
133408  27.078  29.029  -40.666 0.1250000000
133399  26.562  28.609  -40.539 0.1250000000
97810  18.423  -3.308  -29.193 0.7500000000
97808  19.572  -2.930  -29.469 0.7500000000
104131  17.402  1.548  -29.735 0.5000000000
104145  22.254  1.711  -29.901 0.6250000000
105383  22.936  2.703  -29.716 0.5000000000
113810  30.160  9.991  -31.680 0.1250000000
112655  29.342  9.280  -32.729 0.1250000000
114949  28.988  10.435  -30.217 0.1250000000
124739  27.835  19.660  -40.732 0.1250000000
125723  28.451  20.438  -41.122 0.1250000000
100326  17.256  -1.898  -28.633 0.7500000000
101654  16.937  -0.213  -28.757 0.5000000000
96478  19.277  -4.249  -28.732 0.6250000000
97793  19.374  -3.710  -29.048 0.6250000000
99074  20.490  -2.832  -28.857 0.3750000000
99072  22.185  -2.335  -27.849 0.2500000000
105382  24.109  2.826  -29.832 0.3750000000
125699  20.129  20.415  -36.127 0.3750000000
126601  19.893  21.500  -36.217 0.2500000000
97809  19.181  -3.392  -29.393 0.6250000000
101652  21.586  -0.593  -29.666 0.5000000000
102900  21.629  0.018  -30.228 0.5000000000
102899  22.050  0.596  -29.672 0.3750000000
97774  21.740  -3.676  -27.822 0.5000000000
97791  20.801  -3.632  -28.253 0.6250000000
95167  19.828  -5.409  -28.404 0.6250000000
101655  16.537  -0.775  -28.496 0.3750000000
100327  16.664  -1.632  -28.365 0.3750000000
96494  18.716  -3.838  -28.962 0.6250000000
99075  17.331  -2.591  -28.623 0.6250000000
95165  21.987  -5.796  -27.770 0.3750000000
96477  20.284  -4.535  -28.342 0.5000000000
101636  16.510  -0.016  -28.500 0.2500000000
96457  22.211  -4.305  -27.676 0.3750000000
100324  21.883  -1.532  -28.201 0.2500000000
99052  22.161  -3.041  -27.789 0.2500000000
105403  16.379  3.273  -30.779 0.3750000000
101635  21.789  -0.823  -28.707 0.2500000000
102885  22.587  0.453  -28.667 0.3750000000
104116  22.907  0.914  -28.401 0.2500000000
105367  23.183  2.276  -28.954 0.2500000000
105366  23.890  2.361  -29.216 0.2500000000
116052  16.726  10.546  -29.172 0.1250000000
106626  24.901  3.580  -28.926 0.2500000000
117154  21.880  12.930  -30.517 0.3750000000
117130  23.179  11.791  -29.597 0.2500000000
127502  19.737  21.867  -35.838 0.2500000000
105388  15.946  2.946  -30.522 0.2500000000
117153  22.950  11.857  -30.279 0.3750000000
101670  21.154  -0.428  -30.595 0.5000000000
100344  16.924  -1.104  -28.607 0.5000000000
97792  19.809  -3.448  -28.937 0.6250000000
105365  24.530  2.810  -29.076 0.2500000000
102902  16.995  0.724  -28.843 0.3750000000
97811  17.934  -3.193  -28.913 0.6250000000
104132  17.086  1.334  -29.187 0.3750000000
104130  22.679  1.613  -28.819 0.2500000000
99073  21.409  -2.602  -28.413 0.2500000000
99051  22.909  -2.809  -27.380 0.2500000000
100325  21.165  -1.428  -28.923 0.3750000000
101651  22.217  -0.249  -29.017 0.3750000000
96476  21.436  -4.692  -27.686 0.5000000000
96475  22.510  -4.966  -27.819 0.3750000000
100345  16.599  -1.129  -28.431 0.3750000000
96495  18.368  -3.781  -28.792 0.6250000000
95166  20.824  -5.612  -27.967 0.3750000000
95151  17.399  -5.012  -27.666 0.5000000000
93928  21.293  -6.540  -28.034 0.2500000000
93929  20.297  -6.377  -28.267 0.3750000000
96458  18.009  -4.575  -28.096 0.5000000000
96481  16.915  -3.996  -27.741 0.5000000000
96479  18.266  -4.336  -28.399 0.5000000000
96480  17.465  -4.156  -28.175 0.5000000000
97795  17.352  -3.302  -28.482 0.3750000000
97794  17.972  -3.677  -28.648 0.5000000000
93890  16.198  -5.920  -26.667 0.1250000000
93911  17.104  -5.823  -27.325 0.3750000000
99076  16.688  -2.683  -28.193 0.2500000000
91249  16.692  -8.298  -26.541 0.1250000000
92578  16.711  -6.464  -27.004 0.2500000000
92576  18.345  -7.194  -27.459 0.3750000000
92594  21.533  -7.331  -28.246 0.2500000000
93909  19.014  -6.651  -27.741 0.3750000000
93931  18.893  -6.016  -27.940 0.5000000000
92557  16.246  -7.140  -26.684 0.1250000000
92577  17.449  -6.779  -27.261 0.3750000000
95153  16.161  -4.838  -26.897 0.1250000000
97776  16.144  -3.464  -27.203 0.1250000000
117162  29.604  12.340  -31.813 0.1250000000
95168  18.873  -5.277  -28.152 0.5000000000
99077  16.301  -1.907  -28.148 0.2500000000
100328  16.452  -1.151  -28.242 0.2500000000
93927  22.393  -6.469  -28.691 0.2500000000
93910  18.157  -5.940  -27.617 0.5000000000
95170  17.110  -4.509  -27.713 0.5000000000
93930  19.462  -6.169  -28.217 0.3750000000
92596  19.800  -7.110  -28.061 0.3750000000
95152  16.549  -4.962  -27.291 0.2500000000
96460  16.498  -4.192  -27.398 0.1250000000
97775  16.465  -3.481  -27.617 0.1250000000
97796  16.822  -3.409  -28.030 0.1250000000
93891  15.569  -6.074  -26.225 0.1250000000
93912  16.623  -5.777  -27.040 0.2500000000
95137  16.187  -5.159  -26.804 0.1250000000
95138  15.887  -5.023  -26.430 0.1250000000
99053  16.428  -2.958  -27.796 0.1250000000
91250  15.785  -7.818  -26.240 0.1250000000
91278  20.215  -7.609  -28.194 0.2500000000
96461  16.109  -4.234  -27.038 0.1250000000
91266  17.547  -7.867  -27.320 0.2500000000
90060  19.388  -8.688  -27.450 0.2500000000
104117  16.666  1.504  -28.846 0.2500000000
92595  20.634  -7.171  -28.170 0.2500000000
91267  16.892  -7.333  -26.989 0.1250000000
92575  19.161  -7.491  -27.648 0.2500000000
91265  18.697  -8.336  -27.379 0.1250000000
105353  16.446  2.203  -29.206 0.1250000000
124705  20.358  18.902  -34.485 0.1250000000
125667  19.886  19.359  -34.374 0.1250000000
126589  19.509  21.113  -35.648 0.1250000000
165795  20.071  19.467  -33.291 0.1250000000
125668  19.080  19.844  -34.667 0.1250000000
127486  19.230  21.883  -35.112 0.1250000000
126555  19.344  20.533  -34.159 0.1250000000
127469  19.195  21.776  -34.266 0.1250000000
127452  20.055  21.712  -33.781 0.1250000000
120325  20.350  15.366  -32.891 0.1250000000
116048  21.809  10.730  -28.459 0.1250000000
101637  16.237  -0.273  -28.250 0.1250000000
104118  16.426  1.256  -28.360 0.1250000000
165792  20.265  18.348  -33.663 0.1250000000
123542  20.480  18.845  -32.989 0.1250000000
126535  20.883  20.321  -32.344 0.1250000000
126553  20.769  21.097  -32.963 0.1250000000
127468  19.514  22.291  -34.061 0.1250000000
105369  16.605  2.228  -29.565 0.1250000000
125686  19.017  20.249  -35.388 0.1250000000
102886  16.560  0.506  -28.476 0.1250000000
102887  16.210  0.662  -28.139 0.1250000000
117131  22.291  12.159  -29.077 0.1250000000
105370  16.128  2.715  -29.682 0.1250000000
105354  16.339  2.219  -28.674 0.1250000000
165796  20.037  18.851  -33.475 0.1250000000
127453  19.619  21.075  -33.884 0.1250000000
122463  20.274  17.966  -31.456 0.1250000000
126552  21.493  21.470  -32.798 0.1250000000
95164  22.778  -5.451  -28.793 0.1250000000
96474  23.386  -4.605  -28.588 0.1250000000
97773  22.545  -3.686  -27.667 0.1250000000
97772  23.366  -3.807  -27.812 0.1250000000
100307  22.596  -1.657  -27.580 0.1250000000
101634  22.423  -0.504  -27.950 0.1250000000
101633  23.439  -0.357  -27.600 0.1250000000
102882  25.232  0.422  -27.444 0.1250000000
102883  24.072  0.326  -27.726 0.1250000000
104113  25.579  1.764  -27.643 0.1250000000
104129  23.678  1.809  -28.585 0.1250000000
104112  26.995  1.437  -28.279 0.1250000000
105364  25.338  2.779  -28.403 0.1250000000
91276  21.289  -8.010  -28.222 0.1250000000
91264  19.798  -8.109  -27.892 0.1250000000
93926  23.130  -6.729  -29.020 0.1250000000
95184  23.592  -5.353  -29.350 0.1250000000
93949  23.462  -6.156  -29.302 0.1250000000
97790  23.785  -4.019  -28.295 0.1250000000
99070  24.728  -3.172  -28.207 0.1250000000
100305  24.476  -1.854  -27.509 0.1250000000
101617  23.902  -1.051  -27.291 0.1250000000
101615  25.646  -0.974  -27.635 0.1250000000
102881  26.501  0.255  -27.770 0.1250000000
106625  25.764  3.498  -28.486 0.1250000000
105351  27.227  2.502  -28.376 0.1250000000
95163  23.191  -5.102  -29.039 0.1250000000
104128  24.498  2.088  -28.434 0.1250000000
99050  24.089  -2.907  -27.449 0.1250000000
104114  24.417  1.267  -27.945 0.1250000000
92593  22.465  -7.226  -28.503 0.1250000000
91263  20.678  -8.447  -27.799 0.1250000000
93950  22.969  -6.357  -29.200 0.1250000000
99071  24.084  -3.626  -28.027 0.1250000000
101618  23.050  -1.007  -27.259 0.1250000000
100306  23.501  -1.869  -27.444 0.1250000000
102884  23.090  0.365  -28.028 0.1250000000
102872  24.716  -0.185  -27.456 0.1250000000
105352  26.306  2.587  -28.085 0.1250000000
91246  21.037  -8.691  -27.182 0.1250000000
92573  22.538  -7.708  -27.987 0.1250000000
96492  24.398  -4.619  -29.655 0.1250000000
105350  27.944  2.585  -28.619 0.1250000000
91277  20.681  -7.844  -28.233 0.1250000000
92574  21.884  -7.712  -28.172 0.1250000000
95150  18.095  -4.883  -27.880 0.5000000000
95169  17.389  -4.523  -27.858 0.5000000000
95185  22.958  -5.973  -29.289 0.1250000000
96455  23.167  -4.214  -28.101 0.1250000000
96456  22.841  -4.287  -27.904 0.1250000000
96459  17.733  -4.559  -28.009 0.5000000000
96473  24.019  -4.544  -29.081 0.1250000000
96509  24.831  -4.512  -30.092 0.1250000000
97789  24.279  -3.988  -28.821 0.1250000000
99119  19.473  -1.002  -30.560 0.7500000000
100358  20.087  -1.322  -30.528 0.7500000000
100371  20.333  -0.460  -31.726 0.7500000000
100374  19.367  -0.839  -30.545 0.7500000000
100388  20.022  -0.449  -31.967 0.7500000000
101632  24.189  -0.424  -27.464 0.1250000000
101671  19.217  0.168  -30.630 0.7500000000
101735  17.364  2.520  -34.121 1.0000000000
102871  25.260  -0.385  -27.446 0.1250000000
102917  21.890  1.175  -30.224 0.6250000000
104105  16.202  1.352  -27.984 0.1250000000
104115  23.454  1.068  -28.241 0.1250000000
104127  24.953  2.409  -28.298 0.1250000000
104146  21.775  1.746  -30.521 0.6250000000
104163  19.306  1.740  -31.411 0.8750000000
104164  18.767  2.072  -31.413 0.8750000000
104183  18.502  2.013  -31.897 0.8750000000
104204  19.061  1.857  -33.366 0.8750000000
104205  18.725  1.971  -33.234 0.8750000000
104206  17.830  1.466  -33.719 0.8750000000
104207  17.102  1.465  -33.931 1.0000000000
104231  19.080  1.666  -33.776 0.8750000000
104232  18.890  1.548  -33.843 0.8750000000
104233  18.359  1.352  -34.065 0.8750000000
105381  24.372  2.997  -29.607 0.3750000000
105385  18.285  2.558  -30.538 0.7500000000
105386  17.767  2.342  -30.218 0.7500000000
105402  18.494  2.533  -31.664 0.7500000000
105417  18.589  2.008  -32.291 0.8750000000
105418  18.531  2.114  -32.250 0.8750000000
105433  19.158  2.078  -33.276 0.8750000000
105434  18.687  2.065  -32.534 0.8750000000
105436  17.489  1.847  -33.634 1.0000000000
106641  17.825  3.216  -30.342 0.6250000000
106659  18.272  3.030  -30.611 0.7500000000
106679  18.442  2.934  -32.335 1.0000000000
106680  18.227  2.660  -33.368 1.0000000000
106695  17.426  2.262  -33.609 1.0000000000
107879  18.061  4.350  -31.948 0.8750000000
107898  17.292  2.470  -33.755 1.0000000000
107914  20.065  5.057  -32.747 1.0000000000
109095  29.287  6.287  -30.384 0.1250000000
109102  15.058  5.377  -30.657 0.2500000000
109111  22.304  5.519  -31.743 0.7500000000
109117  14.720  5.292  -31.019 0.2500000000
109126  20.932  5.614  -33.000 1.0000000000
109130  17.449  5.843  -32.351 1.0000000000
109131  16.681  5.899  -32.153 0.8750000000
109146  17.161  6.320  -32.725 1.0000000000
110341  28.984  6.664  -32.126 0.1250000000
110346  14.826  5.751  -31.155 0.2500000000
110356  21.155  6.037  -33.006 1.0000000000
110357  18.980  6.117  -32.500 1.0000000000
110360  16.395  6.459  -32.427 0.8750000000
110376  16.714  6.665  -32.858 0.8750000000
111479  27.891  8.004  -28.926 0.1250000000
111542  21.596  7.103  -33.332 1.0000000000
111549  16.240  7.201  -32.645 0.7500000000
112612  29.725  8.927  -29.717 0.1250000000
112621  14.831  8.842  -29.239 0.1250000000
112632  29.631  8.182  -29.958 0.1250000000
112647  17.091  8.342  -31.895 0.8750000000
112657  22.334  8.606  -32.099 1.0000000000
112662  17.147  8.741  -31.749 0.8750000000
113777  29.604  9.341  -29.858 0.1250000000
113795  28.992  9.985  -30.048 0.1250000000
113811  28.861  10.309  -30.189 0.1250000000
113812  28.504  10.221  -30.070 0.1250000000
113849  20.689  10.654  -33.703 1.0000000000
113850  20.398  10.423  -33.692 1.0000000000
113851  19.999  10.130  -33.663 1.0000000000
114898  27.424  10.006  -29.450 0.5000000000
114902  23.374  10.388  -30.261 0.6250000000
114903  22.598  10.371  -30.192 0.6250000000
114926  28.969  10.693  -30.175 0.1250000000
114927  28.123  10.678  -30.013 0.1250000000
114932  23.636  10.314  -30.173 0.6250000000
114934  22.688  9.518  -30.161 0.6250000000
114952  23.333  10.249  -30.660 0.6250000000
114969  18.744  10.193  -32.596 1.0000000000
114980  21.427  10.754  -33.297 1.0000000000
114993  20.482  11.033  -33.770 1.0000000000
114994  19.977  10.743  -33.749 1.0000000000
114995  19.669  10.834  -33.485 1.0000000000
116045  23.636  10.572  -30.252 0.6250000000
116046  22.782  10.962  -30.586 0.6250000000
116047  23.128  10.992  -29.387 0.2500000000
116073  23.876  10.168  -30.192 0.6250000000
116074  23.601  11.073  -30.282 0.6250000000
116077  18.241  10.050  -31.011 0.7500000000
116087  22.922  11.144  -30.883 0.6250000000
116116  21.410  11.776  -33.232 1.0000000000
116119  19.547  11.093  -33.173 1.0000000000
116127  21.160  11.312  -33.577 1.0000000000
116129  20.355  11.423  -33.637 1.0000000000
117145  29.625  11.987  -31.367 0.1250000000
117152  23.495  11.374  -30.683 0.6250000000
117163  29.351  12.833  -31.445 0.2500000000
117178  21.712  12.741  -32.468 1.0000000000
118223  28.284  13.856  -29.941 0.5000000000
118224  28.215  14.048  -29.843 0.5000000000
118242  24.996  12.743  -30.905 1.0000000000
118256  28.915  13.387  -31.313 0.3750000000
118258  25.497  14.003  -30.777 0.8750000000
118264  29.657  12.920  -32.310 0.2500000000
118280  21.773  13.731  -33.225 1.0000000000
118293  21.898  13.840  -35.868 1.0000000000
118294  21.898  14.031  -35.854 1.0000000000
118306  22.002  14.060  -36.124 1.0000000000
118307  21.722  14.412  -36.149 1.0000000000
118317  21.958  14.448  -36.527 1.0000000000
119232  28.386  13.824  -30.234 0.5000000000
119233  28.331  14.038  -30.084 0.5000000000
119251  28.130  14.348  -30.179 0.5000000000
119276  20.673  13.842  -31.272 0.1250000000
119292  20.644  15.154  -35.094 0.8750000000
119298  22.408  14.530  -34.735 1.0000000000
119299  22.129  14.101  -35.518 1.0000000000
119300  21.469  14.537  -35.458 1.0000000000
119301  20.989  14.990  -35.259 0.7500000000
119312  22.205  14.511  -36.366 1.0000000000
119313  21.359  15.047  -36.034 1.0000000000
119322  21.960  14.900  -36.930 1.0000000000
119323  21.752  15.074  -36.683 1.0000000000
120323  27.934  16.039  -31.574 0.5000000000
120335  22.387  14.511  -35.936 1.0000000000
120336  21.615  16.054  -35.216 1.0000000000
120343  22.806  14.855  -35.663 1.0000000000
120344  22.536  14.924  -36.135 1.0000000000
120345  21.645  15.774  -35.880 1.0000000000
120353  22.205  15.162  -36.691 1.0000000000
120354  21.838  15.406  -36.708 1.0000000000
121392  22.668  15.314  -35.477 1.0000000000
121393  22.457  15.944  -35.385 1.0000000000
121394  21.951  16.336  -35.203 1.0000000000
121400  22.303  15.506  -36.176 1.0000000000
121405  22.105  15.590  -36.731 1.0000000000
121406  21.975  15.826  -36.518 1.0000000000
122492  24.667  17.887  -31.862 0.8750000000
122507  28.931  18.017  -35.318 0.1250000000
122511  28.793  18.051  -35.579 0.1250000000
123559  25.068  18.000  -31.751 0.8750000000
123570  28.327  18.013  -32.729 0.5000000000
123573  25.828  18.491  -32.241 0.7500000000
123587  27.089  19.054  -33.096 0.5000000000
123595  29.008  18.108  -35.168 0.1250000000
123604  28.883  18.263  -35.311 0.1250000000
125663  23.861  20.346  -33.981 0.7500000000
126573  18.794  20.872  -34.877 0.1250000000
126588  19.734  20.475  -35.779 0.3750000000
127467  23.114  21.192  -35.554 0.7500000000
127478  27.662  22.545  -36.005 0.3750000000
127523  21.140  23.001  -38.429 0.7500000000
127538  29.201  22.623  -40.587 0.1250000000
128403  23.896  22.954  -35.934 0.7500000000
128418  26.122  23.864  -36.559 0.3750000000
128419  25.171  24.039  -36.315 0.7500000000
128429  27.522  23.343  -37.100 0.2500000000
128430  23.773  23.903  -37.442 0.6250000000
128432  22.505  23.126  -38.004 0.6250000000
128440  22.853  23.768  -38.409 0.7500000000
128451  21.031  24.248  -39.338 0.5000000000
129343  21.569  25.228  -35.889 0.2500000000
129354  21.308  25.476  -36.283 0.2500000000
129362  28.078  23.984  -37.829 0.3750000000
129366  24.145  24.367  -37.331 0.3750000000
129368  20.870  24.976  -37.363 0.2500000000
129388  28.622  25.103  -38.766 0.1250000000
129392  20.887  24.725  -39.436 0.5000000000
130304  21.232  25.817  -33.851 0.1250000000
130306  20.338  26.621  -34.616 0.2500000000
130317  21.303  25.793  -36.012 0.2500000000
130319  20.412  26.487  -34.830 0.2500000000
130330  21.230  25.703  -36.214 0.2500000000
130332  20.524  26.523  -37.066 0.2500000000
130344  20.817  25.433  -36.989 0.2500000000
130352  28.374  25.277  -38.638 0.1250000000
130359  22.536  24.879  -39.065 0.3750000000
130366  28.535  25.275  -38.741 0.1250000000
130372  20.655  25.623  -39.349 0.3750000000
131381  21.142  27.317  -36.382 0.2500000000
131396  20.179  26.697  -38.122 0.2500000000
131400  28.069  26.446  -38.918 0.1250000000
131404  24.956  26.451  -39.027 0.2500000000
131415  24.330  26.926  -39.442 0.3750000000
132456  20.675  27.919  -37.387 0.2500000000
132466  25.276  27.208  -39.269 0.2500000000
132468  23.005  28.554  -38.802 0.2500000000
132471  20.099  27.482  -38.893 0.2500000000
132478  27.525  27.898  -40.019 0.1250000000
132479  26.770  28.000  -39.878 0.1250000000
132480  25.774  27.992  -39.899 0.1250000000
132485  21.174  27.456  -39.576 0.3750000000
132492  27.169  28.422  -40.362 0.1250000000
133391  23.316  28.686  -39.346 0.2500000000
133404  22.773  28.262  -39.672 0.2500000000
165591  17.302  1.940  -34.277 1.0000000000
165592  17.093  1.833  -34.162 1.0000000000
165593  17.630  1.682  -34.267 1.0000000000
165594  16.899  2.391  -33.915 1.0000000000
165596  18.270  1.677  -34.281 0.8750000000
165768  20.282  15.366  -34.884 0.7500000000
165780  27.944  18.101  -38.101 0.1250000000
