#!ascii label  , from subject _151 vox2ras=TkReg
381
35149  36.971  -48.843  -9.488 0.0000000000
29662  43.888  -52.488  -15.443 0.0000000000
29572  45.179  -52.209  -10.629 0.0000000000
28180  38.132  -54.199  -13.551 0.0000000000
19975  46.535  -59.172  -13.257 0.0000000000
24009  46.531  -55.677  -10.727 0.0000000000
19892  46.850  -59.300  -9.843 0.0000000000
26757  40.924  -54.529  -15.389 0.0000000000
35260  38.489  -48.878  -16.080 0.0000000000
32434  39.798  -50.422  -10.123 0.0000000000
26695  41.428  -54.594  -11.144 0.0000000000
22708  41.596  -57.612  -12.089 0.0000000000
22775  42.548  -57.409  -15.527 0.0000000000
17449  44.490  -61.304  -15.516 0.0000000000
33747  35.852  -48.872  -6.414 0.0000000000
33752  39.188  -49.544  -7.599 0.0000000000
32388  44.106  -50.494  -8.414 0.0000000000
35239  35.553  -48.691  -14.515 0.0000000000
22631  48.261  -57.054  -9.010 0.0000000000
28216  42.376  -53.479  -15.516 0.0000000000
33901  41.191  -49.662  -15.904 0.0000000000
30964  42.710  -51.124  -10.826 0.0000000000
28156  42.963  -53.233  -10.882 0.0000000000
22704  46.474  -57.444  -11.366 0.0000000000
24033  44.315  -56.365  -11.228 0.0000000000
21356  44.298  -59.157  -12.212 0.0000000000
21394  41.730  -58.314  -13.472 0.0000000000
19996  44.272  -59.742  -13.892 0.0000000000
20078  44.213  -59.353  -17.449 0.0000000000
32346  40.154  -50.335  -6.397 0.0000000000
33770  41.227  -50.054  -8.176 0.0000000000
32344  42.604  -50.524  -6.323 0.0000000000
28169  37.375  -53.407  -12.475 0.0000000000
32502  36.452  -50.837  -14.994 0.0000000000
39297  39.341  -45.135  -13.372 0.0000000000
37886  37.872  -45.941  -14.170 0.0000000000
28136  47.974  -53.086  -10.167 0.0000000000
26675  46.300  -53.940  -10.580 0.0000000000
25326  47.971  -55.187  -10.539 0.0000000000
22702  48.046  -56.841  -10.932 0.0000000000
19951  47.228  -59.344  -11.596 0.0000000000
26736  39.546  -54.798  -14.662 0.0000000000
31062  38.239  -51.743  -15.765 0.0000000000
32541  39.788  -51.401  -16.333 0.0000000000
36592  39.897  -47.854  -15.438 0.0000000000
31055  45.518  -51.372  -15.371 0.0000000000
33814  37.930  -49.970  -10.081 0.0000000000
29595  38.888  -52.948  -10.920 0.0000000000
26697  39.053  -54.793  -11.891 0.0000000000
25349  44.504  -55.302  -10.947 0.0000000000
25351  42.212  -55.547  -11.185 0.0000000000
25367  39.953  -56.060  -12.492 0.0000000000
24075  40.444  -56.660  -13.808 0.0000000000
24101  41.689  -55.826  -15.267 0.0000000000
25408  43.270  -55.427  -15.537 0.0000000000
18649  45.987  -60.519  -14.177 0.0000000000
18652  43.680  -60.053  -15.644 0.0000000000
24111  44.018  -56.934  -16.328 0.0000000000
26753  45.148  -54.453  -15.770 0.0000000000
36441  35.231  -47.627  -8.479 0.0000000000
35130  36.806  -48.360  -8.581 0.0000000000
33745  37.256  -49.410  -6.866 0.0000000000
35147  38.454  -49.203  -9.077 0.0000000000
33794  40.069  -49.722  -9.166 0.0000000000
32415  41.833  -50.187  -9.257 0.0000000000
32430  44.378  -51.123  -10.029 0.0000000000
32386  46.150  -50.782  -8.448 0.0000000000
30938  46.794  -51.350  -9.321 0.0000000000
35237  37.314  -48.407  -15.453 0.0000000000
35150  35.985  -48.712  -9.691 0.0000000000
35151  35.201  -48.603  -9.827 0.0000000000
35166  36.279  -49.276  -10.039 0.0000000000
29663  42.839  -52.521  -15.639 0.0000000000
31058  42.274  -51.594  -15.659 0.0000000000
29573  44.151  -52.167  -10.616 0.0000000000
29574  43.327  -52.127  -10.791 0.0000000000
28139  44.637  -52.867  -10.689 0.0000000000
21354  46.608  -58.843  -12.859 0.0000000000
21329  45.990  -58.402  -11.781 0.0000000000
21355  45.494  -58.992  -12.429 0.0000000000
19978  43.729  -59.585  -12.971 0.0000000000
19977  44.931  -59.399  -13.126 0.0000000000
18735  43.693  -60.395  -18.319 0.0000000000
32345  41.388  -50.460  -6.253 0.0000000000
28168  37.922  -54.073  -12.679 0.0000000000
29646  36.672  -52.465  -13.609 0.0000000000
29645  37.115  -52.781  -14.115 0.0000000000
40559  39.219  -43.690  -12.796 0.0000000000
26673  48.340  -54.069  -9.960 0.0000000000
25325  48.817  -54.987  -9.835 0.0000000000
21249  47.559  -57.968  -9.148 0.0000000000
22685  48.303  -56.891  -10.491 0.0000000000
22686  47.885  -57.772  -10.588 0.0000000000
21302  47.503  -58.548  -11.049 0.0000000000
19891  47.234  -59.000  -10.557 0.0000000000
26735  40.121  -54.338  -14.999 0.0000000000
29666  39.798  -52.707  -15.447 0.0000000000
31060  40.295  -51.832  -16.126 0.0000000000
35258  40.559  -48.711  -15.693 0.0000000000
36591  40.956  -47.782  -15.248 0.0000000000
36571  40.324  -46.974  -14.716 0.0000000000
32435  38.523  -50.601  -10.300 0.0000000000
30967  39.123  -51.393  -10.478 0.0000000000
28159  39.532  -53.785  -11.209 0.0000000000
26696  40.267  -54.706  -11.390 0.0000000000
25328  46.071  -54.906  -10.494 0.0000000000
26692  44.684  -54.340  -10.807 0.0000000000
22707  42.724  -57.535  -11.511 0.0000000000
24034  43.068  -56.503  -11.245 0.0000000000
24035  41.847  -56.637  -11.437 0.0000000000
25353  39.973  -55.671  -12.038 0.0000000000
24036  40.763  -56.636  -12.043 0.0000000000
24076  40.027  -56.387  -13.329 0.0000000000
22733  40.912  -57.475  -12.935 0.0000000000
21426  41.840  -58.016  -14.448 0.0000000000
22771  41.512  -57.183  -14.486 0.0000000000
22770  41.929  -57.120  -14.941 0.0000000000
25409  42.264  -55.276  -15.445 0.0000000000
15082  41.757  -63.694  -14.385 0.0000000000
16298  43.601  -62.136  -15.340 0.0000000000
16281  42.924  -62.558  -14.533 0.0000000000
16279  44.163  -61.670  -14.735 0.0000000000
17448  44.847  -61.111  -14.871 0.0000000000
18651  44.175  -60.376  -15.333 0.0000000000
18673  44.432  -60.710  -15.983 0.0000000000
22788  45.008  -57.798  -17.553 0.0000000000
22780  44.179  -57.592  -16.817 0.0000000000
24110  44.911  -56.478  -16.403 0.0000000000
25407  44.548  -55.562  -15.866 0.0000000000
25406  45.736  -55.256  -15.901 0.0000000000
36418  35.037  -47.549  -7.243 0.0000000000
35114  35.687  -48.128  -7.238 0.0000000000
36417  35.738  -47.842  -7.820 0.0000000000
35113  36.390  -48.388  -7.637 0.0000000000
32347  39.127  -50.034  -6.209 0.0000000000
33730  37.676  -49.854  -6.211 0.0000000000
33753  38.389  -49.416  -7.627 0.0000000000
33774  38.078  -49.169  -8.211 0.0000000000
33773  38.712  -49.330  -8.415 0.0000000000
33795  39.112  -49.458  -9.266 0.0000000000
33772  39.618  -49.550  -8.371 0.0000000000
32390  41.990  -50.230  -8.189 0.0000000000
33792  41.492  -50.088  -8.652 0.0000000000
32414  43.132  -50.549  -9.341 0.0000000000
32413  44.286  -50.679  -9.368 0.0000000000
29496  46.396  -51.661  -7.726 0.0000000000
32360  46.499  -50.938  -7.954 0.0000000000
32411  46.428  -50.959  -9.063 0.0000000000
33904  37.977  -49.806  -16.086 0.0000000000
32530  37.505  -50.935  -15.719 0.0000000000
35261  37.716  -48.978  -15.808 0.0000000000
39299  37.298  -45.330  -13.766 0.0000000000
28217  41.384  -53.494  -15.416 0.0000000000
29665  40.859  -52.637  -15.549 0.0000000000
30965  41.727  -51.205  -10.698 0.0000000000
30966  40.461  -51.600  -10.530 0.0000000000
30984  42.278  -51.769  -10.908 0.0000000000
28157  41.823  -53.538  -10.955 0.0000000000
24032  45.666  -56.218  -10.887 0.0000000000
22705  45.221  -57.379  -11.416 0.0000000000
22706  43.956  -57.422  -11.473 0.0000000000
21332  42.526  -58.334  -11.886 0.0000000000
22732  41.499  -57.936  -12.657 0.0000000000
21357  43.088  -59.076  -12.247 0.0000000000
19998  42.210  -58.904  -13.659 0.0000000000
20030  42.477  -59.114  -14.635 0.0000000000
18696  44.081  -60.211  -16.705 0.0000000000
18715  43.969  -60.555  -17.700 0.0000000000
21454  44.571  -58.657  -17.793 0.0000000000
33751  40.083  -49.870  -7.466 0.0000000000
32366  40.823  -50.173  -7.021 0.0000000000
32365  41.673  -50.203  -7.275 0.0000000000
32364  42.823  -50.433  -7.336 0.0000000000
31041  36.331  -51.878  -14.050 0.0000000000
33881  35.892  -49.692  -14.835 0.0000000000
36572  39.179  -47.089  -15.176 0.0000000000
36573  37.993  -47.427  -15.363 0.0000000000
37885  38.902  -45.779  -14.018 0.0000000000
40560  38.290  -43.772  -12.815 0.0000000000
29571  46.251  -52.239  -10.542 0.0000000000
28138  45.720  -53.031  -10.771 0.0000000000
28137  46.908  -53.027  -10.672 0.0000000000
25327  46.967  -54.934  -10.559 0.0000000000
25347  47.407  -55.785  -10.797 0.0000000000
24008  48.024  -55.884  -10.713 0.0000000000
24031  47.004  -56.503  -11.116 0.0000000000
22703  47.595  -57.501  -11.246 0.0000000000
21328  46.918  -58.415  -11.922 0.0000000000
28194  38.635  -54.153  -14.502 0.0000000000
29644  37.959  -52.938  -15.085 0.0000000000
29643  39.049  -53.304  -15.148 0.0000000000
32529  38.569  -50.788  -16.150 0.0000000000
33903  39.061  -49.756  -16.095 0.0000000000
32527  40.703  -50.786  -16.270 0.0000000000
33902  40.132  -49.670  -16.220 0.0000000000
35259  39.507  -48.747  -16.002 0.0000000000
37916  39.506  -46.370  -14.415 0.0000000000
39296  40.324  -45.034  -13.437 0.0000000000
29661  45.056  -52.459  -15.406 0.0000000000
33797  37.602  -49.409  -9.737 0.0000000000
33815  36.907  -49.826  -10.256 0.0000000000
32436  37.361  -50.765  -10.604 0.0000000000
26698  38.430  -54.345  -12.280 0.0000000000
26710  38.594  -54.877  -12.777 0.0000000000
26694  42.584  -54.431  -11.110 0.0000000000
25350  43.400  -55.410  -11.147 0.0000000000
25352  41.027  -55.672  -11.404 0.0000000000
25354  39.340  -55.372  -12.265 0.0000000000
25369  38.870  -55.306  -13.198 0.0000000000
25393  39.378  -55.565  -13.947 0.0000000000
25392  39.686  -55.544  -14.304 0.0000000000
25391  40.451  -55.478  -14.871 0.0000000000
22759  40.968  -57.252  -13.958 0.0000000000
24087  41.169  -56.454  -14.662 0.0000000000
25411  40.995  -55.276  -15.326 0.0000000000
26756  41.900  -54.397  -15.495 0.0000000000
26755  42.879  -54.430  -15.453 0.0000000000
28215  43.412  -53.489  -15.503 0.0000000000
18604  47.146  -59.970  -12.092 0.0000000000
15081  42.265  -63.161  -14.069 0.0000000000
17429  46.112  -60.815  -13.807 0.0000000000
20026  46.206  -60.057  -13.881 0.0000000000
20028  44.702  -60.157  -14.457 0.0000000000
20029  43.484  -59.829  -14.945 0.0000000000
20050  42.792  -59.145  -15.490 0.0000000000
20064  43.974  -59.555  -16.836 0.0000000000
21436  43.089  -58.307  -16.116 0.0000000000
22774  43.445  -57.322  -16.154 0.0000000000
24099  43.659  -56.447  -15.865 0.0000000000
26754  43.975  -54.494  -15.497 0.0000000000
28214  44.533  -53.490  -15.489 0.0000000000
28213  45.758  -53.490  -15.548 0.0000000000
36443  33.537  -46.737  -8.667 0.0000000000
36442  34.175  -47.113  -8.265 0.0000000000
36465  36.335  -48.286  -9.165 0.0000000000
32337  37.222  -50.161  -5.411 0.0000000000
33746  36.478  -49.057  -6.778 0.0000000000
35112  37.101  -48.674  -7.960 0.0000000000
35129  37.587  -48.749  -8.562 0.0000000000
35148  37.893  -48.991  -9.263 0.0000000000
33796  38.321  -49.424  -9.628 0.0000000000
33812  39.597  -49.774  -9.773 0.0000000000
32417  40.034  -49.936  -9.731 0.0000000000
33793  40.958  -49.929  -8.888 0.0000000000
32416  40.647  -50.035  -9.641 0.0000000000
32433  41.126  -50.604  -10.177 0.0000000000
32432  42.318  -50.591  -10.252 0.0000000000
32431  43.402  -50.816  -10.198 0.0000000000
30962  44.646  -51.637  -10.382 0.0000000000
32387  45.222  -50.561  -8.456 0.0000000000
30939  46.198  -51.235  -9.636 0.0000000000
30961  45.634  -51.537  -10.198 0.0000000000
31040  37.179  -51.941  -15.097 0.0000000000
33880  36.960  -49.603  -15.555 0.0000000000
35238  36.385  -48.609  -15.111 0.0000000000
37918  37.420  -46.733  -14.730 0.0000000000
36574  36.941  -47.644  -14.973 0.0000000000
15051  41.963  -63.593  -13.681 0.0000000000
16280  43.814  -61.869  -14.491 0.0000000000
16297  44.138  -61.697  -15.113 0.0000000000
16311  44.108  -61.784  -15.844 0.0000000000
17404  46.204  -60.758  -13.284 0.0000000000
17405  45.777  -61.162  -13.445 0.0000000000
17431  44.483  -61.535  -14.541 0.0000000000
17432  44.123  -61.689  -14.324 0.0000000000
17484  43.181  -61.147  -17.880 0.0000000000
18650  44.962  -60.696  -14.728 0.0000000000
18672  44.706  -60.944  -15.286 0.0000000000
18674  43.872  -60.193  -16.145 0.0000000000
18695  44.126  -60.393  -17.055 0.0000000000
18716  43.696  -60.845  -17.920 0.0000000000
18734  44.065  -60.059  -18.181 0.0000000000
19920  47.283  -59.127  -11.030 0.0000000000
19976  45.977  -59.288  -13.186 0.0000000000
19979  42.745  -59.315  -13.002 0.0000000000
19994  46.437  -59.580  -13.509 0.0000000000
19995  45.428  -59.655  -13.812 0.0000000000
19997  43.096  -59.552  -13.841 0.0000000000
20027  45.741  -60.062  -14.204 0.0000000000
20049  43.379  -59.491  -16.077 0.0000000000
20063  44.179  -59.862  -17.214 0.0000000000
20077  44.224  -59.625  -17.875 0.0000000000
21275  47.470  -58.404  -10.027 0.0000000000
21327  47.227  -58.710  -11.871 0.0000000000
21330  44.780  -58.364  -11.741 0.0000000000
21331  43.561  -58.361  -11.768 0.0000000000
21358  42.062  -58.508  -12.692 0.0000000000
21359  41.478  -58.053  -13.046 0.0000000000
21392  46.993  -59.086  -13.278 0.0000000000
21393  46.739  -59.130  -13.285 0.0000000000
21395  41.372  -57.803  -13.642 0.0000000000
21427  41.438  -57.554  -14.108 0.0000000000
21437  42.448  -58.421  -15.273 0.0000000000
21444  43.767  -58.703  -16.803 0.0000000000
21455  44.139  -58.928  -17.283 0.0000000000
22630  48.495  -56.672  -9.160 0.0000000000
22665  48.487  -56.751  -9.526 0.0000000000
22666  48.078  -57.507  -9.793 0.0000000000
22709  40.969  -57.216  -12.352 0.0000000000
22734  40.513  -57.046  -13.235 0.0000000000
22760  40.691  -57.177  -13.469 0.0000000000
22789  44.273  -58.325  -17.323 0.0000000000
24007  48.323  -55.997  -10.502 0.0000000000
24010  45.900  -55.506  -10.621 0.0000000000
24029  48.156  -56.547  -10.753 0.0000000000
24030  47.849  -56.395  -10.891 0.0000000000
24037  40.222  -56.250  -12.335 0.0000000000
24061  40.681  -57.019  -12.497 0.0000000000
24062  40.231  -56.584  -12.829 0.0000000000
24063  39.819  -56.175  -13.132 0.0000000000
24074  40.831  -56.842  -14.187 0.0000000000
24086  41.706  -56.765  -14.866 0.0000000000
24088  40.563  -56.204  -14.416 0.0000000000
24098  44.359  -56.157  -16.034 0.0000000000
24100  42.251  -56.338  -15.324 0.0000000000
25346  47.847  -55.850  -10.755 0.0000000000
25348  45.351  -55.092  -10.665 0.0000000000
25368  39.425  -55.703  -12.819 0.0000000000
25379  40.148  -56.032  -14.243 0.0000000000
25380  39.714  -55.992  -13.646 0.0000000000
25381  39.148  -55.472  -13.579 0.0000000000
25390  41.175  -55.698  -15.164 0.0000000000
25410  41.509  -55.192  -15.426 0.0000000000
25422  45.322  -55.768  -16.171 0.0000000000
26674  47.424  -54.016  -10.391 0.0000000000
26691  45.488  -54.227  -10.683 0.0000000000
26709  39.021  -55.243  -12.390 0.0000000000
26724  38.678  -54.892  -13.656 0.0000000000
26737  39.104  -55.128  -14.175 0.0000000000
28140  43.681  -52.734  -10.702 0.0000000000
28141  43.138  -52.564  -10.824 0.0000000000
28153  45.620  -53.661  -10.727 0.0000000000
28181  37.454  -53.536  -13.377 0.0000000000
28192  39.964  -53.778  -14.963 0.0000000000
28193  39.483  -53.976  -14.904 0.0000000000
28195  37.772  -53.572  -14.193 0.0000000000
28218  40.419  -53.513  -15.128 0.0000000000
29591  42.764  -52.284  -10.894 0.0000000000
29642  39.763  -53.420  -15.028 0.0000000000
29667  38.749  -52.492  -15.551 0.0000000000
29668  38.200  -52.322  -15.466 0.0000000000
30904  46.479  -51.365  -7.804 0.0000000000
30959  47.406  -51.798  -9.439 0.0000000000
30960  46.625  -51.676  -9.955 0.0000000000
30963  43.593  -51.515  -10.560 0.0000000000
30983  42.920  -51.698  -10.947 0.0000000000
30985  41.433  -52.013  -10.793 0.0000000000
31039  37.842  -52.124  -15.407 0.0000000000
31059  41.346  -51.716  -15.967 0.0000000000
31061  39.319  -51.764  -16.163 0.0000000000
31063  37.673  -51.686  -15.539 0.0000000000
31077  40.024  -51.550  -16.295 0.0000000000
31078  39.857  -51.659  -16.250 0.0000000000
32348  38.401  -49.831  -6.332 0.0000000000
32385  46.761  -51.123  -8.437 0.0000000000
32389  42.962  -50.418  -8.340 0.0000000000
32410  46.777  -51.139  -8.974 0.0000000000
32412  45.448  -50.882  -9.475 0.0000000000
32429  45.010  -51.342  -9.990 0.0000000000
32528  39.649  -50.749  -16.370 0.0000000000
32540  40.116  -51.270  -16.363 0.0000000000
33742  39.467  -49.866  -6.914 0.0000000000
33743  38.779  -49.646  -6.911 0.0000000000
33744  38.023  -49.543  -6.926 0.0000000000
33750  40.845  -50.026  -7.658 0.0000000000
33754  37.610  -49.177  -7.670 0.0000000000
33755  36.948  -48.984  -7.408 0.0000000000
33771  40.472  -49.801  -8.297 0.0000000000
33813  38.920  -49.732  -10.120 0.0000000000
35094  35.967  -48.526  -6.903 0.0000000000
35128  38.156  -49.047  -8.727 0.0000000000
35167  35.496  -49.195  -10.377 0.0000000000
36440  36.069  -47.989  -8.516 0.0000000000
36593  38.844  -47.968  -15.768 0.0000000000
36594  38.046  -48.301  -15.725 0.0000000000
37884  39.862  -45.680  -13.867 0.0000000000
37915  40.298  -46.235  -14.139 0.0000000000
37917  38.473  -46.515  -14.667 0.0000000000
37919  36.548  -46.985  -14.599 0.0000000000
39298  38.337  -45.209  -13.558 0.0000000000
40597  38.799  -44.507  -12.979 0.0000000000
