#!ascii label  , from subject _151 vox2ras=TkReg
742
87659  18.610  -11.298  -25.502 0.1428571492
87642  18.072  -11.854  -24.942 0.1428571492
88896  17.835  -10.015  -26.168 0.1428571492
87640  20.027  -11.638  -24.621 0.1428571492
88880  19.127  -10.717  -26.088 0.2857142985
88882  17.362  -10.494  -25.768 0.1428571492
90049  19.102  -9.346  -27.125 0.5714285970
88893  20.154  -9.940  -26.622 0.1428571492
91245  21.752  -8.644  -26.845 0.2857142985
90047  20.891  -9.490  -26.526 0.2857142985
91261  22.500  -8.116  -27.233 0.1428571492
93950  22.969  -6.357  -29.200 0.2857142985
93926  23.130  -6.729  -29.020 0.1428571492
92593  22.465  -7.226  -28.503 0.2857142985
97790  23.785  -4.019  -28.295 0.2857142985
95184  23.592  -5.353  -29.350 0.2857142985
99050  24.089  -2.907  -27.449 0.2857142985
97772  23.366  -3.807  -27.812 0.2857142985
101617  23.902  -1.051  -27.291 0.2857142985
104114  24.417  1.267  -27.945 0.8571428657
102883  24.072  0.326  -27.726 0.4285714328
100305  24.476  -1.854  -27.509 0.2857142985
106625  25.764  3.498  -28.486 0.7142857313
105352  26.306  2.587  -28.085 0.7142857313
104113  25.579  1.764  -27.643 0.7142857313
107835  27.667  3.934  -28.412 0.8571428657
106614  26.675  3.374  -28.330 0.5714285970
105364  25.338  2.779  -28.403 0.7142857313
104128  24.498  2.088  -28.434 0.7142857313
109096  28.993  5.685  -29.638 0.4285714328
109064  27.412  4.570  -28.326 0.7142857313
107836  27.020  4.060  -28.385 0.8571428657
110340  29.639  6.803  -31.216 0.2857142985
110326  29.371  6.887  -30.446 0.5714285970
109097  28.194  5.912  -28.560 0.8571428657
109081  27.462  5.556  -28.340 0.8571428657
111526  28.765  7.893  -32.907 0.1428571492
111512  28.840  7.271  -32.506 0.1428571492
111511  29.401  7.754  -31.786 0.4285714328
110327  28.933  6.780  -29.763 0.5714285970
110328  28.259  6.918  -29.006 0.8571428657
113834  29.217  9.974  -33.550 0.1428571492
111525  29.294  8.449  -32.430 0.1428571492
112631  29.641  8.626  -30.628 0.4285714328
111496  28.704  7.424  -29.084 0.8571428657
114990  28.540  11.038  -33.917 0.1428571492
113846  28.902  10.342  -33.965 0.1428571492
114989  28.975  10.556  -33.648 0.1428571492
112655  29.342  9.280  -32.729 0.1428571492
113810  30.160  9.991  -31.680 0.4285714328
112613  28.928  8.526  -29.398 0.7142857313
111480  27.015  7.713  -28.579 0.8571428657
114978  28.940  11.378  -33.465 0.1428571492
116114  28.780  11.903  -33.596 0.1428571492
114965  29.672  10.919  -32.557 0.1428571492
114948  30.132  10.921  -31.534 0.5714285970
113778  28.927  9.346  -29.590 0.8571428657
111478  28.594  7.976  -29.144 0.8571428657
112614  27.965  8.455  -28.862 0.8571428657
117201  27.896  12.478  -34.112 0.1428571492
117188  28.427  12.718  -33.730 0.2857142985
116101  29.619  11.506  -32.469 0.1428571492
117162  29.604  12.340  -31.813 0.8571428657
114949  28.988  10.435  -30.217 0.8571428657
113794  29.644  9.781  -30.609 0.7142857313
114950  28.608  10.438  -30.110 0.8571428657
119287  28.698  14.615  -33.704 0.1428571492
119296  28.605  14.464  -34.785 0.1428571492
118275  29.610  13.067  -32.900 0.4285714328
118238  28.491  13.416  -30.433 0.8571428657
117146  29.206  12.491  -30.977 0.8571428657
116068  28.216  11.693  -30.118 0.8571428657
114928  27.225  10.740  -29.539 0.8571428657
119282  28.806  14.589  -32.682 0.4285714328
117147  28.398  12.628  -30.253 0.8571428657
117148  27.429  12.688  -30.069 0.8571428657
120333  28.659  15.541  -34.260 0.2857142985
120322  28.423  15.631  -32.107 0.8571428657
119269  28.451  14.463  -31.448 0.8571428657
119250  28.433  13.927  -30.603 0.8571428657
118239  27.917  13.766  -29.688 0.8571428657
119252  27.414  14.566  -30.027 0.8571428657
121384  28.619  16.551  -33.699 0.2857142985
121375  28.426  16.570  -32.713 0.7142857313
120327  28.713  15.598  -33.183 0.5714285970
119270  27.663  14.872  -30.910 0.8571428657
119271  26.680  14.789  -30.936 0.8571428657
118240  26.516  13.934  -29.979 0.8571428657
122474  27.669  17.082  -31.875 0.8571428657
120308  27.209  15.672  -31.452 0.8571428657
121358  26.522  16.600  -31.512 0.7142857313
120309  26.056  15.621  -31.580 0.7142857313
122490  27.982  17.484  -32.302 0.8571428657
122491  27.450  17.977  -32.296 0.8571428657
121357  27.447  16.617  -31.625 0.8571428657
123557  26.271  18.082  -31.911 0.8571428657
123572  26.847  18.483  -32.612 0.8571428657
122476  25.963  17.451  -31.578 0.7142857313
124690  27.799  19.779  -33.803 0.7142857313
124673  27.369  19.512  -33.427 0.8571428657
125640  27.490  19.985  -33.760 0.8571428657
125641  26.990  20.122  -33.653 0.8571428657
126569  26.136  21.700  -34.425 0.7142857313
122475  27.054  17.532  -31.846 0.8571428657
124674  26.526  19.364  -33.219 0.8571428657
127521  28.668  22.573  -38.357 0.1428571492
125660  27.725  20.490  -34.212 0.8571428657
126568  27.331  21.865  -34.796 0.7142857313
127479  26.892  22.902  -35.728 0.7142857313
125661  26.694  20.916  -34.103 0.8571428657
128450  28.909  23.633  -38.841 0.1428571492
127497  27.474  22.959  -36.477 0.5714285970
128417  26.918  23.494  -36.611 0.5714285970
129351  26.655  24.285  -37.003 0.5714285970
128428  27.921  23.533  -37.578 0.1428571492
129398  28.926  24.925  -40.466 0.1428571492
129365  25.751  25.408  -37.490 0.5714285970
131412  28.198  27.132  -39.578 0.1428571492
131425  28.753  27.279  -40.672 0.1428571492
129377  27.275  25.133  -38.257 0.1428571492
129364  26.446  25.133  -37.711 0.5714285970
131413  27.497  27.560  -39.566 0.1428571492
132491  28.022  28.317  -40.456 0.1428571492
133399  26.562  28.609  -40.539 0.1428571492
86367  18.578  -12.302  -24.302 0.1428571492
88894  19.535  -10.075  -26.637 0.2857142985
88879  20.222  -10.400  -25.954 0.1428571492
90032  21.623  -9.977  -25.779 0.2857142985
92591  23.989  -6.999  -28.039 0.2857142985
92592  23.316  -7.213  -28.452 0.2857142985
92573  22.538  -7.708  -27.987 0.1428571492
101618  23.050  -1.007  -27.259 0.2857142985
100307  22.596  -1.657  -27.580 0.2857142985
102884  23.090  0.365  -28.028 0.5714285970
107851  28.173  4.306  -28.413 0.2857142985
104129  23.678  1.809  -28.585 0.7142857313
109110  29.200  5.744  -31.308 0.1428571492
109082  26.247  5.737  -28.822 0.8571428657
111495  29.147  7.477  -29.739 0.7142857313
116126  28.002  11.806  -34.582 0.1428571492
116085  29.858  11.522  -31.761 0.8571428657
114925  29.726  10.775  -30.867 0.8571428657
114897  27.766  9.944  -29.970 0.8571428657
116069  27.272  11.690  -30.020 0.8571428657
122489  28.475  17.462  -33.128 0.8571428657
124672  27.996  19.335  -33.475 0.8571428657
126584  27.547  22.328  -35.545 0.7142857313
127512  27.685  22.804  -36.949 0.2857142985
129363  27.453  24.238  -37.583 0.1428571492
130367  28.537  25.754  -38.975 0.1428571492
132494  29.384  28.266  -42.205 0.1428571492
86368  17.550  -12.392  -24.352 0.1428571492
90048  20.024  -9.597  -27.099 0.4285714328
91246  21.037  -8.691  -27.182 0.2857142985
90058  20.480  -9.043  -27.253 0.4285714328
90060  19.388  -8.688  -27.450 0.2857142985
93925  24.250  -6.401  -28.841 0.2857142985
96493  23.850  -4.794  -29.225 0.2857142985
95163  23.191  -5.102  -29.039 0.2857142985
95164  22.778  -5.451  -28.793 0.2857142985
96474  23.386  -4.605  -28.588 0.2857142985
104116  22.907  0.914  -28.401 0.7142857313
113835  29.014  9.428  -33.834 0.1428571492
116135  27.365  11.622  -35.477 0.1428571492
117189  27.636  13.013  -33.844 0.1428571492
118276  28.907  13.564  -33.301 0.2857142985
118291  28.480  13.924  -34.011 0.1428571492
118255  29.501  13.065  -31.799 0.8571428657
113779  28.093  9.390  -29.176 0.8571428657
113780  26.881  8.821  -29.154 1.0000000000
121391  28.748  16.546  -34.798 0.1428571492
122502  28.754  17.543  -34.146 0.2857142985
119272  25.698  14.709  -31.341 0.8571428657
123585  28.424  18.526  -33.405 0.5714285970
124689  28.332  19.519  -34.214 0.5714285970
125659  28.456  20.311  -34.772 0.5714285970
126567  28.117  21.057  -34.989 0.7142857313
127496  27.863  22.414  -36.620 0.4285714328
125697  28.479  20.805  -36.830 0.2857142985
126597  28.214  21.840  -36.901 0.2857142985
127511  28.122  22.696  -37.401 0.1428571492
128439  28.386  23.505  -38.024 0.1428571492
129376  28.303  24.644  -38.389 0.1428571492
130355  26.165  25.947  -38.345 0.2857142985
129389  28.984  24.852  -39.240 0.1428571492
131401  27.358  27.032  -38.898 0.1428571492
131402  26.367  26.827  -38.678 0.1428571492
132464  26.402  27.495  -39.251 0.1428571492
130379  28.779  26.028  -39.965 0.1428571492
133408  27.078  29.029  -40.666 0.1428571492
133409  26.080  28.922  -40.841 0.1428571492
133407  28.366  29.062  -40.603 0.1428571492
123596  28.867  18.498  -34.781 0.4285714328
124703  28.701  19.560  -35.201 0.4285714328
125681  28.395  20.512  -35.647 0.4285714328
126583  28.028  21.707  -35.895 0.5714285970
87658  19.599  -11.202  -25.388 0.1428571492
88881  18.196  -10.672  -25.946 0.1428571492
87660  17.646  -11.216  -25.441 0.1428571492
87643  17.035  -11.718  -24.810 0.1428571492
88895  18.649  -10.113  -26.519 0.4285714328
88897  17.282  -9.953  -25.913 0.2857142985
90033  20.958  -10.113  -25.918 0.1428571492
91262  21.660  -8.223  -27.718 0.1428571492
93949  23.462  -6.156  -29.302 0.2857142985
105365  24.530  2.810  -29.076 0.7142857313
109080  28.642  4.982  -28.662 0.8571428657
109065  26.685  4.885  -28.379 0.8571428657
109109  29.524  6.407  -30.831 0.5714285970
111494  29.520  7.604  -30.641 0.5714285970
113822  29.693  10.313  -32.596 0.2857142985
112671  28.868  8.780  -33.647 0.1428571492
112645  29.560  8.969  -31.628 0.1428571492
117174  29.560  12.347  -32.679 0.5714285970
113796  28.358  9.880  -29.842 0.8571428657
116067  29.149  11.675  -30.449 0.8571428657
118265  29.249  13.611  -32.278 0.8571428657
120307  28.008  15.374  -31.431 0.8571428657
121376  28.037  16.595  -31.979 0.8571428657
123571  27.881  18.339  -32.566 0.8571428657
123586  27.656  18.962  -32.985 0.8571428657
129350  27.171  23.854  -37.036 0.5714285970
128400  26.456  23.307  -36.354 0.5714285970
130387  28.961  26.104  -41.090 0.1428571492
129378  26.710  25.489  -38.258 0.4285714328
130353  27.904  25.767  -38.545 0.1428571492
131429  29.221  27.290  -41.679 0.1428571492
129375  28.475  25.049  -38.629 0.1428571492
130354  26.961  25.982  -38.522 0.1428571492
93908  24.514  -6.741  -28.034 0.1428571492
90059  19.904  -8.928  -27.512 0.4285714328
96457  22.211  -4.305  -27.676 0.5714285970
131403  25.536  26.731  -38.797 0.1428571492
96476  21.436  -4.692  -27.686 0.5714285970
96477  20.284  -4.535  -28.342 0.5714285970
96478  19.277  -4.249  -28.732 0.2857142985
99074  20.490  -2.832  -28.857 0.5714285970
97792  19.809  -3.448  -28.937 0.5714285970
95168  18.873  -5.277  -28.152 0.4285714328
97791  20.801  -3.632  -28.253 0.5714285970
96495  18.368  -3.781  -28.792 0.2857142985
97809  19.181  -3.392  -29.393 0.4285714328
100324  21.883  -1.532  -28.201 0.4285714328
99088  20.638  -2.092  -29.118 0.5714285970
99089  20.028  -2.355  -29.576 0.5714285970
99100  19.767  -1.740  -29.948 0.4285714328
101635  21.789  -0.823  -28.707 0.5714285970
101652  21.586  -0.593  -29.666 0.5714285970
101651  22.217  -0.249  -29.017 0.7142857313
101670  21.154  -0.428  -30.595 0.4285714328
102885  22.587  0.453  -28.667 0.4285714328
97808  19.572  -2.930  -29.469 0.4285714328
97810  18.423  -3.308  -29.193 0.2857142985
97811  17.934  -3.193  -28.913 0.2857142985
100342  20.086  -1.676  -29.955 0.4285714328
104130  22.679  1.613  -28.819 0.7142857313
104162  21.192  1.764  -31.018 0.4285714328
105399  22.434  2.991  -30.538 0.7142857313
105400  21.748  2.720  -30.934 0.5714285970
106639  22.908  3.354  -30.537 0.7142857313
106658  21.567  3.528  -31.704 0.2857142985
105367  23.183  2.276  -28.954 0.5714285970
105384  22.219  2.394  -30.328 0.7142857313
106638  23.642  3.532  -30.328 0.7142857313
107865  23.365  4.594  -30.600 0.7142857313
107876  22.646  4.627  -31.182 0.7142857313
107877  21.879  4.562  -31.827 0.4285714328
109100  22.915  5.567  -30.980 0.4285714328
106626  24.901  3.580  -28.926 0.5714285970
105382  24.109  2.826  -29.832 0.5714285970
107852  25.272  4.421  -28.780 0.5714285970
109084  24.366  4.999  -29.813 0.5714285970
109099  23.960  5.566  -30.350 0.7142857313
109098  24.615  6.091  -30.305 0.7142857313
111497  25.266  7.514  -30.101 0.7142857313
110331  23.211  6.562  -30.968 0.7142857313
111499  23.393  7.489  -30.920 0.5714285970
110313  27.223  7.069  -28.534 0.7142857313
109083  24.971  5.565  -29.436 0.5714285970
110315  25.729  6.631  -29.426 0.7142857313
110342  22.541  6.432  -31.668 0.4285714328
112633  25.448  8.391  -29.936 0.7142857313
112634  24.391  8.395  -30.181 0.7142857313
113797  25.557  9.219  -29.502 0.7142857313
112635  23.526  8.435  -30.661 0.5714285970
113798  24.574  9.336  -30.028 0.7142857313
110314  26.652  6.753  -28.612 0.5714285970
110329  24.945  6.636  -30.211 0.7142857313
112616  26.265  8.335  -29.337 0.8571428657
113781  26.224  8.983  -28.865 0.8571428657
113799  23.777  9.395  -30.574 0.5714285970
116086  23.638  11.587  -30.999 0.2857142985
112615  26.963  8.188  -28.977 0.7142857313
118243  24.545  12.510  -31.018 0.7142857313
114899  26.358  9.083  -29.428 0.7142857313
114930  25.027  10.212  -30.168 0.8571428657
118241  25.631  13.121  -30.477 0.8571428657
116071  25.301  11.181  -30.176 0.8571428657
117151  24.757  12.015  -30.661 0.5714285970
117150  25.613  12.129  -30.586 0.8571428657
118260  24.400  13.114  -31.549 0.7142857313
116070  26.298  11.365  -30.079 0.8571428657
117149  26.470  12.480  -30.323 0.8571428657
118259  24.999  13.501  -31.102 0.8571428657
118257  26.155  14.439  -30.618 0.8571428657
119273  24.718  14.411  -31.351 0.7142857313
123558  25.545  18.054  -31.762 0.7142857313
123574  25.092  18.342  -32.000 0.7142857313
124659  25.988  18.949  -32.723 0.5714285970
122493  24.366  18.307  -32.304 0.7142857313
124660  25.176  18.856  -32.470 0.7142857313
124675  25.455  19.413  -33.124 0.7142857313
125642  25.930  20.216  -33.625 0.8571428657
126549  25.214  20.659  -33.876 0.7142857313
124676  24.275  19.239  -32.811 0.7142857313
126571  23.792  21.175  -34.305 0.7142857313
127482  23.800  22.169  -35.652 0.7142857313
126572  23.247  20.856  -35.069 0.5714285970
127465  24.317  21.946  -34.842 0.7142857313
127466  23.539  21.496  -35.281 0.5714285970
127481  24.647  22.595  -35.427 0.4285714328
128404  23.457  22.398  -36.119 0.5714285970
127464  25.373  22.260  -34.793 0.5714285970
126585  22.717  20.842  -35.525 0.5714285970
128420  24.070  23.709  -36.715 0.5714285970
128421  23.301  22.784  -36.655 0.5714285970
127483  22.809  21.670  -36.214 0.4285714328
127484  21.964  21.152  -36.599 0.5714285970
126586  21.821  20.884  -35.843 0.4285714328
127514  21.906  22.828  -37.884 0.5714285970
127498  22.591  22.467  -37.325 0.5714285970
126599  20.738  20.787  -36.707 0.4285714328
125684  21.162  19.761  -35.121 0.4285714328
127515  21.073  22.392  -37.844 0.5714285970
127499  21.648  21.614  -37.183 0.5714285970
128433  20.556  23.371  -37.518 0.4285714328
109066  25.825  5.002  -28.688 0.5714285970
128443  20.643  23.499  -38.544 0.2857142985
127516  20.678  22.594  -37.774 0.4285714328
127501  20.383  22.194  -36.626 0.2857142985
95166  20.824  -5.612  -27.967 0.5714285970
93929  20.297  -6.377  -28.267 0.5714285970
99052  22.161  -3.041  -27.789 0.2857142985
97774  21.740  -3.676  -27.822 0.4285714328
99051  22.909  -2.809  -27.380 0.2857142985
99072  22.185  -2.335  -27.849 0.5714285970
96479  18.266  -4.336  -28.399 0.2857142985
99090  19.443  -2.415  -29.710 0.4285714328
100341  20.633  -1.382  -30.004 0.4285714328
100357  20.356  -0.689  -30.929 0.5714285970
99092  18.009  -2.347  -29.204 0.2857142985
99101  19.372  -1.630  -29.964 0.2857142985
102918  21.456  0.686  -30.684 0.5714285970
104112  26.995  1.437  -28.279 0.2857142985
105415  20.536  2.606  -31.970 0.2857142985
106657  22.327  3.670  -31.087 0.7142857313
114929  25.975  9.984  -29.469 0.8571428657
116072  24.285  11.314  -30.399 0.7142857313
121359  25.342  16.707  -31.297 0.7142857313
122477  25.044  17.584  -31.545 0.7142857313
126550  24.486  20.756  -33.904 0.7142857313
125682  22.854  20.356  -35.080 0.5714285970
126598  21.446  20.907  -36.627 0.2857142985
127463  26.354  22.492  -34.884 0.5714285970
128402  24.872  23.222  -36.011 0.5714285970
127480  25.682  22.793  -35.534 0.5714285970
127513  22.563  22.938  -37.754 0.5714285970
128441  22.237  23.533  -38.424 0.2857142985
97773  22.545  -3.686  -27.667 0.2857142985
105366  23.890  2.361  -29.216 0.5714285970
111481  26.048  7.586  -29.232 0.7142857313
125662  25.823  21.004  -34.001 0.8571428657
106637  24.321  3.479  -29.658 0.5714285970
97793  19.374  -3.710  -29.048 0.4285714328
95167  19.828  -5.409  -28.404 0.5714285970
96494  18.716  -3.838  -28.962 0.4285714328
99073  21.409  -2.602  -28.413 0.5714285970
93930  19.462  -6.169  -28.217 0.5714285970
99091  18.879  -2.474  -29.676 0.4285714328
100325  21.165  -1.428  -28.923 0.5714285970
99118  19.691  -1.270  -30.510 0.4285714328
102900  21.629  0.018  -30.228 0.5714285970
102899  22.050  0.596  -29.672 0.5714285970
104145  22.254  1.711  -29.901 0.7142857313
104179  20.645  1.805  -31.375 0.4285714328
102937  20.882  0.850  -31.391 0.4285714328
105383  22.936  2.703  -29.716 0.7142857313
105414  21.124  2.637  -31.603 0.2857142985
106656  22.982  3.941  -30.736 0.7142857313
107853  24.545  4.434  -29.374 0.7142857313
107864  24.082  4.406  -30.099 0.7142857313
110330  24.197  6.616  -30.694 0.7142857313
111498  24.322  7.484  -30.502 0.7142857313
111513  22.621  7.515  -31.860 0.2857142985
114931  24.268  10.490  -30.637 0.5714285970
114951  23.652  10.383  -31.322 0.2857142985
125643  24.674  19.936  -33.708 0.7142857313
126570  25.026  21.415  -34.215 0.8571428657
128431  23.131  23.394  -37.768 0.7142857313
127522  21.619  23.271  -38.446 0.5714285970
127500  20.748  21.690  -37.167 0.4285714328
99120  19.191  -0.992  -30.308 0.1428571492
100389  19.854  -0.548  -31.651 0.4285714328
90050  18.219  -9.419  -26.612 0.4285714328
97807  24.722  -3.855  -29.594 0.1428571492
99071  24.084  -3.626  -28.027 0.1428571492
99070  24.728  -3.172  -28.207 0.1428571492
102872  24.716  -0.185  -27.456 0.1428571492
102882  25.232  0.422  -27.444 0.1428571492
99049  25.053  -2.516  -27.718 0.1428571492
97788  24.983  -3.270  -29.096 0.1428571492
101631  25.829  -0.308  -27.512 0.1428571492
101616  24.825  -0.951  -27.352 0.1428571492
99048  25.441  -2.341  -27.882 0.1428571492
102881  26.501  0.255  -27.770 0.1428571492
105350  27.944  2.585  -28.619 0.2857142985
106624  28.478  3.715  -28.677 0.1428571492
133387  27.661  29.137  -38.925 0.1428571492
133388  26.919  29.376  -38.880 0.1428571492
133400  25.903  28.467  -40.599 0.1428571492
121360  23.922  17.086  -31.877 0.4285714328
132484  22.234  27.423  -39.646 0.2857142985
130358  23.304  24.966  -38.893 0.2857142985
129367  23.721  24.185  -37.898 0.2857142985
130357  24.428  25.770  -39.014 0.2857142985
121386  22.427  16.191  -34.481 0.1428571492
165793  22.985  18.596  -32.539 0.5714285970
130371  21.183  25.545  -39.774 0.2857142985
129353  24.594  24.637  -36.759 0.4285714328
121362  22.116  17.165  -32.964 0.4285714328
124691  22.800  19.698  -34.377 0.5714285970
129390  22.085  24.732  -39.098 0.2857142985
165797  21.889  18.394  -33.361 0.4285714328
124692  22.092  19.194  -34.336 0.2857142985
128452  20.776  24.100  -39.191 0.1428571492
129381  21.834  24.259  -38.782 0.1428571492
129391  21.440  24.638  -39.384 0.1428571492
121388  20.961  17.510  -34.439 0.1428571492
129382  20.516  24.612  -39.023 0.1428571492
131406  20.230  26.710  -38.996 0.1428571492
128406  20.370  23.398  -35.091 0.1428571492
129369  20.646  24.552  -38.066 0.1428571492
130360  20.540  25.684  -38.556 0.1428571492
129356  20.667  24.237  -37.217 0.1428571492
129355  21.233  24.904  -36.661 0.1428571492
130345  20.615  25.859  -37.535 0.1428571492
129342  21.435  25.541  -36.103 0.1428571492
91247  18.477  -8.970  -26.979 0.4285714328
92577  17.449  -6.779  -27.261 0.2857142985
96492  24.398  -4.619  -29.655 0.1428571492
100323  25.908  -1.932  -28.123 0.1428571492
120311  23.813  15.474  -31.850 0.2857142985
130341  25.046  25.662  -37.660 0.2857142985
131419  20.691  26.540  -39.766 0.2857142985
130369  23.331  26.036  -39.529 0.2857142985
131405  19.988  27.389  -38.472 0.2857142985
91267  16.892  -7.333  -26.989 0.2857142985
92572  23.449  -7.647  -27.464 0.1428571492
91260  23.128  -8.163  -26.886 0.1428571492
95162  24.988  -5.812  -29.129 0.1428571492
95182  25.244  -5.323  -29.485 0.1428571492
106613  27.478  3.308  -28.399 0.1428571492
119274  24.020  14.279  -32.354 0.4285714328
121387  21.599  16.308  -33.972 0.2857142985
125664  23.237  20.225  -34.520 0.5714285970
129352  25.584  24.935  -36.877 0.4285714328
131417  22.613  26.721  -39.896 0.2857142985
130368  23.889  26.429  -39.489 0.2857142985
132483  22.992  27.750  -40.161 0.2857142985
133403  23.610  28.442  -39.828 0.1428571492
133390  24.423  29.117  -39.310 0.1428571492
134289  25.132  29.059  -41.035 0.1428571492
131383  20.363  26.813  -37.462 0.2857142985
132486  20.377  27.345  -39.304 0.2857142985
133402  24.471  28.775  -40.380 0.1428571492
134276  25.572  29.794  -39.805 0.1428571492
132465  25.699  27.363  -39.238 0.1428571492
133401  25.151  28.454  -40.631 0.1428571492
107863  28.903  4.237  -29.737 0.2857142985
130340  25.781  25.676  -37.915 0.4285714328
133392  22.770  28.478  -39.239 0.2857142985
131414  24.992  27.010  -39.253 0.2857142985
132481  24.872  27.784  -39.738 0.1428571492
91265  18.697  -8.336  -27.379 0.4285714328
105351  27.227  2.502  -28.376 0.4285714328
128401  25.858  23.218  -36.236 0.4285714328
130328  24.662  25.177  -37.128 0.2857142985
130356  25.325  26.084  -38.425 0.2857142985
130329  24.394  24.829  -37.236 0.2857142985
127524  20.796  22.809  -38.250 0.4285714328
128442  21.257  23.807  -38.853 0.2857142985
120310  24.818  15.696  -31.203 0.5714285970
125644  23.256  19.580  -33.679 0.5714285970
125665  22.566  19.872  -34.785 0.5714285970
129379  23.250  24.137  -38.393 0.2857142985
129380  22.575  24.324  -38.693 0.2857142985
101615  25.646  -0.974  -27.635 0.1428571492
99087  25.632  -3.059  -29.407 0.1428571492
121361  22.809  16.131  -32.571 0.2857142985
131418  21.625  26.528  -40.016 0.2857142985
130370  22.251  25.465  -39.609 0.2857142985
130343  23.643  24.532  -38.314 0.2857142985
130342  24.130  25.008  -37.878 0.2857142985
165798  22.420  19.090  -33.346 0.5714285970
125666  22.020  19.727  -34.911 0.4285714328
91266  17.547  -7.867  -27.320 0.2857142985
102898  27.345  0.275  -28.998 0.1428571492
131416  23.445  27.014  -39.734 0.2857142985
132482  23.883  27.867  -39.876 0.2857142985
134277  24.851  29.524  -40.288 0.1428571492
113813  23.336  9.430  -31.381 0.2857142985
131380  22.070  27.438  -36.319 0.1428571492
132469  22.103  28.052  -38.924 0.1428571492
131379  23.452  27.229  -36.612 0.1428571492
131368  20.163  26.874  -34.854 0.1428571492
131365  22.637  27.067  -35.353 0.1428571492
132443  21.423  27.821  -36.941 0.1428571492
132455  21.638  28.068  -37.825 0.1428571492
131367  20.587  27.099  -35.633 0.1428571492
132432  20.631  27.537  -35.075 0.1428571492
132444  20.846  27.660  -36.846 0.1428571492
131356  21.951  27.360  -34.359 0.1428571492
131395  20.121  27.477  -37.744 0.1428571492
131366  21.331  27.389  -35.370 0.1428571492
131347  23.081  26.549  -33.073 0.1428571492
131355  23.153  26.765  -34.190 0.1428571492
132420  21.414  27.276  -33.615 0.1428571492
130303  23.513  26.516  -33.658 0.1428571492
101633  23.439  -0.357  -27.600 0.2857142985
132470  20.550  27.980  -38.557 0.1428571492
132454  22.746  28.050  -38.099 0.1428571492
132442  22.461  27.773  -37.197 0.1428571492
132441  23.295  27.699  -37.541 0.1428571492
131348  22.263  27.132  -33.330 0.1428571492
132412  21.713  27.189  -32.857 0.1428571492
101634  22.423  -0.504  -27.950 0.4285714328
92594  21.533  -7.331  -28.246 0.2857142985
93928  21.293  -6.540  -28.034 0.2857142985
91278  20.215  -7.609  -28.194 0.2857142985
125683  22.193  20.253  -35.187 0.4285714328
96475  22.510  -4.966  -27.819 0.2857142985
92596  19.800  -7.110  -28.061 0.4285714328
93927  22.393  -6.469  -28.691 0.1428571492
91276  21.289  -8.010  -28.222 0.1428571492
95165  21.987  -5.796  -27.770 0.2857142985
92595  20.634  -7.171  -28.170 0.2857142985
92575  19.161  -7.491  -27.648 0.2857142985
92576  18.345  -7.194  -27.459 0.2857142985
93909  19.014  -6.651  -27.741 0.2857142985
93931  18.893  -6.016  -27.940 0.2857142985
101688  20.767  -0.022  -31.256 0.2857142985
101702  20.481  0.139  -31.732 0.2857142985
102949  20.382  0.926  -31.535 0.2857142985
107878  21.341  4.160  -32.260 0.1428571492
111514  22.298  6.981  -32.225 0.1428571492
113823  22.567  9.524  -31.928 0.1428571492
116102  23.215  11.508  -31.807 0.1428571492
117175  23.705  12.282  -31.742 0.1428571492
118266  23.654  13.225  -32.606 0.1428571492
120324  22.771  15.137  -33.744 0.1428571492
121385  22.865  15.716  -34.653 0.1428571492
121377  22.662  15.775  -33.643 0.1428571492
126587  21.059  20.644  -36.041 0.1428571492
124704  20.593  19.053  -34.715 0.1428571492
126600  20.041  21.013  -36.546 0.1428571492
91248  17.832  -8.712  -26.822 0.2857142985
91264  19.798  -8.109  -27.892 0.1428571492
121378  22.052  16.129  -33.335 0.1428571492
90051  17.259  -9.368  -26.273 0.2857142985
100372  19.917  -0.780  -31.252 0.2857142985
100387  20.291  -0.236  -32.000 0.2857142985
101703  20.186  0.165  -31.837 0.2857142985
107894  21.421  4.838  -32.464 0.1428571492
111527  22.236  8.051  -32.425 0.1428571492
112646  22.943  8.492  -31.456 0.1428571492
114968  21.689  10.150  -32.839 0.1428571492
114966  22.891  10.317  -32.056 0.1428571492
114967  21.931  10.665  -32.396 0.1428571492
116103  22.619  11.545  -32.266 0.1428571492
120328  22.705  14.990  -34.677 0.1428571492
125685  19.906  19.770  -35.239 0.1428571492
125698  20.505  20.354  -35.849 0.1428571492
101704  19.814  0.101  -31.568 0.2857142985
109112  21.736  5.547  -32.377 0.1428571492
117164  24.012  12.208  -30.850 0.1428571492
100373  19.727  -0.592  -31.038 0.1428571492
120312  23.239  15.203  -32.869 0.1428571492
102950  20.032  0.959  -31.600 0.1428571492
117176  23.196  12.300  -32.410 0.1428571492
91229  16.421  -8.616  -26.154 0.1428571492
91249  16.692  -8.298  -26.541 0.1428571492
91250  15.785  -7.818  -26.240 0.1428571492
92557  16.246  -7.140  -26.684 0.1428571492
93910  18.157  -5.940  -27.617 0.1428571492
107875  28.718  4.425  -31.009 0.1428571492
123605  28.687  18.630  -35.745 0.1428571492
92578  16.711  -6.464  -27.004 0.1428571492
93911  17.104  -5.823  -27.325 0.1428571492
122508  28.921  17.624  -35.272 0.1428571492
124714  28.539  19.629  -36.276 0.1428571492
97794  17.972  -3.677  -28.648 0.1428571492
96458  18.009  -4.575  -28.096 0.1428571492
99102  18.934  -1.480  -29.883 0.1428571492
90034  16.510  -8.976  -25.943 0.1428571492
95151  17.399  -5.012  -27.666 0.1428571492
92574  21.884  -7.712  -28.172 0.1428571492
93948  23.977  -5.907  -29.435 0.2857142985
95150  18.095  -4.883  -27.880 0.1428571492
95183  24.571  -5.479  -29.655 0.1428571492
95185  22.958  -5.973  -29.289 0.2857142985
95201  25.109  -5.079  -30.050 0.1428571492
95202  24.811  -4.861  -30.095 0.1428571492
96455  23.167  -4.214  -28.101 0.2857142985
96456  22.841  -4.287  -27.904 0.2857142985
96459  17.733  -4.559  -28.009 0.1428571492
96473  24.019  -4.544  -29.081 0.2857142985
96509  24.831  -4.512  -30.092 0.1428571492
97789  24.279  -3.988  -28.821 0.1428571492
97806  25.262  -3.542  -29.803 0.1428571492
97821  24.928  -4.075  -30.038 0.1428571492
99119  19.473  -1.002  -30.560 0.4285714328
100303  25.937  -1.421  -27.938 0.1428571492
100304  25.439  -1.850  -27.706 0.1428571492
100358  20.087  -1.322  -30.528 0.4285714328
100371  20.333  -0.460  -31.726 0.2857142985
100374  19.367  -0.839  -30.545 0.1428571492
100388  20.022  -0.449  -31.967 0.2857142985
101632  24.189  -0.424  -27.464 0.1428571492
102871  25.260  -0.385  -27.446 0.1428571492
102917  21.890  1.175  -30.224 0.7142857313
104115  23.454  1.068  -28.241 0.7142857313
104127  24.953  2.409  -28.298 0.7142857313
104146  21.775  1.746  -30.521 0.7142857313
105381  24.372  2.997  -29.607 0.5714285970
106612  28.201  3.345  -28.600 0.1428571492
106623  28.650  3.219  -28.962 0.1428571492
107837  26.199  4.212  -28.510 0.8571428657
107850  28.744  3.959  -28.899 0.2857142985
109095  29.287  6.287  -30.384 0.5714285970
109111  22.304  5.519  -31.743 0.4285714328
110341  28.984  6.664  -32.126 0.2857142985
111479  27.891  8.004  -28.926 0.8571428657
112612  29.725  8.927  -29.717 0.5714285970
112632  29.631  8.182  -29.958 0.5714285970
112656  29.081  8.559  -32.946 0.1428571492
112670  29.107  9.343  -33.438 0.1428571492
113777  29.604  9.341  -29.858 0.7142857313
113795  28.992  9.985  -30.048 0.8571428657
113809  30.213  10.573  -32.087 0.5714285970
113811  28.861  10.309  -30.189 0.8571428657
113812  28.504  10.221  -30.070 0.8571428657
113821  29.939  10.748  -32.347 0.1428571492
113847  28.514  9.773  -34.491 0.1428571492
114898  27.424  10.006  -29.450 0.7142857313
114926  28.969  10.693  -30.175 0.8571428657
114927  28.123  10.678  -30.013 0.8571428657
114947  30.157  11.026  -32.099 0.1428571492
114964  29.896  11.006  -32.341 0.1428571492
114977  29.229  10.908  -33.167 0.1428571492
114980  21.427  10.754  -33.297 0.1428571492
116066  29.714  11.581  -31.083 0.8571428657
116084  29.886  11.241  -32.224 0.1428571492
116100  29.753  11.152  -32.405 0.1428571492
116113  29.266  11.753  -33.162 0.1428571492
116125  28.340  12.006  -34.015 0.1428571492
117145  29.625  11.987  -31.367 0.8571428657
117163  29.351  12.833  -31.445 0.8571428657
117187  29.239  12.577  -33.328 0.2857142985
118223  28.284  13.856  -29.941 0.8571428657
118224  28.215  14.048  -29.843 0.8571428657
118242  24.996  12.743  -30.905 0.7142857313
118256  28.915  13.387  -31.313 0.8571428657
118258  25.497  14.003  -30.777 0.8571428657
118264  29.657  12.920  -32.310 0.8571428657
118277  28.260  13.375  -33.820 0.1428571492
119232  28.386  13.824  -30.234 0.8571428657
119233  28.331  14.038  -30.084 0.8571428657
119251  28.130  14.348  -30.179 0.8571428657
120323  27.934  16.039  -31.574 0.8571428657
122492  24.667  17.887  -31.862 0.7142857313
122507  28.931  18.017  -35.318 0.1428571492
122511  28.793  18.051  -35.579 0.1428571492
123559  25.068  18.000  -31.751 0.7142857313
123570  28.327  18.013  -32.729 0.8571428657
123573  25.828  18.491  -32.241 0.5714285970
123587  27.089  19.054  -33.096 0.8571428657
123595  29.008  18.108  -35.168 0.1428571492
123604  28.883  18.263  -35.311 0.1428571492
125663  23.861  20.346  -33.981 0.7142857313
127467  23.114  21.192  -35.554 0.5714285970
127478  27.662  22.545  -36.005 0.7142857313
127523  21.140  23.001  -38.429 0.4285714328
128403  23.896  22.954  -35.934 0.5714285970
128418  26.122  23.864  -36.559 0.5714285970
128419  25.171  24.039  -36.315 0.5714285970
128429  27.522  23.343  -37.100 0.2857142985
128430  23.773  23.903  -37.442 0.5714285970
128432  22.505  23.126  -38.004 0.2857142985
128440  22.853  23.768  -38.409 0.2857142985
128451  21.031  24.248  -39.338 0.1428571492
129343  21.569  25.228  -35.889 0.1428571492
129354  21.308  25.476  -36.283 0.1428571492
129362  28.078  23.984  -37.829 0.1428571492
129366  24.145  24.367  -37.331 0.2857142985
129368  20.870  24.976  -37.363 0.1428571492
129388  28.622  25.103  -38.766 0.1428571492
129392  20.887  24.725  -39.436 0.1428571492
130306  20.338  26.621  -34.616 0.1428571492
130317  21.303  25.793  -36.012 0.1428571492
130319  20.412  26.487  -34.830 0.1428571492
130330  21.230  25.703  -36.214 0.1428571492
130332  20.524  26.523  -37.066 0.2857142985
130344  20.817  25.433  -36.989 0.1428571492
130352  28.374  25.277  -38.638 0.1428571492
130359  22.536  24.879  -39.065 0.2857142985
130366  28.535  25.275  -38.741 0.1428571492
130372  20.655  25.623  -39.349 0.1428571492
131340  22.316  26.694  -32.470 0.1428571492
131381  21.142  27.317  -36.382 0.1428571492
131396  20.179  26.697  -38.122 0.2857142985
131400  28.069  26.446  -38.918 0.1428571492
131404  24.956  26.451  -39.027 0.2857142985
131415  24.330  26.926  -39.442 0.2857142985
132413  21.613  27.070  -32.574 0.1428571492
132427  20.936  27.505  -34.517 0.1428571492
132433  20.327  27.337  -34.736 0.1428571492
132456  20.675  27.919  -37.387 0.1428571492
132466  25.276  27.208  -39.269 0.1428571492
132471  20.099  27.482  -38.893 0.2857142985
132478  27.525  27.898  -40.019 0.1428571492
132479  26.770  28.000  -39.878 0.1428571492
132480  25.774  27.992  -39.899 0.1428571492
132485  21.174  27.456  -39.576 0.2857142985
132492  27.169  28.422  -40.362 0.1428571492
133404  22.773  28.262  -39.672 0.2857142985
133410  25.386  28.837  -40.961 0.1428571492
133411  24.949  28.915  -40.947 0.1428571492
134273  27.836  29.425  -39.270 0.1428571492
134274  27.396  29.744  -39.385 0.1428571492
134283  25.572  29.502  -40.401 0.1428571492
134284  24.984  29.234  -40.808 0.1428571492
134288  25.496  29.141  -40.834 0.1428571492
