#!ascii label  , from subject _151 vox2ras=TkReg
286
111481  26.048  7.586  -29.232 0.0000000000
99072  22.185  -2.335  -27.849 0.0000000000
118243  24.545  12.510  -31.018 0.0000000000
128421  23.301  22.784  -36.655 0.0000000000
96477  20.284  -4.535  -28.342 0.0000000000
119270  27.663  14.872  -30.910 0.0000000000
123557  26.271  18.082  -31.911 0.0000000000
107876  22.646  4.627  -31.182 0.0000000000
105383  22.936  2.703  -29.716 0.0000000000
107852  25.272  4.421  -28.780 0.0000000000
113778  28.927  9.346  -29.590 0.0000000000
109096  28.993  5.685  -29.638 0.0000000000
113798  24.574  9.336  -30.028 0.0000000000
117147  28.398  12.628  -30.253 0.0000000000
125664  23.237  20.225  -34.520 0.0000000000
125661  26.694  20.916  -34.103 0.0000000000
102884  23.090  0.365  -28.028 0.0000000000
121359  25.342  16.707  -31.297 0.0000000000
123574  25.092  18.342  -32.000 0.0000000000
109098  24.615  6.091  -30.305 0.0000000000
109084  24.366  4.999  -29.813 0.0000000000
109082  26.247  5.737  -28.822 0.0000000000
99074  20.490  -2.832  -28.857 0.0000000000
116072  24.285  11.314  -30.399 0.0000000000
116070  26.298  11.365  -30.079 0.0000000000
117149  26.470  12.480  -30.323 0.0000000000
120322  28.423  15.631  -32.107 0.0000000000
119269  28.451  14.463  -31.448 0.0000000000
127499  21.648  21.614  -37.183 0.0000000000
125665  22.566  19.872  -34.785 0.0000000000
127466  23.539  21.496  -35.281 0.0000000000
129364  26.446  25.133  -37.711 0.0000000000
128417  26.918  23.494  -36.611 0.0000000000
127463  26.354  22.492  -34.884 0.0000000000
126584  27.547  22.328  -35.545 0.0000000000
125660  27.725  20.490  -34.212 0.0000000000
104128  24.498  2.088  -28.434 0.0000000000
104130  22.679  1.613  -28.819 0.0000000000
96478  19.277  -4.249  -28.732 0.0000000000
118240  26.516  13.934  -29.979 0.0000000000
119272  25.698  14.709  -31.341 0.0000000000
121357  27.447  16.617  -31.625 0.0000000000
122490  27.982  17.484  -32.302 0.0000000000
105400  21.748  2.720  -30.934 0.0000000000
106656  22.982  3.941  -30.736 0.0000000000
106637  24.321  3.479  -29.658 0.0000000000
106625  25.764  3.498  -28.486 0.0000000000
112615  26.963  8.188  -28.977 0.0000000000
110313  27.223  7.069  -28.534 0.0000000000
111495  29.147  7.477  -29.739 0.0000000000
111498  24.322  7.484  -30.502 0.0000000000
112635  23.526  8.435  -30.661 0.0000000000
112633  25.448  8.391  -29.936 0.0000000000
114899  26.358  9.083  -29.428 0.0000000000
114950  28.608  10.438  -30.110 0.0000000000
116085  29.858  11.522  -31.761 0.0000000000
118239  27.917  13.766  -29.688 0.0000000000
118255  29.501  13.065  -31.799 0.0000000000
165793  22.985  18.596  -32.539 0.0000000000
128420  24.070  23.709  -36.715 0.0000000000
127465  24.317  21.946  -34.842 0.0000000000
126549  25.214  20.659  -33.876 0.0000000000
124675  25.455  19.413  -33.124 0.0000000000
124674  26.526  19.364  -33.219 0.0000000000
124672  27.996  19.335  -33.475 0.0000000000
101652  21.586  -0.593  -29.666 0.0000000000
104145  22.254  1.711  -29.901 0.0000000000
109081  27.462  5.556  -28.340 0.0000000000
107835  27.667  3.934  -28.412 0.0000000000
121360  23.922  17.086  -31.877 0.0000000000
122493  24.366  18.307  -32.304 0.0000000000
110329  24.945  6.636  -30.211 0.0000000000
110315  25.729  6.631  -29.426 0.0000000000
93930  19.462  -6.169  -28.217 0.0000000000
93929  20.297  -6.377  -28.267 0.0000000000
99073  21.409  -2.602  -28.413 0.0000000000
117151  24.757  12.015  -30.661 0.0000000000
117150  25.613  12.129  -30.586 0.0000000000
121375  28.426  16.570  -32.713 0.0000000000
120327  28.713  15.598  -33.183 0.0000000000
127498  22.591  22.467  -37.325 0.0000000000
127484  21.964  21.152  -36.599 0.0000000000
126585  22.717  20.842  -35.525 0.0000000000
128404  23.457  22.398  -36.119 0.0000000000
127497  27.474  22.959  -36.477 0.0000000000
126583  28.028  21.707  -35.895 0.0000000000
104113  25.579  1.764  -27.643 0.0000000000
104114  24.417  1.267  -27.945 0.0000000000
99089  20.028  -2.355  -29.576 0.0000000000
119273  24.718  14.411  -31.351 0.0000000000
122476  25.963  17.451  -31.578 0.0000000000
121358  26.522  16.600  -31.512 0.0000000000
122475  27.054  17.532  -31.846 0.0000000000
122474  27.669  17.082  -31.875 0.0000000000
122491  27.450  17.977  -32.296 0.0000000000
127522  21.619  23.271  -38.446 0.0000000000
106657  22.327  3.670  -31.087 0.0000000000
107865  23.365  4.594  -30.600 0.0000000000
107853  24.545  4.434  -29.374 0.0000000000
106626  24.901  3.580  -28.926 0.0000000000
95166  20.824  -5.612  -27.967 0.0000000000
112614  27.965  8.455  -28.862 0.0000000000
111478  28.594  7.976  -29.144 0.0000000000
112613  28.928  8.526  -29.398 0.0000000000
110331  23.211  6.562  -30.968 0.0000000000
113799  23.777  9.395  -30.574 0.0000000000
112634  24.391  8.395  -30.181 0.0000000000
113797  25.557  9.219  -29.502 0.0000000000
113781  26.224  8.983  -28.865 0.0000000000
116069  27.272  11.690  -30.020 0.0000000000
114928  27.225  10.740  -29.539 0.0000000000
116068  28.216  11.693  -30.118 0.0000000000
114925  29.726  10.775  -30.867 0.0000000000
116067  29.149  11.675  -30.449 0.0000000000
119271  26.680  14.789  -30.936 0.0000000000
119252  27.414  14.566  -30.027 0.0000000000
118265  29.249  13.611  -32.278 0.0000000000
117174  29.560  12.347  -32.679 0.0000000000
124692  22.092  19.194  -34.336 0.0000000000
124691  22.800  19.698  -34.377 0.0000000000
165798  22.420  19.090  -33.346 0.0000000000
125644  23.256  19.580  -33.679 0.0000000000
129351  26.655  24.285  -37.003 0.0000000000
129365  25.751  25.408  -37.490 0.0000000000
128402  24.872  23.222  -36.011 0.0000000000
126569  26.136  21.700  -34.425 0.0000000000
125662  25.823  21.004  -34.001 0.0000000000
125643  24.674  19.936  -33.708 0.0000000000
125642  25.930  20.216  -33.625 0.0000000000
125641  26.990  20.122  -33.653 0.0000000000
125659  28.456  20.311  -34.772 0.0000000000
124690  27.799  19.779  -33.803 0.0000000000
124689  28.332  19.519  -34.214 0.0000000000
123585  28.424  18.526  -33.405 0.0000000000
100357  20.356  -0.689  -30.929 0.0000000000
105399  22.434  2.991  -30.538 0.0000000000
105384  22.219  2.394  -30.328 0.0000000000
104116  22.907  0.914  -28.401 0.0000000000
102885  22.587  0.453  -28.667 0.0000000000
101651  22.217  -0.249  -29.017 0.0000000000
110328  28.259  6.918  -29.006 0.0000000000
109097  28.194  5.912  -28.560 0.0000000000
120310  24.818  15.696  -31.203 0.0000000000
122477  25.044  17.584  -31.545 0.0000000000
123558  25.545  18.054  -31.762 0.0000000000
109100  22.915  5.567  -30.980 0.0000000000
109099  23.960  5.566  -30.350 0.0000000000
109083  24.971  5.565  -29.436 0.0000000000
109066  25.825  5.002  -28.688 0.0000000000
97791  20.801  -3.632  -28.253 0.0000000000
96476  21.436  -4.692  -27.686 0.0000000000
97774  21.740  -3.676  -27.822 0.0000000000
96457  22.211  -4.305  -27.676 0.0000000000
113794  29.644  9.781  -30.609 0.0000000000
112631  29.641  8.626  -30.628 0.0000000000
114931  24.268  10.490  -30.637 0.0000000000
114930  25.027  10.212  -30.168 0.0000000000
116071  25.301  11.181  -30.176 0.0000000000
117148  27.429  12.688  -30.069 0.0000000000
120307  28.008  15.374  -31.431 0.0000000000
119282  28.806  14.589  -32.682 0.0000000000
125682  22.854  20.356  -35.080 0.0000000000
126572  23.247  20.856  -35.069 0.0000000000
129350  27.171  23.854  -37.036 0.0000000000
128400  26.456  23.307  -36.354 0.0000000000
127480  25.682  22.793  -35.534 0.0000000000
127479  26.892  22.902  -35.728 0.0000000000
126568  27.331  21.865  -34.796 0.0000000000
126567  28.117  21.057  -34.989 0.0000000000
105366  23.890  2.361  -29.216 0.0000000000
105367  23.183  2.276  -28.954 0.0000000000
104129  23.678  1.809  -28.585 0.0000000000
95167  19.828  -5.409  -28.404 0.0000000000
97792  19.809  -3.448  -28.937 0.0000000000
99088  20.638  -2.092  -29.118 0.0000000000
118260  24.400  13.114  -31.549 0.0000000000
118241  25.631  13.121  -30.477 0.0000000000
118259  24.999  13.501  -31.102 0.0000000000
118257  26.155  14.439  -30.618 0.0000000000
120309  26.056  15.621  -31.580 0.0000000000
120308  27.209  15.672  -31.452 0.0000000000
121376  28.037  16.595  -31.979 0.0000000000
122489  28.475  17.462  -33.128 0.0000000000
127515  21.073  22.392  -37.844 0.0000000000
127514  21.906  22.828  -37.884 0.0000000000
127513  22.563  22.938  -37.754 0.0000000000
106639  22.908  3.354  -30.537 0.0000000000
107864  24.082  4.406  -30.099 0.0000000000
106638  23.642  3.532  -30.328 0.0000000000
105382  24.109  2.826  -29.832 0.0000000000
105365  24.530  2.810  -29.076 0.0000000000
105364  25.338  2.779  -28.403 0.0000000000
105352  26.306  2.587  -28.085 0.0000000000
110314  26.652  6.753  -28.612 0.0000000000
111480  27.015  7.713  -28.579 0.0000000000
111496  28.704  7.424  -29.084 0.0000000000
110327  28.933  6.780  -29.763 0.0000000000
111494  29.520  7.604  -30.641 0.0000000000
110326  29.371  6.887  -30.446 0.0000000000
109109  29.524  6.407  -30.831 0.0000000000
110330  24.197  6.616  -30.694 0.0000000000
111497  25.266  7.514  -30.101 0.0000000000
111499  23.393  7.489  -30.920 0.0000000000
112616  26.265  8.335  -29.337 0.0000000000
113780  26.881  8.821  -29.154 0.0000000000
113779  28.093  9.390  -29.176 0.0000000000
114929  25.975  9.984  -29.469 0.0000000000
114897  27.766  9.944  -29.970 0.0000000000
113796  28.358  9.880  -29.842 0.0000000000
114949  28.988  10.435  -30.217 0.0000000000
114948  30.132  10.921  -31.534 0.0000000000
119250  28.433  13.927  -30.603 0.0000000000
118238  28.491  13.416  -30.433 0.0000000000
117146  29.206  12.491  -30.977 0.0000000000
117162  29.604  12.340  -31.813 0.0000000000
128431  23.131  23.394  -37.768 0.0000000000
127482  23.800  22.169  -35.652 0.0000000000
126571  23.792  21.175  -34.305 0.0000000000
127464  25.373  22.260  -34.793 0.0000000000
126570  25.026  21.415  -34.215 0.0000000000
126550  24.486  20.756  -33.904 0.0000000000
124676  24.275  19.239  -32.811 0.0000000000
124660  25.176  18.856  -32.470 0.0000000000
124659  25.988  18.949  -32.723 0.0000000000
123572  26.847  18.483  -32.612 0.0000000000
125640  27.490  19.985  -33.760 0.0000000000
124673  27.369  19.512  -33.427 0.0000000000
123586  27.656  18.962  -32.985 0.0000000000
123571  27.881  18.339  -32.566 0.0000000000
100341  20.633  -1.382  -30.004 0.0000000000
100325  21.165  -1.428  -28.923 0.0000000000
102918  21.456  0.686  -30.684 0.0000000000
102899  22.050  0.596  -29.672 0.0000000000
102900  21.629  0.018  -30.228 0.0000000000
101635  21.789  -0.823  -28.707 0.0000000000
109065  26.685  4.885  -28.379 0.0000000000
109080  28.642  4.982  -28.662 0.0000000000
109064  27.412  4.570  -28.326 0.0000000000
107836  27.020  4.060  -28.385 0.0000000000
106614  26.675  3.374  -28.330 0.0000000000
101634  22.423  -0.504  -27.950 0.0000000000
102917  21.890  1.175  -30.224 0.0000000000
104115  23.454  1.068  -28.241 0.0000000000
104127  24.953  2.409  -28.298 0.0000000000
104146  21.775  1.746  -30.521 0.0000000000
105381  24.372  2.997  -29.607 0.0000000000
107837  26.199  4.212  -28.510 0.0000000000
109095  29.287  6.287  -30.384 0.0000000000
111479  27.891  8.004  -28.926 0.0000000000
112612  29.725  8.927  -29.717 0.0000000000
112632  29.631  8.182  -29.958 0.0000000000
113777  29.604  9.341  -29.858 0.0000000000
113795  28.992  9.985  -30.048 0.0000000000
113809  30.213  10.573  -32.087 0.0000000000
113811  28.861  10.309  -30.189 0.0000000000
113812  28.504  10.221  -30.070 0.0000000000
114898  27.424  10.006  -29.450 0.0000000000
114926  28.969  10.693  -30.175 0.0000000000
114927  28.123  10.678  -30.013 0.0000000000
116066  29.714  11.581  -31.083 0.0000000000
117145  29.625  11.987  -31.367 0.0000000000
117163  29.351  12.833  -31.445 0.0000000000
118223  28.284  13.856  -29.941 0.0000000000
118224  28.215  14.048  -29.843 0.0000000000
118242  24.996  12.743  -30.905 0.0000000000
118256  28.915  13.387  -31.313 0.0000000000
118258  25.497  14.003  -30.777 0.0000000000
118264  29.657  12.920  -32.310 0.0000000000
119232  28.386  13.824  -30.234 0.0000000000
119233  28.331  14.038  -30.084 0.0000000000
119251  28.130  14.348  -30.179 0.0000000000
120323  27.934  16.039  -31.574 0.0000000000
122492  24.667  17.887  -31.862 0.0000000000
123559  25.068  18.000  -31.751 0.0000000000
123570  28.327  18.013  -32.729 0.0000000000
123573  25.828  18.491  -32.241 0.0000000000
123587  27.089  19.054  -33.096 0.0000000000
125663  23.861  20.346  -33.981 0.0000000000
127467  23.114  21.192  -35.554 0.0000000000
127478  27.662  22.545  -36.005 0.0000000000
127481  24.647  22.595  -35.427 0.0000000000
128401  25.858  23.218  -36.236 0.0000000000
128403  23.896  22.954  -35.934 0.0000000000
128418  26.122  23.864  -36.559 0.0000000000
128419  25.171  24.039  -36.315 0.0000000000
128430  23.773  23.903  -37.442 0.0000000000
